10
Anolis           0.0000000 0.1416201 0.1519418 0.1926086 0.2042201 0.1918250 0.3879888 0.4543064 0.3691104 0.3325925 
Gallus           0.1416201 0.0000000 0.1339458 0.1524306 0.1331603 0.0555380 0.3941500 0.4604990 0.4214846 0.3774998 
Homo             0.1519418 0.1339458 0.0000000 0.0976259 0.1046267 0.1709228 0.3476765 0.4486949 0.3919716 0.3726697 
Monodelphis      0.1926086 0.1524306 0.0976259 0.0000000 0.1260590 0.1538690 0.3825308 0.4719389 0.4041433 0.3887457 
Ornithorhynchus  0.2042201 0.1331603 0.1046267 0.1260590 0.0000000 0.1284991 0.3581010 0.4256128 0.3927632 0.3755518 
Taeniopygia      0.1918250 0.0555380 0.1709228 0.1538690 0.1284991 0.0000000 0.4591551 0.4945166 0.5696650 0.4883781 
Xenopus          0.3879888 0.3941500 0.3476765 0.3825308 0.3581010 0.4591551 0.0000000 0.5765960 0.5274475 0.4812904 
alligator        0.4543064 0.4604990 0.4486949 0.4719389 0.4256128 0.4945166 0.5765960 0.0000000 0.5749488 0.5226137 
emys_orbicularis 0.3691104 0.4214846 0.3919716 0.4041433 0.3927632 0.5696650 0.5274475 0.5749488 0.0000000 0.0477827 
phrynops         0.3325925 0.3774998 0.3726697 0.3887457 0.3755518 0.4883781 0.4812904 0.5226137 0.0477827 0.0000000 
