101
Sabal_bermudana                   0.0000000 1.7796834 0.3179816 1.8324518 0.9949004 2.0292735 1.6828106 0.6999713 0.3269345 0.3959117 0.7320051 0.3314424 1.4066007 0.5614058 0.6801899 0.5869010 0.3220669 0.4514250 0.5636345 0.1597127 0.8147905 0.4087663 1.0031018 0.8827330 1.0495381 0.8807522 0.7837787 0.3386021 0.5941738 0.4525193 0.3353298 0.8512996 0.8450463 9.0000000 0.9266158 9.0000000 0.2770323 0.3876415 0.3806483 1.1528171 0.8221886 0.2898118 0.3665676 0.3526203 0.2159397 9.0000000 1.2595210 1.7726427 0.4939901 0.3882805 0.2409747 0.7879489 0.3556297 0.9219769 9.0000000 0.5870460 1.0344952 0.6147905 0.9958694 0.7697176 0.5284902 0.2941212 0.3123079 1.6767672 0.3518208 0.3602289 1.0579991 2.3287334 0.8027110 0.8967827 1.0042951 1.3087176 0.8793886 1.1336216 0.8809685 0.9248622 1.0261701 0.3753023 0.5590098 1.1809368 0.7630150 0.9643777 0.2409006 0.9371071 0.8032577 0.3906093 0.3235329 0.7151464 0.4536263 2.0165145 0.3039346 1.1457325 1.1133938 0.2228926 1.7299822 0.3746233 3.9239401 0.2591634 0.8540395 2.6902604 0.5739007 
Coleochaete_scutata               1.7796834 0.0000000 0.8696212 0.8651377 0.8882834 9.0000000 0.9255300 0.9707072 0.9393149 0.9130197 0.8540937 0.9963291 0.8284264 0.7436581 9.0000000 0.8637210 0.8368188 1.0294312 0.8183311 0.7691153 0.5491535 1.0602191 0.9623268 0.8615072 0.9219058 0.6310430 0.8911650 9.0000000 0.7664884 1.0706540 1.0119985 0.4934164 0.9019309 1.0849009 9.0000000 0.5279527 9.0000000 0.8627765 1.3784464 1.0321390 0.7613775 0.9345316 0.9919269 0.8259075 9.0000000 9.0000000 0.8909936 1.3752133 0.6528905 0.9148233 0.9441343 0.7696060 0.8444001 0.6653871 9.0000000 0.6707666 0.6113604 9.0000000 1.0202706 0.5633324 0.7642098 0.9710139 0.9709262 1.1346294 0.8253099 1.3518344 9.0000000 0.7408707 0.7447594 9.0000000 0.6664681 0.9514708 0.8085608 1.2672177 0.5960075 0.9452124 9.0000000 0.8273351 0.7862069 0.7069255 9.0000000 0.6713745 0.7974188 0.7035645 0.9606462 1.0304419 0.8737623 9.0000000 0.9783701 0.9530218 0.9096452 0.8997282 0.7684192 9.0000000 0.9451329 1.0057129 0.2845439 0.8120238 0.9849888 1.4450245 0.7600548 
Saruma_henryi                     0.3179816 0.8696212 0.0000000 0.7334646 0.6403755 2.3310219 1.0527383 0.6110230 0.2163571 0.3339292 0.4742392 0.2888544 1.2189086 0.4975909 0.6630955 0.3915881 0.2587823 0.3824828 0.4372424 0.2264465 0.6228538 0.2029600 0.7419326 0.7290068 0.6414090 0.6310876 0.5365920 0.2749236 0.4817566 0.4090887 0.2612325 1.0284100 0.6427140 0.9107744 0.6677336 0.8443092 0.4562004 0.3309063 0.2429471 0.7644156 0.7206407 0.4315953 0.3018157 0.2948072 0.3340777 0.2887018 0.6780024 1.5979535 0.4059304 0.3422865 0.2513007 0.6574678 0.3848211 0.6828213 0.2931777 0.4805623 1.0998416 0.5039709 0.6991397 0.9236250 0.3802310 0.1441922 0.2328881 1.4894197 0.3292699 0.2745270 0.2975415 0.9119145 0.9854908 1.0544869 1.0965087 0.8885232 0.7975445 1.1236608 0.5973148 0.8608832 0.8947036 0.3104283 0.4265733 1.0575266 0.8391080 0.6714861 0.1697970 0.9629271 0.6289987 0.2664903 0.1928358 0.1966488 0.3900930 0.7256324 0.4155054 0.9727938 0.7950689 0.6097110 0.7273552 0.2298490 1.6605433 0.2287037 0.6636602 2.1414971 0.4286051 
Anomodon_attenuatus               1.8324518 0.8651377 0.7334646 0.0000000 0.4824388 1.5441658 1.0816311 0.4246306 0.7489311 1.0066424 0.6406834 0.8458586 1.0793967 0.5767515 0.5153586 0.5545070 0.7863909 0.9560574 0.6698311 0.8329060 0.4274827 0.8241880 0.0879704 0.5353577 0.4421800 0.4430738 0.4477615 0.6701119 0.6482552 0.9405094 0.9331721 0.6996347 0.5560893 0.8897313 0.0821624 0.5912415 1.0972506 0.7539384 0.8063399 0.0098835 0.3191575 1.0209027 0.7941069 0.6988036 1.6540939 0.4247851 0.0566921 1.2120892 0.5106776 0.6368023 0.7866427 0.4636988 0.9102154 0.4372326 0.5669050 0.6503038 0.9345692 0.6431595 0.0170291 0.6311938 0.4642300 0.7571834 0.7532202 1.3396529 0.8354449 0.8422869 0.4588492 0.8856509 0.7539818 1.1037546 1.0319476 0.7645604 0.5365628 0.8020453 0.4743182 0.1380570 0.7207387 0.8147221 0.5838960 0.9332194 0.5877078 0.4819986 0.6509505 0.8197836 0.5453248 0.8950188 0.8209882 0.6357595 0.9176441 0.5220628 0.9464234 0.1360176 0.7742662 9.0000000 0.0919073 0.6582647 1.5190651 0.8452090 0.1967004 1.2325670 0.5361290 
Pseudolycopodiella_caroliniana    0.9949004 0.8882834 0.6403755 0.4824388 0.0000000 1.3141907 1.1569232 0.3863921 0.5917107 0.8367402 0.5706495 0.7471806 1.0681185 0.5527366 0.4454834 0.5305641 0.6948798 0.7702059 0.5832713 0.7168637 0.4704990 0.6972921 0.5291379 0.5330997 0.1134505 0.4858062 0.4197420 0.5822431 0.6219201 0.7571537 0.8036710 0.7386344 0.4962283 0.6792034 0.4409004 0.5849330 0.8379351 0.7027222 0.8872310 0.5423709 0.4580754 0.8974669 0.7148168 0.6194915 0.7519881 0.2732664 0.4844673 1.2956939 0.4348794 0.7844875 0.7039337 0.3827376 0.9631701 0.4800223 0.4660303 0.5186483 0.7781251 0.5752020 0.4809657 0.5690609 0.4648120 0.6439882 0.7334254 1.3831766 0.6078660 0.6980626 0.3225822 1.1755725 0.6382577 0.8509394 0.8057325 0.7674343 0.4874854 0.7891206 0.5245155 0.5119549 0.6899662 0.7445590 0.5111376 0.7970762 0.2462255 0.4791077 0.5549020 0.5954207 0.4228779 0.7514779 0.8159987 0.4469566 0.9865341 0.5402478 0.8068382 0.5741859 0.6815580 0.8782689 0.5927030 0.6533698 0.8848792 0.6066573 0.5341535 1.8685371 0.4731543 
Penium_margaritaceum              2.0292735 9.0000000 2.3310219 1.5441658 1.3141907 0.0000000 9.0000000 1.4012658 1.0844215 2.0557433 1.4479934 1.4669083 9.0000000 1.3244152 1.1779095 1.4015754 2.0172140 2.1069599 1.7905855 2.1000690 1.0685497 1.6665293 1.7420525 1.2680276 1.3255604 1.1039305 9.0000000 2.0218215 1.6935673 2.4350089 1.9657884 9.0000000 2.0208542 9.0000000 2.1130352 9.0000000 2.8324080 1.7672362 2.1635916 1.5441658 1.6574458 3.2822469 1.9136626 1.5099249 1.7891730 9.0000000 2.0259803 1.0068985 1.5290922 1.5552317 3.0152435 1.3228885 2.7597705 1.2864996 9.0000000 1.8882161 1.5602050 1.9703966 1.5441658 1.4259797 9.0000000 2.5684821 1.7879265 2.5159107 9.0000000 1.4279173 9.0000000 9.0000000 1.3456179 0.7094217 1.4897679 9.0000000 1.4259797 1.5664229 1.5431316 1.7763523 3.7452885 1.3422274 2.0270681 1.6698904 1.1741432 1.1705332 1.6209021 1.6601352 1.3976402 1.4203936 1.9011053 0.8680160 1.6252267 9.0000000 2.7199260 1.5441658 0.8174656 9.0000000 2.1478925 9.0000000 3.4414444 2.4757072 1.0907827 9.0000000 1.5862162 
Chlorokybus_atmophyticus          1.6828106 0.9255300 1.0527383 1.0816311 1.1569232 9.0000000 0.0000000 0.9516009 0.7861015 1.2340296 0.8415603 1.2006352 1.0321927 1.0478894 1.0143696 0.9461920 1.1686461 0.9793838 1.0917603 1.1654191 1.1472505 1.1599358 1.0055143 1.0505306 1.0798971 1.0753674 0.9812469 1.0484875 1.0902350 1.2709073 1.2198345 0.8761041 1.0674064 0.7947786 1.0000646 1.4187433 1.5055919 0.8930107 1.0508253 1.1684358 0.9767984 1.2492513 1.0112239 1.0140334 9.0000000 0.9623729 1.0724175 1.2116997 0.9420250 0.9521602 1.2795987 0.8958885 0.9518307 1.1419752 1.2138028 0.8675873 1.1818859 1.1157054 1.1075320 1.0657490 0.9015366 1.0310773 1.1517383 0.8913689 1.3591302 1.2772126 1.0272958 0.8656885 0.9583509 1.2283791 1.0468047 0.8468059 1.1021969 0.9524448 0.9454039 1.0669314 0.7401523 1.1864199 0.9863729 0.7606887 1.0344264 1.1867399 1.0478535 0.9300550 0.9400381 1.1611954 1.1006943 0.9029293 1.2361428 1.0335285 1.2966764 1.2672513 0.7224942 9.0000000 1.0096900 1.0478912 1.3996323 0.8817041 0.9903659 1.0976420 0.9774890 
Angiopteris_evecta                0.6999713 0.9707072 0.6110230 0.4246306 0.3863921 1.4012658 0.9516009 0.0000000 0.5953136 0.7156025 0.4445997 0.6552246 1.1962199 0.4816228 0.3162742 0.3933045 0.7109448 0.7611101 0.4684577 0.5702937 0.4620532 0.6032924 0.4758801 0.4831537 0.3479744 0.4267790 0.2565048 0.5641284 0.4836945 0.7483773 0.6588887 0.8148663 0.3061698 0.9495952 0.4154084 0.6390324 0.7695878 0.7272958 0.7000243 0.3928503 0.3767810 0.7583008 0.6488223 0.5343972 0.7131172 0.2877002 0.4260762 1.0264518 0.3439547 0.6801507 0.6527468 0.2510582 0.6937393 0.4485060 0.5923843 0.4161612 0.7123303 0.4695145 0.3847566 0.4805697 0.3495457 0.5704325 0.6560845 1.4117052 0.5525985 0.6692312 0.3152401 1.1090976 0.6793822 0.6937138 0.8645214 0.6990687 0.4145488 0.7097661 0.3975106 0.4469654 0.6820533 0.6245368 0.4093511 0.7055469 0.4830841 0.4149989 0.5926302 0.5539679 0.3383612 0.6160690 0.7135119 0.4964707 0.6921961 0.4876272 0.6746480 0.3985625 0.5777438 0.7502130 0.5241604 0.5926496 1.2726299 0.4765371 0.3959399 1.8715176 0.4032335 
Podophyllum_peltatum              0.3269345 0.9393149 0.2163571 0.7489311 0.5917107 1.0844215 0.7861015 0.5953136 0.0000000 0.3359444 0.5399756 0.3312032 1.1979336 0.5987384 0.6233432 0.4081887 0.2351081 0.2989494 0.5008851 0.2635521 0.7468437 0.2876502 0.8522153 0.7156545 0.5468876 0.6159778 0.5510633 0.3067675 0.5204322 0.3701136 0.2805147 1.0452369 0.6928850 0.9921527 0.6296076 0.9538790 0.4498050 0.3062384 0.2050521 0.6618272 0.7948871 0.4386777 0.2611521 0.3095523 0.3441906 0.2415361 0.7132088 1.4340167 0.4200988 0.3340085 0.3072534 0.6210356 0.4649161 0.6778996 0.2708943 0.4951691 0.9242792 0.5212758 0.7156316 0.8758613 0.3613467 0.2035991 0.2071198 1.6397265 0.2499994 0.2591647 0.2582818 1.0970941 0.8728064 0.9537798 1.0900157 0.8150153 0.7395762 1.0701930 0.6457849 0.9090574 0.7288190 0.2666157 0.4316108 0.9296683 0.8372374 0.5824445 0.2091060 0.7671777 0.5408403 0.2229237 0.2730457 0.1666905 0.3095060 0.7224441 0.4384968 0.6644790 0.7710269 0.4996445 0.9259331 0.2115077 1.4246722 0.2340458 0.6917013 1.4585804 0.4654811 
Larrea_tridentata                 0.3959117 0.9130197 0.3339292 1.0066424 0.8367402 2.0557433 1.2340296 0.7156025 0.3359444 0.0000000 0.5855794 0.4089936 1.3436124 0.6440418 0.7956916 0.5332699 0.2603710 0.4149729 0.6452082 0.3571158 0.8212643 0.3980790 0.9351710 0.9880635 0.9530553 0.8377822 0.6297147 0.5226638 0.6964059 0.4045168 0.3071094 0.9444475 0.7038177 0.9564091 0.9429740 0.6387578 0.5985586 0.3813926 0.2700759 0.9222429 0.8276655 0.5304507 0.2598332 0.4026978 0.4757436 9.0000000 0.9501363 1.6630559 0.6292847 0.3773312 0.3990565 0.8272326 0.4478343 0.8693253 9.0000000 0.6921032 1.3253309 0.7757856 0.9039581 1.0048840 0.6044198 0.3236291 0.3741266 1.7127395 0.3130329 0.3222641 0.3414023 0.9080459 1.0941937 1.0002882 1.1346309 0.8781176 1.0110392 1.1629054 0.8041826 0.9293275 1.0350821 0.3280436 0.6956591 1.1097027 1.0863376 0.9280299 0.3111764 1.0167561 0.8942536 0.2935453 0.3493399 0.4459095 0.3710474 1.0630506 0.5323835 1.2683205 0.9520304 0.5631036 0.9431280 0.2429842 1.5448986 0.3967166 0.8804940 1.6920606 0.6767276 
Ephedra_sinica                    0.7320051 0.8540937 0.4742392 0.6406834 0.5706495 1.4479934 0.8415603 0.4445997 0.5399756 0.5855794 0.0000000 0.6013597 0.9535991 0.3209182 0.5512476 0.2286670 0.5778874 0.5650733 0.3164372 0.4975937 0.5656774 0.6174094 0.6197720 0.5596986 0.5537306 0.6329458 0.4657917 0.5384615 0.3841674 0.6910435 0.5689680 0.7403060 0.5507854 0.6266024 0.6048734 0.6442866 0.6301088 0.5466838 0.5406512 0.6759710 0.6479071 0.5916753 0.5472641 0.4089121 0.9995572 0.1218430 0.6286068 1.2684639 0.2308040 0.5814135 0.4843182 0.4919900 0.6070916 0.6077298 0.3561649 0.2968600 0.7996395 0.2241445 0.6493281 0.5975953 0.2258365 0.4881181 0.5486420 1.2851143 0.5424579 0.6408364 0.1651216 0.8232960 0.7930475 0.8023959 0.8948690 0.7533057 0.6159175 0.8681481 0.5177723 0.6712100 0.5713077 0.5531028 0.2640993 0.9323404 0.7162333 0.6196792 0.4765334 0.7547971 0.5311323 0.5634199 0.6017259 0.3346427 0.6769548 0.5583734 0.6082298 0.7863893 0.6802444 9.0000000 0.5880917 0.4947604 0.7874924 0.4338396 0.5481098 1.3685337 0.2785610 
Acorus_americanus                 0.3314424 0.9963291 0.2888544 0.8458586 0.7471806 1.4669083 1.2006352 0.6552246 0.3312032 0.4089936 0.6013597 0.0000000 1.4021258 0.6257150 0.7627718 0.4694233 0.3063183 0.4017726 0.5975538 0.2817875 0.7434015 0.2988199 0.8481854 0.8541184 0.7512545 0.7349698 0.5881432 0.3603503 0.6321968 0.4201783 0.3292786 1.1875338 0.7149884 0.7902979 0.7008869 0.8608993 0.5080750 0.3664491 0.2856238 0.8237430 0.8124100 0.4718714 0.3368831 0.3461134 0.4455185 0.3022830 0.8099522 1.4628445 0.4946082 0.3827786 0.3337928 0.6044841 0.4345620 0.7465826 0.3902782 0.5742104 1.1055615 0.5858240 0.8003264 0.9686267 0.4191952 0.2423164 0.3068141 1.5521030 0.4026318 0.3292375 0.2910158 1.1676610 0.9059080 0.8084761 0.9938332 0.7749884 0.8583235 1.2375033 0.7395511 0.8433969 0.7423484 0.3403818 0.5146877 1.0328046 0.8688819 0.7466750 0.2765230 0.9736280 0.6840581 0.3370447 0.2739640 0.3288229 0.4191698 0.8360091 0.4662016 0.9902617 0.8040505 0.6247011 0.8233857 0.3143746 1.6962113 0.3154977 0.8393395 2.2562993 0.5050622 
Nephroselmis_pyriformis           1.4066007 0.8284264 1.2189086 1.0793967 1.0681185 9.0000000 1.0321927 1.1962199 1.1979336 1.3436124 0.9535991 1.4021258 0.0000000 1.1272478 1.2614398 1.1865293 1.3110077 1.2119102 1.3690696 1.3578213 1.0706695 1.2779951 1.0453589 1.0808431 1.0013121 1.0768146 1.2405668 1.2554823 1.2756392 1.3001222 1.4380422 0.8633347 1.2857699 1.2269823 1.2068257 1.2491964 1.1050964 1.0256863 1.1968429 1.1091628 1.2897556 1.1587917 1.1402438 1.2715336 1.2401440 1.1783249 1.0969768 1.3209776 1.3589373 1.2928312 1.1982182 1.1210999 1.1010616 1.1047524 1.1748810 1.2510401 1.1178996 1.5577447 1.0011191 0.8506973 1.1401221 1.2918153 1.1851243 1.4383278 1.0572306 1.2551675 1.1810575 1.0391624 1.2048493 1.1240855 1.3009775 1.3170275 0.9122697 1.2795201 0.9133822 0.9261202 1.0908103 1.2846537 1.2464121 0.9220787 0.8175026 0.9955997 1.1782773 1.0770957 1.0922370 1.2472237 1.4514433 0.9722809 1.2039777 1.1907863 1.1599246 1.0974873 1.2611824 1.3740881 1.1764863 1.1930798 1.0299350 1.3230740 1.0753509 1.1374408 1.2457735 
Prumnopitys_andina                0.5614058 0.7436581 0.4975909 0.5767515 0.5527366 1.3244152 1.0478894 0.4816228 0.5987384 0.6440418 0.3209182 0.6257150 1.1272478 0.0000000 0.6847989 0.2391152 0.6827885 0.6660975 0.2056133 0.5318396 0.4705025 0.5927834 0.6079296 0.6352578 0.4986537 0.5215327 0.4674127 0.5080223 0.1973790 0.7789144 0.5328132 0.8330554 0.4827956 0.7575249 0.5474339 0.5178759 0.8304722 0.6975714 0.6202219 0.6288528 0.4925560 0.7731986 0.6158711 0.4634300 0.5830773 9.0000000 0.5618735 1.2025046 0.1652827 0.6413879 0.5088755 0.5613437 0.5900092 0.5341591 9.0000000 0.2190772 1.1297570 0.3602833 0.5911784 0.7068892 0.2819298 0.4833633 0.5564879 1.4814107 0.6870522 0.6560936 0.0689963 0.6873144 0.8616013 1.0394018 1.1025481 0.7355439 0.6961349 0.8773258 0.5005582 0.7031415 0.9855637 0.6274766 0.2478283 0.8731385 0.5991352 0.5344682 0.4974181 0.9112396 0.5551339 0.6648908 0.5605446 0.6671066 0.6736757 0.6718382 0.7618909 0.9591164 0.7297722 0.6913207 0.5897640 0.4951355 1.2802333 0.4713205 0.5697458 1.6915525 0.2179636 
Pteridium_aquilinum               0.6801899 9.0000000 0.6630955 0.5153586 0.4454834 1.1779095 1.0143696 0.3162742 0.6233432 0.7956916 0.5512476 0.7627718 1.2614398 0.6847989 0.0000000 0.4825847 0.6914630 0.8092906 0.5665641 0.6936212 0.4876647 0.6863486 0.4249010 0.5977859 0.4388654 0.4257091 0.3758385 0.6715260 0.7689869 0.7798022 0.7398452 0.6811208 0.4659364 0.7719308 0.5121730 0.8038897 0.8410362 0.6583483 0.7287815 0.4683859 0.5027891 0.8514528 0.6914644 0.6117089 0.8100228 0.3857494 0.4717323 0.7177991 0.5170345 0.6717237 0.7196799 0.1048467 0.9344037 0.4442696 0.5545290 0.6196598 0.7373814 0.6222334 0.4195449 0.5577659 0.4777942 0.7276558 0.6768462 1.5817675 0.6370172 0.5908111 0.4424193 1.2396263 0.6723241 0.7743286 0.8878838 0.7916161 0.4938364 0.8047435 0.5519706 0.3838444 0.8333918 0.6874032 0.5974812 0.7580490 0.4816976 0.4975320 0.6353981 0.6286498 0.4065788 0.5715626 0.9205414 0.5388460 0.7734315 0.6085270 0.8048388 0.4379198 0.7196918 0.8630733 0.5603400 0.5250548 2.8028616 0.5759924 0.3591657 9.0000000 0.5507288 
Ginkgo_biloba                     0.5869010 0.8637210 0.3915881 0.5545070 0.5305641 1.4015754 0.9461920 0.3933045 0.4081887 0.5332699 0.2286670 0.4694233 1.1865293 0.2391152 0.4825847 0.0000000 0.4282418 0.5439797 0.1907733 0.4182422 0.5037765 0.4624247 0.6217626 0.5345696 0.4931406 0.5409060 0.3412017 0.3027993 0.2097376 0.5319791 0.4560815 0.8920927 0.4670939 0.7276472 0.4695368 0.5389812 0.5647438 0.4576226 0.4591045 0.5484146 0.5070278 0.5488443 0.4306305 0.3286180 0.6328395 0.0495121 0.5348209 1.2756785 0.1224039 0.4730103 0.4213073 0.4627810 0.5045157 0.5412268 0.3578714 0.1742765 0.6956418 0.2218888 0.5335965 0.6013399 0.0920584 0.4434101 0.4982542 1.2400623 0.4857382 0.4836169 0.0612273 0.9028632 0.7010606 0.8069851 0.7890183 0.7291747 0.5028710 0.7869036 0.5123951 0.6255080 0.5874038 0.4338241 0.1250313 0.9542829 0.6784391 0.5266480 0.3289768 0.6154785 0.4500909 0.4308743 0.4696159 0.2900507 0.5783980 0.5247947 0.5825857 0.5156127 0.6249143 9.0000000 0.6089434 0.3964654 0.7318374 0.3056129 0.5568247 1.7993083 0.1212097 
Boehmeria_nivea                   0.3220669 0.8368188 0.2587823 0.7863909 0.6948798 2.0172140 1.1686461 0.7109448 0.2351081 0.2603710 0.5778874 0.3063183 1.3110077 0.6827885 0.6914630 0.4282418 0.0000000 0.3571620 0.6162814 0.2599726 0.7731780 0.3068143 0.8596505 0.7951953 0.7327520 0.7608376 0.6373307 0.3602964 0.6324588 0.3378562 0.2340960 0.9982768 0.7037275 0.8363152 0.6850273 1.0097584 0.5144121 0.2884797 0.1964627 0.8019407 0.8354910 0.4852371 0.2221479 0.3293426 0.4030681 0.3049307 0.7651102 1.8244814 0.5721255 0.3238895 0.3461587 0.6239005 0.3971403 0.7675616 0.2263081 0.5814557 1.1410591 0.6237321 0.7665725 0.9378896 0.4359894 0.2349658 0.2749410 1.4654497 0.2574786 0.2549049 0.3115200 1.0439462 1.0570545 1.0756397 0.9559058 0.8455745 0.8222086 1.1262307 0.7271548 0.9972568 0.8637146 0.2449304 0.5387184 0.9806418 1.0105534 0.7369895 0.2668715 0.9051473 0.6777726 0.2184361 0.2652515 0.2159616 0.3495497 0.7908496 0.4655900 0.9759644 0.8899873 0.6067157 0.7987734 0.2054156 1.4598923 0.2896808 0.8228284 1.8960101 0.5331875 
Kochia_scoparia                   0.4514250 1.0294312 0.3824828 0.9560574 0.7702059 2.1069599 0.9793838 0.7611101 0.2989494 0.4149729 0.5650733 0.4017726 1.2119102 0.6660975 0.8092906 0.5439797 0.3571620 0.0000000 0.6521549 0.4025500 0.7885983 0.3620476 1.0036043 0.8770377 0.8119398 0.7345897 0.6184671 0.4517263 0.7594439 0.4766772 0.3628409 1.0042991 0.7429870 0.9471498 0.9078481 0.8645129 0.6201100 0.3868665 0.2692596 0.9666242 0.8776969 0.6028770 0.3770689 0.3949576 0.4678043 0.4039045 0.9891435 1.4803824 0.5733238 0.4525903 0.4705357 0.7707431 0.5410178 0.8064745 0.3711608 0.6801894 1.1275375 0.5941441 0.9388144 1.0132963 0.5780370 0.3465670 0.3699327 1.5668235 0.3053521 0.3367649 0.3605749 1.1127563 0.9500179 0.9533721 1.1295416 0.8699699 0.8881874 1.2247974 0.8371080 1.1389156 0.7772359 0.3421112 0.6297054 1.0564891 1.0675514 0.7830164 0.3249616 0.8559070 0.6733752 0.2947469 0.3764769 0.3153368 0.4017275 0.9526434 0.5650344 0.9276007 0.9020990 0.5052442 1.0455892 0.3339057 1.6505906 0.4037100 0.9576992 2.1323651 0.6643323 
Taxus_baccata                     0.5636345 0.8183311 0.4372424 0.6698311 0.5832713 1.7905855 1.0917603 0.4684577 0.5008851 0.6452082 0.3164372 0.5975538 1.3690696 0.2056133 0.5665641 0.1907733 0.6162814 0.6521549 0.0000000 0.5019986 0.5538136 0.5313157 0.6974067 0.6556863 0.5870302 0.5316057 0.4189082 0.4851678 0.1112064 0.6913382 0.5307610 0.9048558 0.4891438 0.8454134 0.5898253 0.6249028 0.7751667 0.5957673 0.5913006 0.7115771 0.5341276 0.7259641 0.5817219 0.4337307 0.6309129 0.1293439 0.6165064 1.2289307 0.1075776 0.6071868 0.4928117 0.5125439 0.5927079 0.5807108 0.4209811 0.0934502 1.0373583 0.3366174 0.6553283 0.7524745 0.2149761 0.4835998 0.5732999 1.5239280 0.5968760 0.6119090 0.1324746 1.0340240 0.8308373 0.9104317 1.1554735 0.7950287 0.7088243 1.0049219 0.5844655 0.7350643 0.7898303 0.5709305 0.2230147 1.1789745 0.7074176 0.5787085 0.4696365 0.6761243 0.5348629 0.5892390 0.5370435 0.4039057 0.6350491 0.6751602 0.6997538 0.8611030 0.7652009 0.7903726 0.6940618 0.4885546 0.9440833 0.3708504 0.6082779 1.8974209 0.1928166 
Smilax_bona-nox                   0.1597127 0.7691153 0.2264465 0.8329060 0.7168637 2.1000690 1.1654191 0.5702937 0.2635521 0.3571158 0.4975937 0.2817875 1.3578213 0.5318396 0.6936212 0.4182422 0.2599726 0.4025500 0.5019986 0.0000000 0.6754358 0.3527007 0.8856495 0.8331741 0.7210138 0.7666403 0.4767654 0.3226057 0.5154241 0.4505555 0.3157635 0.8396098 0.6147696 0.8651177 0.8409663 0.7950093 0.3735406 0.3643522 0.2744486 0.8157989 0.6819921 0.3372306 0.2841817 0.3364807 0.1907314 0.3483802 0.8553490 1.3749387 0.4402162 0.3461706 0.1995573 0.6826990 0.2628997 0.7488202 0.3067182 0.4751036 1.1148520 0.5611473 0.8445533 1.0023742 0.4460500 0.2043518 0.2798688 1.3200961 0.3426523 0.3365822 0.3985277 0.9864375 0.9788246 1.0782859 1.0082837 0.8785524 0.8774037 1.2246894 0.7197937 0.8164988 0.7865059 0.3062544 0.4678526 1.0458010 0.9296595 0.7710191 0.2336934 0.8657897 0.7838074 0.3296617 0.2716645 0.2574154 0.3691330 0.8247902 0.3281015 0.9766936 0.9179800 0.1285229 0.8989926 0.3032996 1.6167872 0.3028769 0.8009759 1.9586956 0.4840505 
Ricciocarpos_natans               0.8147905 0.5491535 0.6228538 0.4274827 0.4704990 1.0685497 1.1472505 0.4620532 0.7468437 0.8212643 0.5656774 0.7434015 1.0706695 0.4705025 0.4876647 0.5037765 0.7731780 0.7885983 0.5538136 0.6754358 0.0000000 0.6840721 0.4932961 0.5531353 0.4348462 0.1343728 0.5078654 0.6365644 0.5833939 0.8399580 0.7835541 0.7632231 0.5292525 0.6833433 0.3693212 0.3699431 0.7736976 0.7720731 0.7451609 0.4611571 0.3736651 0.8279041 0.7884450 0.5945809 0.7833860 0.3871147 0.4319664 1.3689839 0.4100378 0.8630379 0.6710825 0.4979862 0.7821107 0.0982950 0.4969000 0.5217967 0.7486410 0.5413231 0.4056209 0.4452274 0.4867659 0.6565059 0.7334023 1.3217391 0.5827351 0.7170221 0.3833172 0.9319423 0.6839989 0.7734664 0.8439888 0.6796667 0.4513000 0.7724156 0.2630180 0.5350246 0.7178790 0.6985988 0.5048567 0.7214047 0.4999238 0.0918290 0.6460731 0.5719919 0.5861921 0.6916539 0.7703913 0.5540302 0.7384243 0.6225676 0.7556440 0.5413580 0.5911264 0.7520804 0.5325479 0.7856576 0.7678684 0.5938666 0.4024537 1.7215902 0.4647065 
Houttuynia_cordata                0.4087663 1.0602191 0.2029600 0.8241880 0.6972921 1.6665293 1.1599358 0.6032924 0.2876502 0.3980790 0.6174094 0.2988199 1.2779951 0.5927834 0.6863486 0.4624247 0.3068143 0.3620476 0.5313157 0.3527007 0.6840721 0.0000000 0.8870421 0.7619766 0.6963252 0.7337426 0.5307290 0.3471184 0.5854253 0.4373881 0.3580900 0.9582737 0.6074390 0.9426873 0.7372136 1.0744249 0.5042473 0.4111793 0.3166582 0.8311102 0.8142297 0.4984580 0.3582358 0.3361478 0.4209374 0.3449071 0.8330062 1.6520864 0.4791279 0.4254413 0.3129588 0.7067848 0.4398214 0.7265956 0.3447519 0.5586357 0.9995327 0.5438288 0.7953988 0.9298954 0.4533763 0.2459609 0.3520442 1.3742406 0.4028142 0.3588014 0.3162068 1.0630152 0.9902510 0.9622921 1.0873583 0.8732515 0.7664030 1.2050807 0.7347823 0.8852296 0.7829071 0.3547833 0.4771698 1.0610721 0.8969543 0.7260785 0.2704354 0.8873182 0.6388060 0.3424848 0.2947642 0.2672163 0.4466863 0.7541781 0.4959148 0.8168583 0.8480816 0.3933509 0.9433347 0.2627262 1.6569484 0.2904504 0.7969078 2.2853859 0.4920261 
Bryum_argenteum                   1.0031018 0.9623268 0.7419326 0.0879704 0.5291379 1.7420525 1.0055143 0.4758801 0.8522153 0.9351710 0.6197720 0.8481854 1.0453589 0.6079296 0.4249010 0.6217626 0.8596505 1.0036043 0.6974067 0.8856495 0.4932961 0.8870421 0.0000000 0.4878916 0.4797322 0.4821668 0.4548044 0.7932912 0.7036972 0.9798735 0.8469461 0.6672312 0.5517319 0.8445057 0.0953130 0.7514922 0.9877911 0.9256965 0.8533956 0.1212558 0.3783791 1.0113377 0.9110201 0.7230999 1.0799792 0.3858266 0.0965296 1.7205366 0.5316565 0.8731827 0.8112982 0.4728937 0.9934252 0.4693406 0.5157171 0.7106156 0.9571864 0.6623823 0.0951702 0.6178558 0.5147696 0.7815711 0.7901328 1.5360899 0.8023699 0.8530138 0.4448272 0.8327345 0.7627256 0.8568261 0.9919461 0.7045419 0.5901060 0.8061510 0.5290377 0.1926425 0.7502702 0.8450386 0.6204344 0.9014925 0.5477014 0.4459290 0.7222035 0.7794856 0.5240766 0.8706577 0.8182207 0.7243096 0.9211617 0.5080634 0.9399958 0.2483620 0.7831035 0.9622745 0.0202738 0.7381606 2.0356596 0.8436829 0.2044582 1.5536184 0.5701500 
Selaginella_moellendorffii_genome 0.8827330 0.8615072 0.7290068 0.5353577 0.5330997 1.2680276 1.0505306 0.4831537 0.7156545 0.9880635 0.5596986 0.8541184 1.0808431 0.6352578 0.5977859 0.5345696 0.7951953 0.8770377 0.6556863 0.8331741 0.5531353 0.7619766 0.4878916 0.0000000 0.4314858 0.5485513 0.5549487 0.7245204 0.7003668 0.7927062 0.8026469 0.6983067 0.6287593 0.7401760 0.4597300 0.7576728 0.8259211 0.7735347 0.8982376 0.5262119 0.5724288 0.8477160 0.7316707 0.7533591 0.8970630 0.4766726 0.4673144 1.4566810 0.5540890 0.8168043 0.7661745 0.5516188 0.9593932 0.5357290 0.6520377 0.6499420 1.0188897 0.6718649 0.5053172 0.7126656 0.5332625 0.7437616 0.8400687 1.4055893 0.7548884 0.8664800 0.5027018 0.9038446 0.8329392 0.8649523 0.9169148 0.7566065 0.6433725 0.7579589 0.5434620 0.5259142 0.7103058 0.8065120 0.5486782 0.8098386 0.4887239 0.5089492 0.7696699 0.7527796 0.4775277 0.7747693 0.9064387 0.5748668 0.8799212 0.0052214 0.8676976 0.6378205 0.7431550 0.7820270 0.5344124 0.7565854 1.7441814 0.7660099 0.4974383 1.5843065 0.5674390 
Dendrolycopodium_obscurum         1.0495381 0.9219058 0.6414090 0.4421800 0.1134505 1.3255604 1.0798971 0.3479744 0.5468876 0.9530553 0.5537306 0.7512545 1.0013121 0.4986537 0.4388654 0.4931406 0.7327520 0.8119398 0.5870302 0.7210138 0.4348462 0.6963252 0.4797322 0.4314858 0.0000000 0.4497635 0.3454748 0.6119672 0.6033513 0.8033125 0.7997992 0.5986238 0.4584799 0.5651780 0.4009259 0.6412517 0.8754688 0.7515060 0.8478280 0.4830811 0.4044544 0.8952481 0.6962783 0.5872025 0.8470243 0.2983408 0.4365309 0.8195865 0.4489992 0.8263979 0.6981035 0.3602206 0.9705913 0.4511006 0.5033373 0.4851920 0.9850505 0.5568007 0.4490430 0.5254899 0.4199134 0.6372712 0.7167935 1.1981811 0.7193361 0.7093822 0.3438785 0.9984181 0.6656215 0.8310063 0.9690546 0.6785410 0.4464169 0.7839922 0.4889682 0.5852976 0.6697377 0.7308875 0.4799165 0.7027340 0.1836764 0.4457856 0.5706229 0.6257507 0.4314918 0.7893946 0.8112719 0.4274454 0.9077512 0.4032546 0.8178911 0.6022096 0.6843098 0.7602429 0.4958429 0.6095726 1.6449862 0.6312431 0.4442702 2.0527764 0.4863521 
Sphaerocarpos_texanus             0.8807522 0.6310430 0.6310876 0.4430738 0.4858062 1.1039305 1.0753674 0.4267790 0.6159778 0.8377822 0.6329458 0.7349698 1.0768146 0.5215327 0.4257091 0.5409060 0.7608376 0.7345897 0.5316057 0.7666403 0.1343728 0.7337426 0.4821668 0.5485513 0.4497635 0.0000000 0.4961808 0.6364552 0.5586845 0.8278722 0.7486371 0.5981986 0.5107190 0.7183585 0.3619018 0.4103175 0.8769667 0.6978177 0.7906169 0.4151388 0.3786793 0.8778895 0.7341155 0.5823423 0.6378271 0.4134393 0.4244780 1.3588767 0.4364795 0.7590832 0.6731210 0.4513630 0.6750500 0.1425130 0.5688685 0.5320158 0.9374895 0.5824924 0.4314472 0.4773527 0.4895084 0.6639819 0.7054534 1.1896761 0.7213773 0.7454145 0.4253042 1.0336247 0.7466033 0.7747408 0.8847180 0.7210586 0.4507779 0.7893593 0.3305177 0.5141467 0.6139779 0.7017585 0.5734559 0.7800610 0.4348141 0.1286341 0.6010478 0.6167185 0.5203211 0.7440863 0.7173902 0.5509779 0.8260868 0.5681619 0.8045382 0.5511682 0.6021371 0.4550501 0.5409608 0.7320698 1.4042556 0.6633073 0.4465449 1.6613148 0.5088885 
Psilotum_nudum                    0.7837787 0.8911650 0.5365920 0.4477615 0.4197420 9.0000000 0.9812469 0.2565048 0.5510633 0.6297147 0.4657917 0.5881432 1.2405668 0.4674127 0.3758385 0.3412017 0.6373307 0.6184671 0.4189082 0.4767654 0.5078654 0.5307290 0.4548044 0.5549487 0.3454748 0.4961808 0.0000000 0.5981545 0.4419940 0.7705000 0.6798432 0.9425995 0.2684868 1.0420335 0.3932719 0.6682350 0.8053293 0.5910500 0.6018972 0.5776367 0.4320963 0.7124410 0.5828100 0.4969181 0.9026478 0.2351170 0.4362181 1.3469921 0.3674129 0.5853123 0.4734063 0.3492158 0.6163776 0.4470338 0.5426486 0.4307912 1.0926360 0.5228188 0.4571373 0.5619530 0.3301866 0.5340820 0.6089885 1.3081162 0.6636951 0.6222061 0.2471637 1.0260839 0.8066574 0.8854850 0.9541815 0.6637818 0.5120084 0.8894673 0.3913078 0.5053148 0.8244198 0.6280525 0.4371313 0.7522565 0.4342021 0.3899647 0.5724670 0.7340938 0.3953774 0.5953323 0.6060406 0.3974987 0.6643498 0.5489997 0.7126708 0.7358545 0.5735846 0.7938229 0.4214595 0.4865080 1.3959188 0.3784796 0.4243817 1.7099825 0.4406629 
Nuphar_advena                     0.3386021 9.0000000 0.2749236 0.6701119 0.5822431 2.0218215 1.0484875 0.5641284 0.3067675 0.5226638 0.5384615 0.3603503 1.2554823 0.5080223 0.6715260 0.3027993 0.3602964 0.4517263 0.4851678 0.3226057 0.6365644 0.3471184 0.7932912 0.7245204 0.6119672 0.6364552 0.5981545 0.0000000 0.5818782 0.5299351 0.3990495 1.6394161 0.7153623 0.9713814 0.6332701 0.9312741 0.5483036 0.4459106 0.3728439 0.6470042 0.6776081 0.5396536 0.3931562 0.2904525 0.4218950 0.2390320 0.6474925 1.3548225 0.4349013 0.5824934 0.3567602 0.6031414 0.6377380 0.6677079 0.2894442 0.5424236 1.1696872 0.4619144 0.6714802 1.0679600 0.3407593 0.2368849 0.3307662 1.3426754 0.4784104 0.3874169 0.2508618 1.0416402 0.9986800 1.0818507 1.2134721 0.7597863 0.8023093 1.1432688 0.6380992 1.0661837 0.8478153 0.3803049 0.4590483 1.0827053 0.8931381 0.6522725 0.2781148 1.0196263 0.5366504 0.3695559 0.2622681 0.2717337 0.4996054 0.6882626 0.5303177 0.9268005 0.8753944 0.4836770 0.6906747 0.2725104 4.5757482 0.2542692 0.7900342 9.0000000 0.4225101 
Cunninghamia_lanceolata           0.5941738 0.7664884 0.4817566 0.6482552 0.6219201 1.6935673 1.0902350 0.4836945 0.5204322 0.6964059 0.3841674 0.6321968 1.2756392 0.1973790 0.7689869 0.2097376 0.6324588 0.7594439 0.1112064 0.5154241 0.5833939 0.5854253 0.7036972 0.7003668 0.6033513 0.5586845 0.4419940 0.5818782 0.0000000 0.7510592 0.5605806 0.8950280 0.5479866 0.8149061 0.5726534 0.4745640 0.9125921 0.6868014 0.5830206 0.9186241 0.5457808 0.7688415 0.5699281 0.4654408 0.6421066 9.0000000 0.6791294 1.1053096 0.1099802 0.5988627 0.5485484 0.5486373 0.5587719 0.6053737 9.0000000 0.0524207 1.0796210 0.3929812 0.6784198 0.7348210 0.2472687 0.5148132 0.6061326 1.7372115 0.6412557 0.6221179 0.0660763 1.1142273 0.7575137 1.1675238 1.1023495 0.7840504 0.7637758 0.9936955 0.5859403 0.7186194 0.9347551 0.6124856 0.2478585 1.0850947 0.6376877 0.5743496 0.4899561 0.8383107 0.6081493 0.6140334 0.5197026 0.6243656 0.6872718 0.7243960 0.7656019 1.2093739 0.7797631 0.7061832 0.6825198 0.5219646 1.2456993 0.4650952 0.6045113 2.1507534 0.2122151 
Arabidopsis_thaliana              0.4525193 1.0706540 0.4090887 0.9405094 0.7571537 2.4350089 1.2709073 0.7483773 0.3701136 0.4045168 0.6910435 0.4201783 1.3001222 0.7789144 0.7798022 0.5319791 0.3378562 0.4766772 0.6913382 0.4505555 0.8399580 0.4373881 0.9798735 0.7927062 0.8033125 0.8278722 0.7705000 0.5299351 0.7510592 0.0000000 0.3422716 1.2139002 0.7599878 0.7807188 0.7971910 0.8798535 0.6234175 0.3668930 0.3852963 0.7309716 0.8999413 0.5820159 0.2629640 0.4681779 0.4661917 0.3401271 0.8856484 1.6809515 0.6777699 0.4268481 0.4465932 0.7652927 0.4812316 0.9145170 0.3132274 0.7166682 1.1805939 0.6897084 0.8479190 0.9931425 0.5881758 0.3786149 0.3837745 1.6019884 0.4150012 0.3826293 0.3031140 1.1586957 1.1433237 0.9504258 1.3010087 0.8930669 0.8224228 1.2841925 0.8869121 0.9529117 0.7857731 0.3920287 0.6649279 0.9558854 1.0562777 0.8860846 0.4118651 0.9976912 0.7607610 0.3397267 0.4671669 0.2653518 0.4620567 0.8125991 0.5881168 0.8892497 0.8700631 0.8497863 1.0089523 0.2786640 2.0997416 0.3941362 1.0517385 1.9351725 0.7001967 
Hibiscus_cannabinus               0.3353298 1.0119985 0.2612325 0.9331721 0.8036710 1.9657884 1.2198345 0.6588887 0.2805147 0.3071094 0.5689680 0.3292786 1.4380422 0.5328132 0.7398452 0.4560815 0.2340960 0.3628409 0.5307610 0.3157635 0.7835541 0.3580900 0.8469461 0.8026469 0.7997992 0.7486371 0.6798432 0.3990495 0.5605806 0.3422716 0.0000000 0.8830012 0.7523741 0.9508117 0.8280988 0.8056644 0.5588071 0.2704935 0.2393885 0.7906824 0.7145660 0.5079463 0.1936026 0.3269125 0.4019496 0.3616976 0.8086421 1.3372325 0.4618167 0.3088999 0.3547199 0.7284489 0.3732829 0.8065849 0.3033904 0.5564605 1.0512017 0.5492418 0.8232230 0.8523895 0.4308424 0.2756126 0.2861117 1.5948308 0.3666310 0.2835023 0.3806752 1.1698722 0.9380724 1.0582510 1.0563860 0.8157260 0.8525748 1.1468352 0.8680834 0.7266575 0.7545730 0.2661380 0.5308839 1.0523580 0.9890040 0.8207593 0.2891391 0.7837034 0.7424980 0.2452565 0.2749077 0.3232030 0.3106127 0.7863733 0.4921325 1.0175589 0.9422130 0.4007827 0.9510206 0.2425423 1.5437107 0.3207781 0.7544407 2.1803130 0.4963155 
Chaetosphaeridium_globosum        0.8512996 0.4934164 1.0284100 0.6996347 0.7386344 9.0000000 0.8761041 0.8148663 1.0452369 0.9444475 0.7403060 1.1875338 0.8633347 0.8330554 0.6811208 0.8920927 0.9982768 1.0042991 0.9048558 0.8396098 0.7632231 0.9582737 0.6672312 0.6983067 0.5986238 0.5981986 0.9425995 1.6394161 0.8950280 1.2139002 0.8830012 0.0000000 0.7629444 0.8962975 0.2724456 0.8024867 1.1243273 1.1241799 1.2061155 0.6313262 0.6824033 1.0367080 1.0041255 0.9950102 1.2732300 9.0000000 0.6031149 1.3662994 0.9586894 1.0901205 1.1442995 0.6023708 1.0223740 0.8155048 9.0000000 0.8714747 1.1585163 1.3275831 0.6702896 0.8874717 0.7890671 1.0096203 0.9944415 1.1933229 0.8105678 1.1180277 6.4663906 0.7149919 0.9356324 1.1207548 0.9755576 0.6722982 0.8749475 0.8242201 0.6083098 0.5666555 0.9027878 1.0860206 0.9601436 0.8934997 0.8627283 0.6162702 0.9835124 0.6863869 0.6465990 0.9589293 1.1981584 1.5885766 1.0519902 0.7700651 1.0473581 0.6695249 0.7761583 0.9615815 0.6702816 1.0092049 0.7976296 0.8460880 0.6377882 1.0201310 0.9766714 
Ophioglossum_petiolatum           0.8450463 0.9019309 0.6427140 0.5560893 0.4962283 2.0208542 1.0674064 0.3061698 0.6928850 0.7038177 0.5507854 0.7149884 1.2857699 0.4827956 0.4659364 0.4670939 0.7037275 0.7429870 0.4891438 0.6147696 0.5292525 0.6074390 0.5517319 0.6287593 0.4584799 0.5107190 0.2684868 0.7153623 0.5479866 0.7599878 0.7523741 0.7629444 0.0000000 0.8716246 0.5272893 0.6682355 0.9233459 0.7311538 0.7360914 0.5871063 0.4529655 0.8117407 0.7329934 0.5988912 0.9955564 0.4857219 0.5331990 1.0644884 0.4894399 0.6627589 0.6877127 0.3642253 0.7377301 0.4992330 0.6025586 0.5471351 0.8302503 0.6417417 0.4946951 0.4833558 0.4379444 0.6370032 0.6764249 1.2504783 0.6648327 0.7038145 0.5208824 0.9665606 0.8026940 1.0166401 0.8918960 0.7770394 0.4953853 0.7496450 0.5379804 0.5126690 0.7609693 0.7113861 0.5251854 0.8449607 0.4955683 0.5173243 0.6804269 0.6141957 0.4034774 0.6616471 0.8073856 0.6312261 0.7831271 0.6188905 0.7441923 0.5903315 0.6552983 0.9116997 0.6096350 0.6034028 1.0296191 0.5028500 0.4651877 1.4421893 0.4395799 
Roya_obtusa                       9.0000000 1.0849009 0.9107744 0.8897313 0.6792034 9.0000000 0.7947786 0.9495952 0.9921527 0.9564091 0.6266024 0.7902979 1.2269823 0.7575249 0.7719308 0.7276472 0.8363152 0.9471498 0.8454134 0.8651177 0.6833433 0.9426873 0.8445057 0.7401760 0.5651780 0.7183585 1.0420335 0.9713814 0.8149061 0.7807188 0.9508117 0.8962975 0.8716246 0.0000000 0.8162985 1.0224291 1.0697998 0.7013762 0.7743581 0.8109316 0.9019302 0.9174041 0.8254629 0.8303145 9.0000000 0.6673477 0.8102542 1.3887072 0.6599319 0.8097153 0.9184141 0.7716100 0.7612866 0.7161783 0.8372704 0.7863922 0.6039420 0.7634564 0.8629603 0.7228629 0.7346457 0.8639401 0.8895648 0.9388855 0.8634914 0.8927673 0.7078232 0.8804697 0.8336961 0.5197274 0.5871613 0.7183794 0.7535736 0.8752676 0.6755796 0.7781771 0.6823272 0.8056229 0.6551154 0.7700843 9.0000000 0.6306334 0.8785102 0.6660495 0.8317146 0.7982454 1.0016601 0.8932880 0.8533749 0.7526519 0.8596901 0.8434706 0.6242322 9.0000000 0.8258453 0.9356033 1.1912116 0.8824011 0.6602939 1.1227655 0.8514332 
Ceratodon_purpureus               0.9266158 9.0000000 0.6677336 0.0821624 0.4409004 2.1130352 1.0000646 0.4154084 0.6296076 0.9429740 0.6048734 0.7008869 1.2068257 0.5474339 0.5121730 0.4695368 0.6850273 0.9078481 0.5898253 0.8409663 0.3693212 0.7372136 0.0953130 0.4597300 0.4009259 0.3619018 0.3932719 0.6332701 0.5726534 0.7971910 0.8280988 0.2724456 0.5272893 0.8162985 0.0000000 0.8360667 0.9107231 0.7933161 0.6511840 0.1061041 0.3629257 0.9148457 0.5882110 0.5765045 1.2047789 0.3758497 0.0706054 1.9722682 0.5333260 0.6945704 0.6600360 0.4617501 1.1435162 0.3242680 0.5479910 0.6511433 1.0191039 0.6179221 0.0840712 0.5895364 0.3846065 0.6306526 0.6648252 1.2135812 0.8561655 0.6733048 0.4112404 1.0828628 0.7014479 0.8926841 1.1094407 0.7504961 0.4545196 0.7038376 0.4779495 0.1062652 0.5894318 0.6947168 0.5326623 0.8418548 0.5746816 0.3743610 0.5998348 0.7848921 0.4704199 0.7688639 0.7605783 0.6224716 0.8765135 0.4540140 0.9187393 0.2840830 0.7055677 9.0000000 0.0884910 0.4904158 5.0617629 0.6854472 0.1730235 9.0000000 0.4837506 
Metzgeria_crassipilis             9.0000000 0.5279527 0.8443092 0.5912415 0.5849330 9.0000000 1.4187433 0.6390324 0.9538790 0.6387578 0.6442866 0.8608993 1.2491964 0.5178759 0.8038897 0.5389812 1.0097584 0.8645129 0.6249028 0.7950093 0.3699431 1.0744249 0.7514922 0.7576728 0.6412517 0.4103175 0.6682350 0.9312741 0.4745640 0.8798535 0.8056644 0.8024867 0.6682355 1.0224291 0.8360667 0.0000000 1.2588846 0.6528069 0.5936990 0.6162812 0.5788690 1.0960497 0.7540145 0.7496911 9.0000000 0.6666264 0.5713587 1.5391489 0.6507255 0.5722878 0.9490251 0.6801183 0.5938353 0.4019293 0.7391098 0.5499466 0.7454884 0.7262121 0.6121562 0.6226490 0.5942011 0.8840132 0.9740024 1.3579000 0.6903223 0.9966694 0.6782456 1.0461236 0.9524181 0.9915593 1.0031593 0.9625502 0.5728814 1.1572147 0.3568622 0.3634156 0.9291247 0.8345986 0.6158211 0.9505337 1.9763148 0.3936888 0.8134218 0.8587411 0.8833539 0.9303465 0.7569998 0.8493856 0.7019893 0.7574483 0.8980857 0.5717516 0.7957631 9.0000000 0.7376051 0.8651851 0.6842838 0.7794505 0.5990510 1.2311369 0.6633744 
Zea_mays                          0.2770323 9.0000000 0.4562004 1.0972506 0.8379351 2.8324080 1.5055919 0.7695878 0.4498050 0.5985586 0.6301088 0.5080750 1.1050964 0.8304722 0.8410362 0.5647438 0.5144121 0.6201100 0.7751667 0.3735406 0.7736976 0.5042473 0.9877911 0.8259211 0.8754688 0.8769667 0.8053293 0.5483036 0.9125921 0.6234175 0.5588071 1.1243273 0.9233459 1.0697998 0.9107231 1.2588846 0.0000000 0.5472016 0.4820319 0.8931989 0.9118706 0.0156878 0.4511061 0.5562239 0.4201373 0.4679686 0.9450110 1.4204335 0.6820779 0.7242021 0.4265022 0.8013762 0.1241893 0.8419417 0.4849776 0.7735103 1.3478171 0.7357937 0.9390182 1.1895525 0.6136065 0.4897200 0.4899260 1.4249128 0.6070645 0.5146723 0.4967554 1.1727325 1.1805444 1.1421030 1.5336532 0.9238377 1.0330677 1.1610878 0.8042206 0.9769664 0.8467813 0.5744540 0.7243320 1.0004759 1.0023515 0.9302926 0.4570115 1.0335302 0.8638822 0.5472833 0.5054596 0.5211223 0.6156605 0.8368808 0.1382726 1.1420524 1.0506475 0.4402481 1.1076443 0.4427293 7.0698071 0.5027381 1.0481633 9.0000000 0.7225775 
Inula_helenium                    0.3876415 0.8627765 0.3309063 0.7539384 0.7027222 1.7672362 0.8930107 0.7272958 0.3062384 0.3813926 0.5466838 0.3664491 1.0256863 0.6975714 0.6583483 0.4576226 0.2884797 0.3868665 0.5957673 0.3643522 0.7720731 0.4111793 0.9256965 0.7735347 0.7515060 0.6978177 0.5910500 0.4459106 0.6868014 0.3668930 0.2704935 1.1241799 0.7311538 0.7013762 0.7933161 0.6528069 0.5472016 0.0000000 0.2660341 0.7479050 0.8361888 0.4933532 0.2875746 0.3863296 0.5058618 0.2398911 0.8017394 1.6261962 0.5374989 0.1017846 0.4745161 0.6827701 0.4808601 0.8854253 0.2156827 0.6328983 0.9690247 0.6489610 0.8209307 0.9924567 0.5101757 0.2726970 0.3652143 1.9297761 0.2077679 0.2895588 0.2255079 0.8662271 0.9309020 0.9414284 0.9335404 0.8227795 0.9124769 1.0169798 0.6654030 0.8518433 0.8586492 0.2838998 0.5439244 1.0225036 1.0070641 0.8077136 0.2790499 0.8925310 0.6270733 0.2046244 0.3609414 0.2111917 0.3487136 0.7904395 0.4812626 0.7339221 0.8056272 0.6766419 0.8374168 0.1999008 1.5765090 0.3575413 0.8587608 2.1462637 0.6197580 
