14
ENSGALT00000071534 0.0000000 0.0039279 0.0943832 0.4789894 0.4691957 0.5878211 0.5119810 0.5547229 0.4625966 0.4822848 0.7615026 0.7389657 0.6861430 0.7447312 
ENSGALT00000054219 0.0039279 0.0000000 0.0954857 0.5050725 0.5357838 0.6782330 0.5612209 0.6068119 0.5111175 0.5100659 1.0017080 0.8490156 0.8490156 0.8503129 
alligator          0.0943832 0.0954857 0.0000000 0.5073290 0.5461664 0.5191904 0.5347354 0.5347354 0.4985376 0.5240797 0.7571696 0.7057457 0.6551153 0.6336133 
Homo               0.4789894 0.5050725 0.5073290 0.0000000 0.0956765 0.1102109 0.1381482 0.1381482 0.1407359 0.1608019 0.4401128 0.4684205 0.4490054 0.4820382 
Monodelphis        0.4691957 0.5357838 0.5461664 0.0956765 0.0000000 0.1311787 0.1591019 0.1591019 0.1581077 0.2059541 0.5010191 0.4790738 0.4536190 0.4217091 
Ornithorhynchus    0.5878211 0.6782330 0.5191904 0.1102109 0.1311787 0.0000000 0.1422714 0.1422714 0.1392129 0.2331335 0.4709642 0.4611785 0.4451911 0.5240689 
Gallus             0.5119810 0.5612209 0.5347354 0.1381482 0.1591019 0.1422714 0.0000000 0.0000010 0.0278188 0.1460020 0.5129992 0.5119491 0.4482648 0.4883121 
ENSGALT00000013532 0.5547229 0.6068119 0.5347354 0.1381482 0.1591019 0.1422714 0.0000010 0.0000000 0.0278188 0.1460020 0.5129992 0.5119491 0.4482648 0.4469688 
Taeniopygia        0.4625966 0.5111175 0.4985376 0.1407359 0.1581077 0.1392129 0.0278188 0.0278188 0.0000000 0.1563605 0.5109056 0.5569896 0.4919706 0.5740526 
Anolis             0.4822848 0.5100659 0.5240797 0.1608019 0.2059541 0.2331335 0.1460020 0.1460020 0.1563605 0.0000000 0.5101005 0.4324549 0.3916432 0.4269873 
Xenopus            0.7615026 1.0017080 0.7571696 0.4401128 0.5010191 0.4709642 0.5129992 0.5129992 0.5109056 0.5101005 0.0000000 0.6464613 0.6177459 0.6652177 
emys_orbicularis   0.7389657 0.8490156 0.7057457 0.4684205 0.4790738 0.4611785 0.5119491 0.5119491 0.5569896 0.4324549 0.6464613 0.0000000 0.0477069 0.1330368 
phrynops           0.6861430 0.8490156 0.6551153 0.4490054 0.4536190 0.4451911 0.4482648 0.4482648 0.4919706 0.3916432 0.6177459 0.0477069 0.0000000 0.1158666 
ENSGALT00000040899 0.7447312 0.8503129 0.6336133 0.4820382 0.4217091 0.5240689 0.4883121 0.4469688 0.5740526 0.4269873 0.6652177 0.1330368 0.1158666 0.0000000 
