13
DrolusSFB  0.0000000 0.3768217 0.5772984 0.4643713 0.3144881 0.3823254 0.4291995 0.3951852 0.4037213 0.4236726 0.3167348 0.4456685 0.2317419 
Dino       0.3768217 0.0000000 0.6125410 0.3331593 0.3299207 0.4460066 0.4755020 0.4794926 0.4629553 0.2053873 0.3263211 0.5449592 0.3241286 
MJM3360    0.5772984 0.6125410 0.0000000 0.6185285 0.4948166 0.4071322 0.5541707 0.5314173 0.5399160 0.6030961 0.4952787 0.5995135 0.4889252 
DrobinSFB  0.4643713 0.3331593 0.6185285 0.0000000 0.3915382 0.4621223 0.4660397 0.4729293 0.4891493 0.3162811 0.3956713 0.6492506 0.3891366 
Neam       0.3144881 0.3299207 0.4948166 0.3915382 0.0000000 0.3082206 0.2815581 0.3433821 0.3641877 0.3560368 0.0122275 0.3830402 0.2291035 
RuprSFB    0.3823254 0.4460066 0.4071322 0.4621223 0.3082206 0.0000000 0.3509657 0.3823135 0.4018745 0.4329246 0.3086669 0.4324893 0.3421009 
Retr       0.4291995 0.4755020 0.5541707 0.4660397 0.2815581 0.3509657 0.0000000 0.3748911 0.3651267 0.5002856 0.2962294 0.1534954 0.2943144 
Beta       0.3951852 0.4794926 0.5314173 0.4729293 0.3433821 0.3823135 0.3748911 0.0000000 0.1691803 0.4534955 0.3545342 0.4291573 0.3163193 
Spol       0.4037213 0.4629553 0.5399160 0.4891493 0.3641877 0.4018745 0.3651267 0.1691803 0.0000000 0.4563409 0.3705716 0.4274094 0.3334042 
MJM1652    0.4236726 0.2053873 0.6030961 0.3162811 0.3560368 0.4329246 0.5002856 0.4534955 0.4563409 0.0000000 0.3594586 0.6189687 0.3655558 
NepSFB     0.3167348 0.3263211 0.4952787 0.3956713 0.0122275 0.3086669 0.2962294 0.3545342 0.3705716 0.3594586 0.0000000 0.3797231 0.2414147 
WPYJ       0.4456685 0.5449592 0.5995135 0.6492506 0.3830402 0.4324893 0.1534954 0.4291573 0.4274094 0.6189687 0.3797231 0.0000000 0.3962284 
MJM2940    0.2317419 0.3241286 0.4889252 0.3891366 0.2291035 0.3421009 0.2943144 0.3163193 0.3334042 0.3655558 0.2414147 0.3962284 0.0000000 
