13
DrolusSFB  0.0000000 0.3032931 0.4103499 0.3292913 0.2228573 0.3259753 0.3764022 0.4203243 0.4341563 0.3011186 0.2263309 0.4392874 0.1776139 
Dino       0.3032931 0.0000000 0.3936285 0.2141438 0.2413105 0.3194180 0.3608267 0.4001417 0.4322598 0.1306213 0.2408641 0.4076881 0.2497086 
MJM3360    0.4103499 0.3936285 0.0000000 0.4235096 0.3798485 0.3258533 0.4433193 0.5158888 0.5200041 0.4221955 0.3911652 0.4716119 0.3902439 
DrobinSFB  0.3292913 0.2141438 0.4235096 0.0000000 0.2804231 0.3429510 0.3836998 0.4294714 0.4174913 0.2360519 0.2857397 0.4011723 0.3203568 
Neam       0.2228573 0.2413105 0.3798485 0.2804231 0.0000000 0.2779248 0.3409098 0.4285639 0.4255250 0.2572017 0.0132355 0.3661515 0.1865627 
RuprSFB    0.3259753 0.3194180 0.3258533 0.3429510 0.2779248 0.0000000 0.3343595 0.4185499 0.4241179 0.3470435 0.2907081 0.3857808 0.2981288 
Retr       0.3764022 0.3608267 0.4433193 0.3836998 0.3409098 0.3343595 0.0000000 0.4190892 0.4047798 0.3834088 0.3408232 0.1925979 0.3259144 
Beta       0.4203243 0.4001417 0.5158888 0.4294714 0.4285639 0.4185499 0.4190892 0.0000000 0.1588493 0.4417533 0.4264642 0.4905293 0.4005043 
Spol       0.4341563 0.4322598 0.5200041 0.4174913 0.4255250 0.4241179 0.4047798 0.1588493 0.0000000 0.4599925 0.4300092 0.4996738 0.3949296 
MJM1652    0.3011186 0.1306213 0.4221955 0.2360519 0.2572017 0.3470435 0.3834088 0.4417533 0.4599925 0.0000000 0.2524593 0.4428585 0.2644508 
NepSFB     0.2263309 0.2408641 0.3911652 0.2857397 0.0132355 0.2907081 0.3408232 0.4264642 0.4300092 0.2524593 0.0000000 0.3557540 0.1930640 
WPYJ       0.4392874 0.4076881 0.4716119 0.4011723 0.3661515 0.3857808 0.1925979 0.4905293 0.4996738 0.4428585 0.3557540 0.0000000 0.3390917 
MJM2940    0.1776139 0.2497086 0.3902439 0.3203568 0.1865627 0.2981288 0.3259144 0.4005043 0.3949296 0.2644508 0.1930640 0.3390917 0.0000000 
