13
DrolusSFB  0.0000000 0.2111153 0.2997317 0.2576056 0.2267717 0.2425018 0.2493800 0.2942363 0.2956049 0.2323809 0.2126183 0.3060312 0.1394263 
Dino       0.2111153 0.0000000 0.3656616 0.2055219 0.2400913 0.3234741 0.2650310 0.3482767 0.3520488 0.1486331 0.3065255 0.3131366 0.2109005 
MJM3360    0.2997317 0.3656616 0.0000000 0.4318528 0.3159563 0.3146724 0.2902343 0.4266113 0.4170543 0.3905437 0.4596406 0.3201588 0.3297670 
DrobinSFB  0.2576056 0.2055219 0.4318528 0.0000000 0.2891248 0.3678825 0.2350216 0.3982889 0.3970623 0.2502207 0.4018115 0.3215870 0.2824271 
Neam       0.2267717 0.2400913 0.3159563 0.2891248 0.0000000 0.2725182 0.2926523 0.3105224 0.3286280 0.2515612 0.0222487 0.3258550 0.2011902 
RuprSFB    0.2425018 0.3234741 0.3146724 0.3678825 0.2725182 0.0000000 0.2256760 0.3683649 0.3533753 0.3157988 0.3782876 0.2726898 0.2620352 
Retr       0.2493800 0.2650310 0.2902343 0.2350216 0.2926523 0.2256760 0.0000000 0.2678760 0.2635497 0.2886585 0.1794914 0.1391138 0.2117458 
Beta       0.2942363 0.3482767 0.4266113 0.3982889 0.3105224 0.3683649 0.2678760 0.0000000 0.1348623 0.3699425 0.4278823 0.3245257 0.3172278 
Spol       0.2956049 0.3520488 0.4170543 0.3970623 0.3286280 0.3533753 0.2635497 0.1348623 0.0000000 0.3700199 0.4429389 0.3072832 0.3222389 
MJM1652    0.2323809 0.1486331 0.3905437 0.2502207 0.2515612 0.3157988 0.2886585 0.3699425 0.3700199 0.0000000 0.3444583 0.3270667 0.2543353 
NepSFB     0.2126183 0.3065255 0.4596406 0.4018115 0.0222487 0.3782876 0.1794914 0.4278823 0.4429389 0.3444583 0.0000000 0.3425993 0.2445191 
WPYJ       0.3060312 0.3131366 0.3201588 0.3215870 0.3258550 0.2726898 0.1391138 0.3245257 0.3072832 0.3270667 0.3425993 0.0000000 0.2763295 
MJM2940    0.1394263 0.2109005 0.3297670 0.2824271 0.2011902 0.2620352 0.2117458 0.3172278 0.3222389 0.2543353 0.2445191 0.2763295 0.0000000 
