13
DrolusSFB  0.0000000 0.3362468 0.3788829 0.3383655 0.2540811 0.3297651 0.3061288 0.3552667 0.3861632 0.3360029 0.2648024 0.3234342 0.1991518 
Dino       0.3362468 0.0000000 0.4152093 0.1603226 0.2351143 0.3562376 0.3380190 0.3886225 0.4018583 0.1451386 0.2463228 0.3489104 0.2612577 
MJM3360    0.3788829 0.4152093 0.0000000 0.4134621 0.3506894 0.3197858 0.3907381 0.4088057 0.4352550 0.4126529 0.3665862 0.3958206 0.3337996 
DrobinSFB  0.3383655 0.1603226 0.4134621 0.0000000 0.2716167 0.3686849 0.3231108 0.3875313 0.4026590 0.1845988 0.2806592 0.3304920 0.2672072 
Neam       0.2540811 0.2351143 0.3506894 0.2716167 0.0000000 0.2837116 0.2797088 0.3169947 0.3512947 0.2543849 0.0078360 0.2823246 0.1843605 
RuprSFB    0.3297651 0.3562376 0.3197858 0.3686849 0.2837116 0.0000000 0.2580070 0.3227198 0.3582810 0.3722545 0.2934840 0.2850173 0.2485765 
Retr       0.3061288 0.3380190 0.3907381 0.3231108 0.2797088 0.2580070 0.0000000 0.3250688 0.3340798 0.3311016 0.2841764 0.1779139 0.2316632 
Beta       0.3552667 0.3886225 0.4088057 0.3875313 0.3169947 0.3227198 0.3250688 0.0000000 0.1185674 0.3973007 0.3223559 0.3325212 0.2720161 
Spol       0.3861632 0.4018583 0.4352550 0.4026590 0.3512947 0.3582810 0.3340798 0.1185674 0.0000000 0.4074787 0.3571917 0.3534406 0.3061039 
MJM1652    0.3360029 0.1451386 0.4126529 0.1845988 0.2543849 0.3722545 0.3311016 0.3973007 0.4074787 0.0000000 0.2647316 0.3402366 0.2675363 
NepSFB     0.2648024 0.2463228 0.3665862 0.2806592 0.0078360 0.2934840 0.2841764 0.3223559 0.3571917 0.2647316 0.0000000 0.2930575 0.1876466 
WPYJ       0.3234342 0.3489104 0.3958206 0.3304920 0.2823246 0.2850173 0.1779139 0.3325212 0.3534406 0.3402366 0.2930575 0.0000000 0.2584256 
MJM2940    0.1991518 0.2612577 0.3337996 0.2672072 0.1843605 0.2485765 0.2316632 0.2720161 0.3061039 0.2675363 0.1876466 0.2584256 0.0000000 
