13
DrolusSFB  0.0000000 0.2598047 0.3518068 0.2425307 0.1711314 0.3136845 0.3541419 0.3612144 0.3525103 0.3112331 0.1747326 0.3710480 0.1547942 
Dino       0.2598047 0.0000000 0.3172926 0.1347864 0.2330472 0.2799871 0.3722799 0.4111307 0.3892987 0.1793455 0.2307999 0.4305987 0.2118179 
MJM3360    0.3518068 0.3172926 0.0000000 0.2863832 0.2953574 0.2406708 0.3324439 0.3764258 0.3734291 0.3701629 0.3033922 0.3838417 0.3010336 
DrobinSFB  0.2425307 0.1347864 0.2863832 0.0000000 0.2334417 0.2684188 0.2885767 0.3295980 0.3179315 0.2112349 0.2307911 0.3171312 0.2195199 
Neam       0.1711314 0.2330472 0.2953574 0.2334417 0.0000000 0.2671574 0.2952496 0.3297303 0.3303511 0.2797795 0.0111302 0.3475934 0.1398843 
RuprSFB    0.3136845 0.2799871 0.2406708 0.2684188 0.2671574 0.0000000 0.2921598 0.2909121 0.2560195 0.3187634 0.2691625 0.3451335 0.2622703 
Retr       0.3541419 0.3722799 0.3324439 0.2885767 0.2952496 0.2921598 0.0000000 0.3997814 0.4153945 0.4077890 0.2928732 0.1981279 0.2995993 
Beta       0.3612144 0.4111307 0.3764258 0.3295980 0.3297303 0.2909121 0.3997814 0.0000000 0.1443144 0.4370701 0.3476199 0.4908460 0.3166686 
Spol       0.3525103 0.3892987 0.3734291 0.3179315 0.3303511 0.2560195 0.4153945 0.1443144 0.0000000 0.4215185 0.3287146 0.4557060 0.3335503 
MJM1652    0.3112331 0.1793455 0.3701629 0.2112349 0.2797795 0.3187634 0.4077890 0.4370701 0.4215185 0.0000000 0.2774507 0.4953413 0.2636688 
NepSFB     0.1747326 0.2307999 0.3033922 0.2307911 0.0111302 0.2691625 0.2928732 0.3476199 0.3287146 0.2774507 0.0000000 0.3476794 0.1379359 
WPYJ       0.3710480 0.4305987 0.3838417 0.3171312 0.3475934 0.3451335 0.1981279 0.4908460 0.4557060 0.4953413 0.3476794 0.0000000 0.3707386 
MJM2940    0.1547942 0.2118179 0.3010336 0.2195199 0.1398843 0.2622703 0.2995993 0.3166686 0.3335503 0.2636688 0.1379359 0.3707386 0.0000000 
