13
DrolusSFB  0.0000000 0.3009548 0.3943439 0.3226429 0.2765322 0.3738855 0.3705282 0.3621536 0.3906534 0.3432205 0.2674099 0.3912332 0.1924475 
Dino       0.3009548 0.0000000 0.4081947 0.1714671 0.2340724 0.3386538 0.3644275 0.3458462 0.4092088 0.1346191 0.2288699 0.3900615 0.2704835 
MJM3360    0.3943439 0.4081947 0.0000000 0.4234170 0.3687453 0.3650726 0.4142088 0.4377155 0.4402731 0.4771448 0.3527171 0.4139168 0.3568594 
DrobinSFB  0.3226429 0.1714671 0.4234170 0.0000000 0.2847578 0.3738836 0.4004737 0.4233697 0.4629130 0.2079376 0.2766941 0.4170814 0.2918818 
Neam       0.2765322 0.2340724 0.3687453 0.2847578 0.0000000 0.3169467 0.3354896 0.3549927 0.4011504 0.2795381 0.0114640 0.3514927 0.2149271 
RuprSFB    0.3738855 0.3386538 0.3650726 0.3738836 0.3169467 0.0000000 0.3626776 0.3830460 0.3936758 0.3998506 0.3028533 0.3810009 0.3218856 
Retr       0.3705282 0.3644275 0.4142088 0.4004737 0.3354896 0.3626776 0.0000000 0.4000344 0.4327292 0.4046636 0.3215914 0.1935430 0.3444266 
Beta       0.3621536 0.3458462 0.4377155 0.4233697 0.3549927 0.3830460 0.4000344 0.0000000 0.1493776 0.3841872 0.3402450 0.4077061 0.3716150 
Spol       0.3906534 0.4092088 0.4402731 0.4629130 0.4011504 0.3936758 0.4327292 0.1493776 0.0000000 0.4432089 0.3869999 0.4400800 0.4069762 
MJM1652    0.3432205 0.1346191 0.4771448 0.2079376 0.2795381 0.3998506 0.4046636 0.3841872 0.4432089 0.0000000 0.2762943 0.4516906 0.3174379 
NepSFB     0.2674099 0.2288699 0.3527171 0.2766941 0.0114640 0.3028533 0.3215914 0.3402450 0.3869999 0.2762943 0.0000000 0.3383353 0.2070605 
WPYJ       0.3912332 0.3900615 0.4139168 0.4170814 0.3514927 0.3810009 0.1935430 0.4077061 0.4400800 0.4516906 0.3383353 0.0000000 0.3703061 
MJM2940    0.1924475 0.2704835 0.3568594 0.2918818 0.2149271 0.3218856 0.3444266 0.3716150 0.4069762 0.3174379 0.2070605 0.3703061 0.0000000 
