13
DrolusSFB  0.0000000 0.2268287 0.3016899 0.2374240 0.1549432 0.1947236 0.2672910 0.2397584 0.2876434 0.2097750 0.1572229 0.2902341 0.1494769 
Dino       0.2268287 0.0000000 0.2897535 0.2000227 0.1436128 0.2022875 0.2889736 0.2740394 0.3415228 0.1228313 0.1482291 0.2926194 0.1634397 
MJM3360    0.3016899 0.2897535 0.0000000 0.3578155 0.2499091 0.2033550 0.3063985 0.2794773 0.3342040 0.2796222 0.2618569 0.2483107 0.2556904 
DrobinSFB  0.2374240 0.2000227 0.3578155 0.0000000 0.2041844 0.2355491 0.3942881 0.3104857 0.3776342 0.1793889 0.2097327 0.3779505 0.1908420 
Neam       0.1549432 0.1436128 0.2499091 0.2041844 0.0000000 0.1511948 0.2128110 0.1901386 0.2711060 0.1773101 0.0064181 0.2436213 0.0969587 
RuprSFB    0.1947236 0.2022875 0.2033550 0.2355491 0.1511948 0.0000000 0.2075169 0.2706862 0.3275964 0.2037933 0.1594526 0.1977569 0.1749291 
Retr       0.2672910 0.2889736 0.3063985 0.3942881 0.2128110 0.2075169 0.0000000 0.3466790 0.3561034 0.2842454 0.2240214 0.1857770 0.2184225 
Beta       0.2397584 0.2740394 0.2794773 0.3104857 0.1901386 0.2706862 0.3466790 0.0000000 0.1294441 0.2654179 0.2015974 0.3432768 0.1934920 
Spol       0.2876434 0.3415228 0.3342040 0.3776342 0.2711060 0.3275964 0.3561034 0.1294441 0.0000000 0.3395658 0.2862421 0.3572434 0.2354413 
MJM1652    0.2097750 0.1228313 0.2796222 0.1793889 0.1773101 0.2037933 0.2842454 0.2654179 0.3395658 0.0000000 0.1866567 0.2907882 0.1681410 
NepSFB     0.1572229 0.1482291 0.2618569 0.2097327 0.0064181 0.1594526 0.2240214 0.2015974 0.2862421 0.1866567 0.0000000 0.2438009 0.1004514 
WPYJ       0.2902341 0.2926194 0.2483107 0.3779505 0.2436213 0.1977569 0.1857770 0.3432768 0.3572434 0.2907882 0.2438009 0.0000000 0.2429655 
MJM2940    0.1494769 0.1634397 0.2556904 0.1908420 0.0969587 0.1749291 0.2184225 0.1934920 0.2354413 0.1681410 0.1004514 0.2429655 0.0000000 
