13
DrolusSFB  0.0000000 0.3215749 0.4109878 0.3912632 0.2975897 0.3315469 0.4031494 0.4333314 0.4092931 0.3064633 0.3132732 0.3896613 0.1843137 
Dino       0.3215749 0.0000000 0.4335741 0.2854248 0.3144500 0.3513109 0.3805975 0.4597718 0.4312311 0.1740492 0.3025141 0.4399019 0.2855654 
MJM3360    0.4109878 0.4335741 0.0000000 0.5195047 0.4151409 0.3139159 0.4317138 0.4915528 0.4390541 0.4343209 0.4189403 0.4521535 0.4222018 
DrobinSFB  0.3912632 0.2854248 0.5195047 0.0000000 0.3775958 0.4197967 0.4587422 0.5082371 0.4806166 0.2746510 0.3764524 0.4774130 0.3803078 
Neam       0.2975897 0.3144500 0.4151409 0.3775958 0.0000000 0.3395854 0.4196077 0.4814802 0.4189147 0.3175124 0.0237451 0.4143398 0.2468805 
RuprSFB    0.3315469 0.3513109 0.3139159 0.4197967 0.3395854 0.0000000 0.4224876 0.4515989 0.3874432 0.3345499 0.3345003 0.3331855 0.3502292 
Retr       0.4031494 0.3805975 0.4317138 0.4587422 0.4196077 0.4224876 0.0000000 0.5060632 0.4528308 0.3871618 0.4252720 0.1730586 0.3773966 
Beta       0.4333314 0.4597718 0.4915528 0.5082371 0.4814802 0.4515989 0.5060632 0.0000000 0.2430485 0.4750690 0.4757993 0.5074525 0.4138254 
Spol       0.4092931 0.4312311 0.4390541 0.4806166 0.4189147 0.3874432 0.4528308 0.2430485 0.0000000 0.4107373 0.4200120 0.4614675 0.3880461 
MJM1652    0.3064633 0.1740492 0.4343209 0.2746510 0.3175124 0.3345499 0.3871618 0.4750690 0.4107373 0.0000000 0.3049861 0.4286212 0.2980541 
NepSFB     0.3132732 0.3025141 0.4189403 0.3764524 0.0237451 0.3345003 0.4252720 0.4757993 0.4200120 0.3049861 0.0000000 0.4330834 0.2598917 
WPYJ       0.3896613 0.4399019 0.4521535 0.4774130 0.4143398 0.3331855 0.1730586 0.5074525 0.4614675 0.4286212 0.4330834 0.0000000 0.3964899 
MJM2940    0.1843137 0.2855654 0.4222018 0.3803078 0.2468805 0.3502292 0.3773966 0.4138254 0.3880461 0.2980541 0.2598917 0.3964899 0.0000000 
