13
DrolusSFB  0.0000000 0.1875318 0.3514491 0.2453533 0.1882258 0.3493940 0.3102462 0.3801029 0.3732612 0.2840692 0.2054218 0.3417630 0.1852657 
Dino       0.1875318 0.0000000 0.2189079 0.0975884 0.1356579 0.2317318 0.1769075 0.2286755 0.2330716 0.0919929 0.1452951 0.2463423 0.1688489 
MJM3360    0.3514491 0.2189079 0.0000000 0.2914632 0.2359734 0.2622341 0.3466786 0.4050563 0.4033484 0.3397877 0.3037012 0.3805721 0.3153588 
DrobinSFB  0.2453533 0.0975884 0.2914632 0.0000000 0.1908814 0.2839151 0.2235808 0.3388435 0.3045848 0.1459322 0.1949609 0.2610187 0.2126341 
Neam       0.1882258 0.1356579 0.2359734 0.1908814 0.0000000 0.2290378 0.2032509 0.2629950 0.2508827 0.1746386 0.0145564 0.2234818 0.1584172 
RuprSFB    0.3493940 0.2317318 0.2622341 0.2839151 0.2290378 0.0000000 0.3669360 0.3752733 0.4254272 0.3441023 0.2744661 0.3976243 0.3041027 
Retr       0.3102462 0.1769075 0.3466786 0.2235808 0.2032509 0.3669360 0.0000000 0.3655391 0.3539919 0.2812115 0.2549128 0.1774366 0.2670182 
Beta       0.3801029 0.2286755 0.4050563 0.3388435 0.2629950 0.3752733 0.3655391 0.0000000 0.1144869 0.4031460 0.2947261 0.4084823 0.3323041 
Spol       0.3732612 0.2330716 0.4033484 0.3045848 0.2508827 0.4254272 0.3539919 0.1144869 0.0000000 0.3725028 0.2869850 0.3998966 0.3117919 
MJM1652    0.2840692 0.0919929 0.3397877 0.1459322 0.1746386 0.3441023 0.2812115 0.4031460 0.3725028 0.0000000 0.2053920 0.3594681 0.2063687 
NepSFB     0.2054218 0.1452951 0.3037012 0.1949609 0.0145564 0.2744661 0.2549128 0.2947261 0.2869850 0.2053920 0.0000000 0.2845668 0.1739563 
WPYJ       0.3417630 0.2463423 0.3805721 0.2610187 0.2234818 0.3976243 0.1774366 0.4084823 0.3998966 0.3594681 0.2845668 0.0000000 0.3112124 
MJM2940    0.1852657 0.1688489 0.3153588 0.2126341 0.1584172 0.3041027 0.2670182 0.3323041 0.3117919 0.2063687 0.1739563 0.3112124 0.0000000 
