13
DrolusSFB  0.0000000 0.2866685 0.3889525 0.3322073 0.2068517 0.4235716 0.3232299 0.3632739 0.3363668 0.2782345 0.2065001 0.3265089 0.1362076 
Dino       0.2866685 0.0000000 0.4382964 0.1831092 0.2851964 0.4378172 0.3586529 0.4315059 0.4142865 0.1282428 0.2855771 0.3560270 0.2520735 
MJM3360    0.3889525 0.4382964 0.0000000 0.4449320 0.3740578 0.2880513 0.3911594 0.4281475 0.4376002 0.4097010 0.3798893 0.4116394 0.3850082 
DrobinSFB  0.3322073 0.1831092 0.4449320 0.0000000 0.3201194 0.5140020 0.3882995 0.4489602 0.4087714 0.1603478 0.3203675 0.3927241 0.3094254 
Neam       0.2068517 0.2851964 0.3740578 0.3201194 0.0000000 0.3604484 0.3199091 0.3649928 0.3590968 0.2612941 0.0084083 0.3229515 0.2190565 
RuprSFB    0.4235716 0.4378172 0.2880513 0.5140020 0.3604484 0.0000000 0.3647590 0.4284652 0.4225073 0.3979306 0.3574605 0.3855358 0.3664179 
Retr       0.3232299 0.3586529 0.3911594 0.3882995 0.3199091 0.3647590 0.0000000 0.3904881 0.3886886 0.3543221 0.3310533 0.1765335 0.2843752 
Beta       0.3632739 0.4315059 0.4281475 0.4489602 0.3649928 0.4284652 0.3904881 0.0000000 0.1240303 0.4236201 0.3708114 0.4098216 0.3472636 
Spol       0.3363668 0.4142865 0.4376002 0.4087714 0.3590968 0.4225073 0.3886886 0.1240303 0.0000000 0.3898519 0.3648203 0.4005078 0.3139104 
MJM1652    0.2782345 0.1282428 0.4097010 0.1603478 0.2612941 0.3979306 0.3543221 0.4236201 0.3898519 0.0000000 0.2598437 0.3577003 0.2448181 
NepSFB     0.2065001 0.2855771 0.3798893 0.3203675 0.0084083 0.3574605 0.3310533 0.3708114 0.3648203 0.2598437 0.0000000 0.3322880 0.2225291 
WPYJ       0.3265089 0.3560270 0.4116394 0.3927241 0.3229515 0.3855358 0.1765335 0.4098216 0.4005078 0.3577003 0.3322880 0.0000000 0.3134561 
MJM2940    0.1362076 0.2520735 0.3850082 0.3094254 0.2190565 0.3664179 0.2843752 0.3472636 0.3139104 0.2448181 0.2225291 0.3134561 0.0000000 
