13
DrolusSFB  0.0000000 0.2575942 0.3234062 0.3003338 0.2115576 0.2987812 0.3091941 0.3606193 0.3584399 0.3122268 0.2185877 0.3311240 0.1661925 
Dino       0.2575942 0.0000000 0.3133704 0.1753142 0.2101419 0.3000666 0.3015633 0.3497645 0.3629182 0.1524821 0.2111273 0.3288496 0.2209392 
MJM3360    0.3234062 0.3133704 0.0000000 0.3416808 0.2797024 0.2480076 0.3218689 0.3596578 0.3859310 0.3535333 0.2835164 0.3607700 0.2830973 
DrobinSFB  0.3003338 0.1753142 0.3416808 0.0000000 0.2472077 0.3357793 0.3325010 0.3982849 0.3958395 0.2241997 0.2525142 0.3693811 0.2619423 
Neam       0.2115576 0.2101419 0.2797024 0.2472077 0.0000000 0.2564270 0.2778937 0.3058737 0.3104345 0.2452006 0.0095694 0.3406930 0.1676216 
RuprSFB    0.2987812 0.3000666 0.2480076 0.3357793 0.2564270 0.0000000 0.2952673 0.3229705 0.3528957 0.3439487 0.2647092 0.3360996 0.2440163 
Retr       0.3091941 0.3015633 0.3218689 0.3325010 0.2778937 0.2952673 0.0000000 0.3392977 0.3557861 0.3206196 0.2845887 0.2072236 0.2882400 
Beta       0.3606193 0.3497645 0.3596578 0.3982849 0.3058737 0.3229705 0.3392977 0.0000000 0.1235928 0.3631144 0.3190565 0.3861965 0.3204486 
Spol       0.3584399 0.3629182 0.3859310 0.3958395 0.3104345 0.3528957 0.3557861 0.1235928 0.0000000 0.3712343 0.3200325 0.3822304 0.3156388 
MJM1652    0.3122268 0.1524821 0.3535333 0.2241997 0.2452006 0.3439487 0.3206196 0.3631144 0.3712343 0.0000000 0.2511391 0.3433285 0.2652574 
NepSFB     0.2185877 0.2111273 0.2835164 0.2525142 0.0095694 0.2647092 0.2845887 0.3190565 0.3200325 0.2511391 0.0000000 0.3495493 0.1722087 
WPYJ       0.3311240 0.3288496 0.3607700 0.3693811 0.3406930 0.3360996 0.2072236 0.3861965 0.3822304 0.3433285 0.3495493 0.0000000 0.3244689 
MJM2940    0.1661925 0.2209392 0.2830973 0.2619423 0.1676216 0.2440163 0.2882400 0.3204486 0.3156388 0.2652574 0.1722087 0.3244689 0.0000000 
