13
DrolusSFB  0.0000000 0.2819097 0.4072917 0.3291362 0.2086936 0.3365338 0.3503840 0.3344648 0.3346889 0.2799396 0.2097428 0.3805869 0.1439548 
Dino       0.2819097 0.0000000 0.4191785 0.1528375 0.2195166 0.3439523 0.3745000 0.3662202 0.3629583 0.1271898 0.2182985 0.3920729 0.2216349 
MJM3360    0.4072917 0.4191785 0.0000000 0.4293909 0.3863371 0.2930696 0.4516143 0.3870573 0.3875831 0.4174751 0.3932027 0.4544375 0.3642026 
DrobinSFB  0.3291362 0.1528375 0.4293909 0.0000000 0.2592149 0.3788540 0.3858974 0.3732733 0.3946955 0.2112017 0.2636424 0.4024129 0.2679410 
Neam       0.2086936 0.2195166 0.3863371 0.2592149 0.0000000 0.2819213 0.2981308 0.3081785 0.2910062 0.2676679 0.0088063 0.3351433 0.1590526 
RuprSFB    0.3365338 0.3439523 0.2930696 0.3788540 0.2819213 0.0000000 0.3110520 0.3173009 0.3382683 0.3734750 0.2820233 0.3733472 0.2738108 
Retr       0.3503840 0.3745000 0.4516143 0.3858974 0.2981308 0.3110520 0.0000000 0.3512184 0.3608858 0.3910520 0.3051346 0.1830590 0.2845510 
Beta       0.3344648 0.3662202 0.3870573 0.3732733 0.3081785 0.3173009 0.3512184 0.0000000 0.1289633 0.3804712 0.3190972 0.3597759 0.2953626 
Spol       0.3346889 0.3629583 0.3875831 0.3946955 0.2910062 0.3382683 0.3608858 0.1289633 0.0000000 0.3829443 0.3007030 0.3527724 0.2970414 
MJM1652    0.2799396 0.1271898 0.4174751 0.2112017 0.2676679 0.3734750 0.3910520 0.3804712 0.3829443 0.0000000 0.2692197 0.4101373 0.2465352 
NepSFB     0.2097428 0.2182985 0.3932027 0.2636424 0.0088063 0.2820233 0.3051346 0.3190972 0.3007030 0.2692197 0.0000000 0.3432271 0.1615065 
WPYJ       0.3805869 0.3920729 0.4544375 0.4024129 0.3351433 0.3733472 0.1830590 0.3597759 0.3527724 0.4101373 0.3432271 0.0000000 0.3265249 
MJM2940    0.1439548 0.2216349 0.3642026 0.2679410 0.1590526 0.2738108 0.2845510 0.2953626 0.2970414 0.2465352 0.1615065 0.3265249 0.0000000 
