13
DrolusSFB  0.0000000 0.3443027 0.4045731 0.4581619 0.2964268 0.3708140 0.3624677 0.5381350 0.4059072 0.3925039 0.3044746 0.3969433 0.2204608 
Dino       0.3443027 0.0000000 0.3718559 0.2459167 0.2565246 0.3136776 0.3130750 0.4555540 0.4318795 0.1537277 0.2633157 0.3918938 0.2559602 
MJM3360    0.4045731 0.3718559 0.0000000 0.4972651 0.4187657 0.2749518 0.3461574 0.5270197 0.4597538 0.4690167 0.4267672 0.4121815 0.3481180 
DrobinSFB  0.4581619 0.2459167 0.4972651 0.0000000 0.3938054 0.3740890 0.4457185 0.5869595 0.5340664 0.3161230 0.4022432 0.4896637 0.3789312 
Neam       0.2964268 0.2565246 0.4187657 0.3938054 0.0000000 0.3178408 0.3286371 0.4629453 0.4139127 0.3132982 0.0100991 0.3611769 0.2146744 
RuprSFB    0.3708140 0.3136776 0.2749518 0.3740890 0.3178408 0.0000000 0.2697206 0.4698549 0.3967545 0.3977235 0.3225817 0.3431572 0.2527880 
Retr       0.3624677 0.3130750 0.3461574 0.4457185 0.3286371 0.2697206 0.0000000 0.3737480 0.3470827 0.3568118 0.3290004 0.1683387 0.2873249 
Beta       0.5381350 0.4555540 0.5270197 0.5869595 0.4629453 0.4698549 0.3737480 0.0000000 0.2118634 0.5155901 0.4635746 0.4089587 0.4151318 
Spol       0.4059072 0.4318795 0.4597538 0.5340664 0.4139127 0.3967545 0.3470827 0.2118634 0.0000000 0.5033143 0.4094545 0.3752480 0.3502633 
MJM1652    0.3925039 0.1537277 0.4690167 0.3161230 0.3132982 0.3977235 0.3568118 0.5155901 0.5033143 0.0000000 0.3169713 0.4351008 0.3120423 
NepSFB     0.3044746 0.2633157 0.4267672 0.4022432 0.0100991 0.3225817 0.3290004 0.4635746 0.4094545 0.3169713 0.0000000 0.3584025 0.2166041 
WPYJ       0.3969433 0.3918938 0.4121815 0.4896637 0.3611769 0.3431572 0.1683387 0.4089587 0.3752480 0.4351008 0.3584025 0.0000000 0.3276247 
MJM2940    0.2204608 0.2559602 0.3481180 0.3789312 0.2146744 0.2527880 0.2873249 0.4151318 0.3502633 0.3120423 0.2166041 0.3276247 0.0000000 
