13
DrolusSFB  0.0000000 0.3703938 0.3314232 0.4324258 0.2710126 0.3799605 0.2795305 0.4144457 0.4383633 0.4160237 0.2612397 0.3643575 0.2087075 
Dino       0.3703938 0.0000000 0.3543286 0.2570620 0.3117773 0.4167381 0.3167147 0.4806264 0.5024138 0.1946940 0.3043711 0.4070869 0.3185101 
MJM3360    0.3314232 0.3543286 0.0000000 0.4073115 0.2907366 0.2535532 0.3223654 0.3069212 0.3095409 0.3896373 0.2807842 0.3273153 0.2740439 
DrobinSFB  0.4324258 0.2570620 0.4073115 0.0000000 0.3768359 0.4954494 0.3521873 0.5424370 0.5750845 0.3128733 0.3687522 0.4605890 0.3788599 
Neam       0.2710126 0.3117773 0.2907366 0.3768359 0.0000000 0.3295461 0.2689618 0.3756791 0.3909073 0.3591322 0.0133066 0.3484780 0.2171147 
RuprSFB    0.3799605 0.4167381 0.2535532 0.4954494 0.3295461 0.0000000 0.3014521 0.3607693 0.3826719 0.4285924 0.3221937 0.3880504 0.3445137 
Retr       0.2795305 0.3167147 0.3223654 0.3521873 0.2689618 0.3014521 0.0000000 0.3272471 0.3293164 0.3023947 0.2601426 0.1756708 0.2374560 
Beta       0.4144457 0.4806264 0.3069212 0.5424370 0.3756791 0.3607693 0.3272471 0.0000000 0.1402913 0.5153053 0.3702475 0.3766034 0.3705892 
Spol       0.4383633 0.5024138 0.3095409 0.5750845 0.3909073 0.3826719 0.3293164 0.1402913 0.0000000 0.5159190 0.3834110 0.3677507 0.3787351 
MJM1652    0.4160237 0.1946940 0.3896373 0.3128733 0.3591322 0.4285924 0.3023947 0.5153053 0.5159190 0.0000000 0.3538061 0.4439076 0.3765288 
NepSFB     0.2612397 0.3043711 0.2807842 0.3687522 0.0133066 0.3221937 0.2601426 0.3702475 0.3834110 0.3538061 0.0000000 0.3369472 0.2108904 
WPYJ       0.3643575 0.4070869 0.3273153 0.4605890 0.3484780 0.3880504 0.1756708 0.3766034 0.3677507 0.4439076 0.3369472 0.0000000 0.3373767 
MJM2940    0.2087075 0.3185101 0.2740439 0.3788599 0.2171147 0.3445137 0.2374560 0.3705892 0.3787351 0.3765288 0.2108904 0.3373767 0.0000000 
