13
DrolusSFB  0.0000000 0.2720689 0.3113196 0.2758799 0.2550116 0.3180347 0.3009500 0.3823282 0.3522763 0.2988036 0.2628124 0.3269010 0.1831606 
Dino       0.2720689 0.0000000 0.3121636 0.1375388 0.2389380 0.3831063 0.2723037 0.3674646 0.3323322 0.1507724 0.2428044 0.2903757 0.2441426 
MJM3360    0.3113196 0.3121636 0.0000000 0.3347861 0.3021097 0.2870126 0.3440327 0.4013502 0.3813448 0.3345669 0.3208488 0.3525790 0.3559931 
DrobinSFB  0.2758799 0.1375388 0.3347861 0.0000000 0.2602209 0.4084215 0.3080720 0.3821950 0.3722209 0.1771734 0.2602969 0.3332792 0.2626130 
Neam       0.2550116 0.2389380 0.3021097 0.2602209 0.0000000 0.3364094 0.2729873 0.3453787 0.3246297 0.2946144 0.0169743 0.3126270 0.2258583 
RuprSFB    0.3180347 0.3831063 0.2870126 0.4084215 0.3364094 0.0000000 0.3036483 0.4196440 0.3498256 0.3825962 0.3491908 0.3302610 0.3281528 
Retr       0.3009500 0.2723037 0.3440327 0.3080720 0.2729873 0.3036483 0.0000000 0.3598169 0.3332546 0.3081134 0.2767309 0.1435834 0.2688019 
Beta       0.3823282 0.3674646 0.4013502 0.3821950 0.3453787 0.4196440 0.3598169 0.0000000 0.1183958 0.4237708 0.3467014 0.4106618 0.3460072 
Spol       0.3522763 0.3323322 0.3813448 0.3722209 0.3246297 0.3498256 0.3332546 0.1183958 0.0000000 0.3925722 0.3323399 0.4001540 0.3131758 
MJM1652    0.2988036 0.1507724 0.3345669 0.1771734 0.2946144 0.3825962 0.3081134 0.4237708 0.3925722 0.0000000 0.3013115 0.3456790 0.2762893 
NepSFB     0.2628124 0.2428044 0.3208488 0.2602969 0.0169743 0.3491908 0.2767309 0.3467014 0.3323399 0.3013115 0.0000000 0.3219529 0.2302415 
WPYJ       0.3269010 0.2903757 0.3525790 0.3332792 0.3126270 0.3302610 0.1435834 0.4106618 0.4001540 0.3456790 0.3219529 0.0000000 0.3125212 
MJM2940    0.1831606 0.2441426 0.3559931 0.2626130 0.2258583 0.3281528 0.2688019 0.3460072 0.3131758 0.2762893 0.2302415 0.3125212 0.0000000 
