13
DrolusSFB  0.0000000 0.3853257 0.3993838 0.3568516 0.2316685 0.3067957 0.3673298 0.4360130 0.4251956 0.3643702 0.2379325 0.4054366 0.1748343 
Dino       0.3853257 0.0000000 0.4172889 0.1478905 0.2900966 0.3536981 0.4725730 0.4497773 0.4268866 0.1260664 0.2941060 0.6463567 0.2673148 
MJM3360    0.3993838 0.4172889 0.0000000 0.4028170 0.3270362 0.2600454 0.4241060 0.4078615 0.3769563 0.3933344 0.3192724 0.4859645 0.2938862 
DrobinSFB  0.3568516 0.1478905 0.4028170 0.0000000 0.3098188 0.3522404 0.4098312 0.4136507 0.4317795 0.2065109 0.3118658 0.4786549 0.2758656 
Neam       0.2316685 0.2900966 0.3270362 0.3098188 0.0000000 0.2739514 0.3505810 0.3766714 0.3584685 0.3125765 0.0086862 0.3605648 0.1860626 
RuprSFB    0.3067957 0.3536981 0.2600454 0.3522404 0.2739514 0.0000000 0.3566695 0.3958355 0.3791045 0.3423207 0.2748453 0.3847339 0.2379554 
Retr       0.3673298 0.4725730 0.4241060 0.4098312 0.3505810 0.3566695 0.0000000 0.4403713 0.4128446 0.3591180 0.3523267 0.2124875 0.3334057 
Beta       0.4360130 0.4497773 0.4078615 0.4136507 0.3766714 0.3958355 0.4403713 0.0000000 0.1427124 0.4271142 0.3756566 0.5180084 0.3592251 
Spol       0.4251956 0.4268866 0.3769563 0.4317795 0.3584685 0.3791045 0.4128446 0.1427124 0.0000000 0.4082018 0.3602857 0.4675565 0.3229200 
MJM1652    0.3643702 0.1260664 0.3933344 0.2065109 0.3125765 0.3423207 0.3591180 0.4271142 0.4082018 0.0000000 0.3122695 0.4159385 0.2707349 
NepSFB     0.2379325 0.2941060 0.3192724 0.3118658 0.0086862 0.2748453 0.3523267 0.3756566 0.3602857 0.3122695 0.0000000 0.3668277 0.1867811 
WPYJ       0.4054366 0.6463567 0.4859645 0.4786549 0.3605648 0.3847339 0.2124875 0.5180084 0.4675565 0.4159385 0.3668277 0.0000000 0.3594021 
MJM2940    0.1748343 0.2673148 0.2938862 0.2758656 0.1860626 0.2379554 0.3334057 0.3592251 0.3229200 0.2707349 0.1867811 0.3594021 0.0000000 
