13
DrolusSFB  0.0000000 0.2624546 0.3659629 0.2932941 0.2227259 0.3105255 0.2875748 0.3178939 0.3451298 0.2909595 0.2278745 0.3310211 0.1535553 
Dino       0.2624546 0.0000000 0.3976266 0.1687559 0.2737705 0.3371130 0.2500143 0.4401145 0.4540613 0.1489039 0.2747971 0.2897943 0.2842533 
MJM3360    0.3659629 0.3976266 0.0000000 0.4344668 0.3846860 0.3003964 0.3048812 0.3886931 0.4000721 0.4565973 0.3866856 0.3541301 0.3874296 
DrobinSFB  0.2932941 0.1687559 0.4344668 0.0000000 0.3183054 0.3763121 0.2866092 0.4778672 0.4910752 0.2111210 0.3214686 0.3174563 0.3299800 
Neam       0.2227259 0.2737705 0.3846860 0.3183054 0.0000000 0.3072565 0.2432403 0.3717449 0.3820264 0.3128977 0.0058305 0.2604521 0.2257426 
RuprSFB    0.3105255 0.3371130 0.3003964 0.3763121 0.3072565 0.0000000 0.2782570 0.3316244 0.3626817 0.3775930 0.3088937 0.2974115 0.3226956 
Retr       0.2875748 0.2500143 0.3048812 0.2866092 0.2432403 0.2782570 0.0000000 0.2371406 0.2620553 0.2464855 0.2480950 0.1656561 0.2299031 
Beta       0.3178939 0.4401145 0.3886931 0.4778672 0.3717449 0.3316244 0.2371406 0.0000000 0.1572215 0.4677930 0.3765389 0.3173380 0.4026287 
Spol       0.3451298 0.4540613 0.4000721 0.4910752 0.3820264 0.3626817 0.2620553 0.1572215 0.0000000 0.4806695 0.3837677 0.3231079 0.4085418 
MJM1652    0.2909595 0.1489039 0.4565973 0.2111210 0.3128977 0.3775930 0.2464855 0.4677930 0.4806695 0.0000000 0.3169226 0.3185961 0.3225399 
NepSFB     0.2278745 0.2747971 0.3866856 0.3214686 0.0058305 0.3088937 0.2480950 0.3765389 0.3837677 0.3169226 0.0000000 0.2631430 0.2291372 
WPYJ       0.3310211 0.2897943 0.3541301 0.3174563 0.2604521 0.2974115 0.1656561 0.3173380 0.3231079 0.3185961 0.2631430 0.0000000 0.2596088 
MJM2940    0.1535553 0.2842533 0.3874296 0.3299800 0.2257426 0.3226956 0.2299031 0.4026287 0.4085418 0.3225399 0.2291372 0.2596088 0.0000000 
