13
DrolusSFB  0.0000000 0.3307467 0.5179361 0.3918285 0.2921675 0.3272943 0.3523848 0.3555370 0.3822939 0.3711601 0.2965694 0.3796768 0.1746893 
Dino       0.3307467 0.0000000 0.4463168 0.2310369 0.3148003 0.3516922 0.3669249 0.4322682 0.4154736 0.1685828 0.3170910 0.3979271 0.2902793 
MJM3360    0.5179361 0.4463168 0.0000000 0.5728172 0.4426763 0.3569916 0.4210081 0.5464779 0.4968359 0.4837260 0.4388311 0.5038293 0.4262663 
DrobinSFB  0.3918285 0.2310369 0.5728172 0.0000000 0.3780203 0.4183987 0.4604624 0.4418103 0.4818120 0.2783485 0.3837307 0.4584800 0.3371703 
Neam       0.2921675 0.3148003 0.4426763 0.3780203 0.0000000 0.3085174 0.3184884 0.3872666 0.3724775 0.3422909 0.0093223 0.3771856 0.2359243 
RuprSFB    0.3272943 0.3516922 0.3569916 0.4183987 0.3085174 0.0000000 0.2940822 0.3294258 0.3429177 0.3962753 0.3144097 0.3298846 0.2970216 
Retr       0.3523848 0.3669249 0.4210081 0.4604624 0.3184884 0.2940822 0.0000000 0.3199926 0.3284718 0.4203451 0.3220995 0.1603143 0.2895304 
Beta       0.3555370 0.4322682 0.5464779 0.4418103 0.3872666 0.3294258 0.3199926 0.0000000 0.2019222 0.5070991 0.3904122 0.3594601 0.4005646 
Spol       0.3822939 0.4154736 0.4968359 0.4818120 0.3724775 0.3429177 0.3284718 0.2019222 0.0000000 0.4651455 0.3710258 0.3701970 0.3814412 
MJM1652    0.3711601 0.1685828 0.4837260 0.2783485 0.3422909 0.3962753 0.4203451 0.5070991 0.4651455 0.0000000 0.3454222 0.4609094 0.3291981 
NepSFB     0.2965694 0.3170910 0.4388311 0.3837307 0.0093223 0.3144097 0.3220995 0.3904122 0.3710258 0.3454222 0.0000000 0.3867206 0.2395491 
WPYJ       0.3796768 0.3979271 0.5038293 0.4584800 0.3771856 0.3298846 0.1603143 0.3594601 0.3701970 0.4609094 0.3867206 0.0000000 0.3560708 
MJM2940    0.1746893 0.2902793 0.4262663 0.3371703 0.2359243 0.2970216 0.2895304 0.4005646 0.3814412 0.3291981 0.2395491 0.3560708 0.0000000 
