13
DrolusSFB  0.0000000 0.2929477 0.2891023 0.3220958 0.2162162 0.2861050 0.3027495 0.2760078 0.3149561 0.2944113 0.2143936 0.3732080 0.1886035 
Dino       0.2929477 0.0000000 0.3521921 0.1974473 0.2027891 0.3028124 0.3262630 0.3310289 0.3225560 0.1293172 0.2143782 0.3924593 0.2133303 
MJM3360    0.2891023 0.3521921 0.0000000 0.3926326 0.2685358 0.2719848 0.3679182 0.2851321 0.3147789 0.3214604 0.2636792 0.3877999 0.2663126 
DrobinSFB  0.3220958 0.1974473 0.3926326 0.0000000 0.2854116 0.3788736 0.3867914 0.3552485 0.3934752 0.1946377 0.2999855 0.4691494 0.3060374 
Neam       0.2162162 0.2027891 0.2685358 0.2854116 0.0000000 0.2348763 0.2558377 0.2263758 0.2322962 0.2016778 0.0097961 0.3268079 0.1351795 
RuprSFB    0.2861050 0.3028124 0.2719848 0.3788736 0.2348763 0.0000000 0.3245215 0.2913185 0.2934949 0.2713671 0.2418280 0.3986283 0.2597321 
Retr       0.3027495 0.3262630 0.3679182 0.3867914 0.2558377 0.3245215 0.0000000 0.3122138 0.3126659 0.3170758 0.2630411 0.1456626 0.2426608 
Beta       0.2760078 0.3310289 0.2851321 0.3552485 0.2263758 0.2913185 0.3122138 0.0000000 0.1141700 0.3135802 0.2291208 0.4034705 0.2192569 
Spol       0.3149561 0.3225560 0.3147789 0.3934752 0.2322962 0.2934949 0.3126659 0.1141700 0.0000000 0.2998796 0.2332749 0.3801017 0.2145689 
MJM1652    0.2944113 0.1293172 0.3214604 0.1946377 0.2016778 0.2713671 0.3170758 0.3135802 0.2998796 0.0000000 0.2131375 0.3809382 0.2073301 
NepSFB     0.2143936 0.2143782 0.2636792 0.2999855 0.0097961 0.2418280 0.2630411 0.2291208 0.2332749 0.2131375 0.0000000 0.3321113 0.1442549 
WPYJ       0.3732080 0.3924593 0.3877999 0.4691494 0.3268079 0.3986283 0.1456626 0.4034705 0.3801017 0.3809382 0.3321113 0.0000000 0.3071658 
MJM2940    0.1886035 0.2133303 0.2663126 0.3060374 0.1351795 0.2597321 0.2426608 0.2192569 0.2145689 0.2073301 0.1442549 0.3071658 0.0000000 
