13
DrolusSFB  0.0000000 0.3964356 0.4805735 0.4370453 0.3554203 0.4383791 0.5539158 0.4508304 0.4636458 0.4143360 0.3649469 0.5441022 0.2208982 
Dino       0.3964356 0.0000000 0.4479886 0.2575253 0.3207866 0.4177833 0.5755427 0.4644245 0.4624480 0.2395781 0.3286893 0.4849562 0.3211496 
MJM3360    0.4805735 0.4479886 0.0000000 0.4776055 0.4540123 0.3727467 0.6170683 0.4944444 0.4844479 0.4911462 0.4665320 0.5934686 0.4155038 
DrobinSFB  0.4370453 0.2575253 0.4776055 0.0000000 0.3641675 0.4310285 0.5158502 0.4493447 0.4753962 0.2397139 0.3687205 0.4880514 0.3557435 
Neam       0.3554203 0.3207866 0.4540123 0.3641675 0.0000000 0.3883988 0.4746527 0.3883783 0.4094377 0.3517796 0.0193728 0.4576389 0.2787773 
RuprSFB    0.4383791 0.4177833 0.3727467 0.4310285 0.3883988 0.0000000 0.5078447 0.4101276 0.4157066 0.4282740 0.3963199 0.4753803 0.3488576 
Retr       0.5539158 0.5755427 0.6170683 0.5158502 0.4746527 0.5078447 0.0000000 0.5339263 0.5494690 0.5471294 0.4881847 0.1869046 0.4187243 
Beta       0.4508304 0.4644245 0.4944444 0.4493447 0.3883783 0.4101276 0.5339263 0.0000000 0.1189419 0.4790749 0.3999655 0.4543057 0.3639931 
Spol       0.4636458 0.4624480 0.4844479 0.4753962 0.4094377 0.4157066 0.5494690 0.1189419 0.0000000 0.4904446 0.4187845 0.4713687 0.3755101 
MJM1652    0.4143360 0.2395781 0.4911462 0.2397139 0.3517796 0.4282740 0.5471294 0.4790749 0.4904446 0.0000000 0.3610421 0.4815139 0.3329442 
NepSFB     0.3649469 0.3286893 0.4665320 0.3687205 0.0193728 0.3963199 0.4881847 0.3999655 0.4187845 0.3610421 0.0000000 0.4724877 0.2831652 
WPYJ       0.5441022 0.4849562 0.5934686 0.4880514 0.4576389 0.4753803 0.1869046 0.4543057 0.4713687 0.4815139 0.4724877 0.0000000 0.4250192 
MJM2940    0.2208982 0.3211496 0.4155038 0.3557435 0.2787773 0.3488576 0.4187243 0.3639931 0.3755101 0.3329442 0.2831652 0.4250192 0.0000000 
