13
DrolusSFB  0.0000000 0.3147328 0.3521459 0.3107630 0.2645297 0.2864290 0.3591771 0.4055274 0.4304020 0.3672551 0.2738378 0.3990769 0.1953577 
Dino       0.3147328 0.0000000 0.3311051 0.1553522 0.2578794 0.3070327 0.3646928 0.3848997 0.3829367 0.1410885 0.2736795 0.4355188 0.3160820 
MJM3360    0.3521459 0.3311051 0.0000000 0.3552329 0.3083659 0.2708539 0.3438743 0.3302191 0.3487010 0.4114880 0.3087783 0.3899493 0.3287954 
DrobinSFB  0.3107630 0.1553522 0.3552329 0.0000000 0.2814746 0.3425682 0.3565626 0.3775455 0.4166485 0.2026380 0.2915854 0.4314389 0.3327229 
Neam       0.2645297 0.2578794 0.3083659 0.2814746 0.0000000 0.2664298 0.3092127 0.3422740 0.3335882 0.3394515 0.0128349 0.4097961 0.2050673 
RuprSFB    0.2864290 0.3070327 0.2708539 0.3425682 0.2664298 0.0000000 0.2933874 0.3335325 0.3347020 0.3678417 0.2727879 0.3807706 0.3024825 
Retr       0.3591771 0.3646928 0.3438743 0.3565626 0.3092127 0.2933874 0.0000000 0.3845330 0.3937989 0.4350842 0.3174918 0.2079724 0.3795245 
Beta       0.4055274 0.3848997 0.3302191 0.3775455 0.3422740 0.3335325 0.3845330 0.0000000 0.0642509 0.4221640 0.3370679 0.4197549 0.4049486 
Spol       0.4304020 0.3829367 0.3487010 0.4166485 0.3335882 0.3347020 0.3937989 0.0642509 0.0000000 0.4384470 0.3359350 0.4336260 0.3961820 
MJM1652    0.3672551 0.1410885 0.4114880 0.2026380 0.3394515 0.3678417 0.4350842 0.4221640 0.4384470 0.0000000 0.3421042 0.5050114 0.4026410 
NepSFB     0.2738378 0.2736795 0.3087783 0.2915854 0.0128349 0.2727879 0.3174918 0.3370679 0.3359350 0.3421042 0.0000000 0.4247287 0.2103120 
WPYJ       0.3990769 0.4355188 0.3899493 0.4314389 0.4097961 0.3807706 0.2079724 0.4197549 0.4336260 0.5050114 0.4247287 0.0000000 0.4634122 
MJM2940    0.1953577 0.3160820 0.3287954 0.3327229 0.2050673 0.3024825 0.3795245 0.4049486 0.3961820 0.4026410 0.2103120 0.4634122 0.0000000 
