13
DrolusSFB  0.0000000 0.2856322 0.3937121 0.3573847 0.2443016 0.3315783 0.3451364 0.3563374 0.3676123 0.3110596 0.2372432 0.3488631 0.1765667 
Dino       0.2856322 0.0000000 0.4149080 0.1802227 0.3204924 0.3334143 0.3630417 0.4058836 0.4027288 0.1508651 0.3176912 0.3230811 0.2674888 
MJM3360    0.3937121 0.4149080 0.0000000 0.3820308 0.3944487 0.3664056 0.4077125 0.4326243 0.4604453 0.4400279 0.3924829 0.4698598 0.3565179 
DrobinSFB  0.3573847 0.1802227 0.3820308 0.0000000 0.3400129 0.3030929 0.3800055 0.4048264 0.4372517 0.2122425 0.3213486 0.2209183 0.3232549 
Neam       0.2443016 0.3204924 0.3944487 0.3400129 0.0000000 0.2889682 0.3461743 0.3990964 0.3789987 0.3647874 0.0208847 0.3419184 0.2289917 
RuprSFB    0.3315783 0.3334143 0.3664056 0.3030929 0.2889682 0.0000000 0.3409798 0.3671404 0.3894783 0.3664165 0.2884591 0.4010110 0.2783609 
Retr       0.3451364 0.3630417 0.4077125 0.3800055 0.3461743 0.3409798 0.0000000 0.4229445 0.4265164 0.3936709 0.3338816 0.1825854 0.3256387 
Beta       0.3563374 0.4058836 0.4326243 0.4048264 0.3990964 0.3671404 0.4229445 0.0000000 0.1382130 0.4276834 0.3829157 0.4011829 0.3443030 
Spol       0.3676123 0.4027288 0.4604453 0.4372517 0.3789987 0.3894783 0.4265164 0.1382130 0.0000000 0.4095196 0.3649054 0.4133517 0.3692961 
MJM1652    0.3110596 0.1508651 0.4400279 0.2122425 0.3647874 0.3664165 0.3936709 0.4276834 0.4095196 0.0000000 0.3614007 0.3843046 0.2888846 
NepSFB     0.2372432 0.3176912 0.3924829 0.3213486 0.0208847 0.2884591 0.3338816 0.3829157 0.3649054 0.3614007 0.0000000 0.3312760 0.2275427 
WPYJ       0.3488631 0.3230811 0.4698598 0.2209183 0.3419184 0.4010110 0.1825854 0.4011829 0.4133517 0.3843046 0.3312760 0.0000000 0.3404814 
MJM2940    0.1765667 0.2674888 0.3565179 0.3232549 0.2289917 0.2783609 0.3256387 0.3443030 0.3692961 0.2888846 0.2275427 0.3404814 0.0000000 
