13
DrolusSFB  0.0000000 0.3305862 0.3103339 0.4084305 0.2555173 0.2734740 0.2728212 0.3718169 0.3561662 0.4169293 0.2532948 0.2973251 0.1664673 
Dino       0.3305862 0.0000000 0.3273618 0.1794738 0.2773464 0.2367227 0.2774003 0.3802508 0.3856066 0.1692620 0.2876666 0.3087039 0.2723449 
MJM3360    0.3103339 0.3273618 0.0000000 0.3621558 0.3083262 0.2378784 0.3257527 0.2704779 0.2801532 0.3664637 0.3061972 0.2946630 0.2638396 
DrobinSFB  0.4084305 0.1794738 0.3621558 0.0000000 0.3243213 0.3080872 0.3634063 0.4375860 0.4108981 0.2352049 0.3207026 0.3656111 0.3213940 
Neam       0.2555173 0.2773464 0.3083262 0.3243213 0.0000000 0.2317558 0.2866390 0.3446525 0.3253950 0.3770744 0.0214917 0.2668024 0.1855541 
RuprSFB    0.2734740 0.2367227 0.2378784 0.3080872 0.2317558 0.0000000 0.2517548 0.3345988 0.3190384 0.2981368 0.2185550 0.2403265 0.2175767 
Retr       0.2728212 0.2774003 0.3257527 0.3634063 0.2866390 0.2517548 0.0000000 0.3151842 0.3219380 0.3578442 0.2690696 0.1200792 0.2034769 
Beta       0.3718169 0.3802508 0.2704779 0.4375860 0.3446525 0.3345988 0.3151842 0.0000000 0.1057658 0.4620288 0.3390388 0.2806165 0.2996728 
Spol       0.3561662 0.3856066 0.2801532 0.4108981 0.3253950 0.3190384 0.3219380 0.1057658 0.0000000 0.4774139 0.3262035 0.3431424 0.2868254 
MJM1652    0.4169293 0.1692620 0.3664637 0.2352049 0.3770744 0.2981368 0.3578442 0.4620288 0.4774139 0.0000000 0.3836751 0.4451358 0.3591958 
NepSFB     0.2532948 0.2876666 0.3061972 0.3207026 0.0214917 0.2185550 0.2690696 0.3390388 0.3262035 0.3836751 0.0000000 0.2572084 0.1874717 
WPYJ       0.2973251 0.3087039 0.2946630 0.3656111 0.2668024 0.2403265 0.1200792 0.2806165 0.3431424 0.4451358 0.2572084 0.0000000 0.2152561 
MJM2940    0.1664673 0.2723449 0.2638396 0.3213940 0.1855541 0.2175767 0.2034769 0.2996728 0.2868254 0.3591958 0.1874717 0.2152561 0.0000000 
