13
DrolusSFB  0.0000000 0.3366526 0.4540004 0.3929037 0.2689420 0.3835573 0.4272588 0.4040384 0.4251636 0.3521517 0.2715236 0.4331849 0.1818429 
Dino       0.3366526 0.0000000 0.3617324 0.1507105 0.2155161 0.3106636 0.3926940 0.3549151 0.3572760 0.1242336 0.2183111 0.3572935 0.2336433 
MJM3360    0.4540004 0.3617324 0.0000000 0.4063031 0.3212975 0.2827689 0.4538455 0.4091027 0.4218618 0.3756502 0.3245312 0.4155635 0.3411286 
DrobinSFB  0.3929037 0.1507105 0.4063031 0.0000000 0.2736637 0.3587798 0.4455439 0.3916529 0.3879147 0.1851504 0.2745056 0.4316237 0.2733738 
Neam       0.2689420 0.2155161 0.3212975 0.2736637 0.0000000 0.2512868 0.3155648 0.3029212 0.3128503 0.2370929 0.0073584 0.3179689 0.1684839 
RuprSFB    0.3835573 0.3106636 0.2827689 0.3587798 0.2512868 0.0000000 0.3618593 0.3454930 0.3515702 0.3224372 0.2527911 0.3586277 0.2756015 
Retr       0.4272588 0.3926940 0.4538455 0.4455439 0.3155648 0.3618593 0.0000000 0.4210023 0.4552566 0.4297529 0.3193174 0.2071452 0.3409952 
Beta       0.4040384 0.3549151 0.4091027 0.3916529 0.3029212 0.3454930 0.4210023 0.0000000 0.1290162 0.3662532 0.3038667 0.3987982 0.3027082 
Spol       0.4251636 0.3572760 0.4218618 0.3879147 0.3128503 0.3515702 0.4552566 0.1290162 0.0000000 0.3738729 0.3118933 0.4406219 0.3171439 
MJM1652    0.3521517 0.1242336 0.3756502 0.1851504 0.2370929 0.3224372 0.4297529 0.3662532 0.3738729 0.0000000 0.2408654 0.3935990 0.2453791 
NepSFB     0.2715236 0.2183111 0.3245312 0.2745056 0.0073584 0.2527911 0.3193174 0.3038667 0.3118933 0.2408654 0.0000000 0.3213440 0.1702976 
WPYJ       0.4331849 0.3572935 0.4155635 0.4316237 0.3179689 0.3586277 0.2071452 0.3987982 0.4406219 0.3935990 0.3213440 0.0000000 0.3328469 
MJM2940    0.1818429 0.2336433 0.3411286 0.2733738 0.1684839 0.2756015 0.3409952 0.3027082 0.3171439 0.2453791 0.1702976 0.3328469 0.0000000 
