13
DrolusSFB  0.0000000 0.2512694 0.3008958 0.2516926 0.1909448 0.2737522 0.2610668 0.3305078 0.2537512 0.2695943 0.1917962 0.3173025 0.1526458 
Dino       0.2512694 0.0000000 0.2955711 0.2204089 0.1960870 0.2602753 0.2820192 0.3250280 0.2670252 0.1464993 0.1879021 0.3185602 0.2134237 
MJM3360    0.3008958 0.2955711 0.0000000 0.3211392 0.2521803 0.2408491 0.3073445 0.3312250 0.2948630 0.3230700 0.2515130 0.3586602 0.2772847 
DrobinSFB  0.2516926 0.2204089 0.3211392 0.0000000 0.1773798 0.3080015 0.3116316 0.3402266 0.2650097 0.2184062 0.1728069 0.3141584 0.2220759 
Neam       0.1909448 0.1960870 0.2521803 0.1773798 0.0000000 0.2156780 0.2209209 0.2556025 0.2163434 0.1939288 0.0089696 0.2740056 0.1413069 
RuprSFB    0.2737522 0.2602753 0.2408491 0.3080015 0.2156780 0.0000000 0.2710962 0.2994939 0.3000726 0.2936691 0.2168036 0.3280540 0.2350915 
Retr       0.2610668 0.2820192 0.3073445 0.3116316 0.2209209 0.2710962 0.0000000 0.2863263 0.2689783 0.3155226 0.2256962 0.1410253 0.2361403 
Beta       0.3305078 0.3250280 0.3312250 0.3402266 0.2556025 0.2994939 0.2863263 0.0000000 0.0843892 0.3429589 0.2597222 0.3099775 0.3121511 
Spol       0.2537512 0.2670252 0.2948630 0.2650097 0.2163434 0.3000726 0.2689783 0.0843892 0.0000000 0.2602561 0.2244471 0.2669346 0.2426518 
MJM1652    0.2695943 0.1464993 0.3230700 0.2184062 0.1939288 0.2936691 0.3155226 0.3429589 0.2602561 0.0000000 0.1936079 0.3704291 0.2402681 
NepSFB     0.1917962 0.1879021 0.2515130 0.1728069 0.0089696 0.2168036 0.2256962 0.2597222 0.2244471 0.1936079 0.0000000 0.2825855 0.1427482 
WPYJ       0.3173025 0.3185602 0.3586602 0.3141584 0.2740056 0.3280540 0.1410253 0.3099775 0.2669346 0.3704291 0.2825855 0.0000000 0.2885315 
MJM2940    0.1526458 0.2134237 0.2772847 0.2220759 0.1413069 0.2350915 0.2361403 0.3121511 0.2426518 0.2402681 0.1427482 0.2885315 0.0000000 
