13
DrolusSFB  0.0000000 0.3760359 0.3784777 0.4015705 0.2991387 0.4354196 0.4837935 0.4936130 0.4978195 0.4116924 0.3009988 0.5469455 0.1913204 
Dino       0.3760359 0.0000000 0.4080945 0.1840115 0.3085089 0.4721537 0.4855569 0.4687949 0.4844859 0.1539220 0.3067022 0.5273109 0.2926383 
MJM3360    0.3784777 0.4080945 0.0000000 0.3914545 0.3641926 0.2909062 0.4235104 0.4177912 0.3984969 0.4376363 0.3716849 0.5216195 0.3586122 
DrobinSFB  0.4015705 0.1840115 0.3914545 0.0000000 0.3359247 0.4736586 0.5109532 0.4770554 0.4966220 0.2030700 0.3353025 0.5610134 0.2991265 
Neam       0.2991387 0.3085089 0.3641926 0.3359247 0.0000000 0.3660006 0.4117323 0.3961193 0.4122457 0.3657391 0.0132746 0.4976641 0.2327270 
RuprSFB    0.4354196 0.4721537 0.2909062 0.4736586 0.3660006 0.0000000 0.4717879 0.4495318 0.4569196 0.4976689 0.3637996 0.5215641 0.3641569 
Retr       0.4837935 0.4855569 0.4235104 0.5109532 0.4117323 0.4717879 0.0000000 0.4699787 0.5191832 0.5148733 0.4013381 0.2036923 0.4139059 
Beta       0.4936130 0.4687949 0.4177912 0.4770554 0.3961193 0.4495318 0.4699787 0.0000000 0.1546715 0.5343381 0.4011995 0.5737192 0.4098761 
Spol       0.4978195 0.4844859 0.3984969 0.4966220 0.4122457 0.4569196 0.5191832 0.1546715 0.0000000 0.5712260 0.4069693 0.5822875 0.4100126 
MJM1652    0.4116924 0.1539220 0.4376363 0.2030700 0.3657391 0.4976689 0.5148733 0.5343381 0.5712260 0.0000000 0.3515644 0.5611630 0.3338397 
NepSFB     0.3009988 0.3067022 0.3716849 0.3353025 0.0132746 0.3637996 0.4013381 0.4011995 0.4069693 0.3515644 0.0000000 0.4866133 0.2324917 
WPYJ       0.5469455 0.5273109 0.5216195 0.5610134 0.4976641 0.5215641 0.2036923 0.5737192 0.5822875 0.5611630 0.4866133 0.0000000 0.4671628 
MJM2940    0.1913204 0.2926383 0.3586122 0.2991265 0.2327270 0.3641569 0.4139059 0.4098761 0.4100126 0.3338397 0.2324917 0.4671628 0.0000000 
