13
DrolusSFB  0.0000000 0.4200460 0.3878268 0.4355015 0.3361748 0.4375560 0.3987399 0.4516541 0.4752062 0.4195417 0.3233630 0.3851474 0.2437431 
Dino       0.4200460 0.0000000 0.4464599 0.2507507 0.3773718 0.4245090 0.3947363 0.5848725 0.5798817 0.2140233 0.3784674 0.4094126 0.4158445 
MJM3360    0.3878268 0.4464599 0.0000000 0.4153514 0.3528986 0.3328121 0.3808890 0.3836418 0.4010355 0.4413772 0.3540564 0.3910815 0.3863771 
DrobinSFB  0.4355015 0.2507507 0.4153514 0.0000000 0.4249899 0.4220958 0.3643644 0.5881673 0.6056953 0.2767047 0.4312575 0.3776717 0.4436503 
Neam       0.3361748 0.3773718 0.3528986 0.4249899 0.0000000 0.3689128 0.3332923 0.4517276 0.5057555 0.4213070 0.0185185 0.3139829 0.3124231 
RuprSFB    0.4375560 0.4245090 0.3328121 0.4220958 0.3689128 0.0000000 0.3615367 0.4297121 0.4832835 0.4574547 0.3757168 0.3877719 0.3901488 
Retr       0.3987399 0.3947363 0.3808890 0.3643644 0.3332923 0.3615367 0.0000000 0.3808844 0.4386408 0.3807203 0.3316497 0.1707549 0.3501212 
Beta       0.4516541 0.5848725 0.3836418 0.5881673 0.4517276 0.4297121 0.3808844 0.0000000 0.2045357 0.6031038 0.4530457 0.3762309 0.4314663 
Spol       0.4752062 0.5798817 0.4010355 0.6056953 0.5057555 0.4832835 0.4386408 0.2045357 0.0000000 0.6188279 0.5097110 0.4170106 0.4804392 
MJM1652    0.4195417 0.2140233 0.4413772 0.2767047 0.4213070 0.4574547 0.3807203 0.6031038 0.6188279 0.0000000 0.4201951 0.4114376 0.4460216 
NepSFB     0.3233630 0.3784674 0.3540564 0.4312575 0.0185185 0.3757168 0.3316497 0.4530457 0.5097110 0.4201951 0.0000000 0.3237406 0.3131122 
WPYJ       0.3851474 0.4094126 0.3910815 0.3776717 0.3139829 0.3877719 0.1707549 0.3762309 0.4170106 0.4114376 0.3237406 0.0000000 0.3342688 
MJM2940    0.2437431 0.4158445 0.3863771 0.4436503 0.3124231 0.3901488 0.3501212 0.4314663 0.4804392 0.4460216 0.3131122 0.3342688 0.0000000 
