13
DrolusSFB  0.0000000 0.4308166 0.5392073 0.4702493 0.3278536 0.4126125 0.3496435 0.4513793 0.5050278 0.4393718 0.3294096 0.3875590 0.2603109 
Dino       0.4308166 0.0000000 0.5821160 0.2453010 0.3746248 0.4486281 0.3845168 0.5110778 0.5386922 0.1859774 0.3761467 0.4526010 0.3580026 
MJM3360    0.5392073 0.5821160 0.0000000 0.6144376 0.4886928 0.3877373 0.4857062 0.5113190 0.5627701 0.6022043 0.4896726 0.4893274 0.4820884 
DrobinSFB  0.4702493 0.2453010 0.6144376 0.0000000 0.4271754 0.4815747 0.4800165 0.5585836 0.5992612 0.2774752 0.4314929 0.5074763 0.4231773 
Neam       0.3278536 0.3746248 0.4886928 0.4271754 0.0000000 0.3570393 0.3161590 0.4127683 0.4544423 0.3756776 0.0074954 0.3696190 0.2497866 
RuprSFB    0.4126125 0.4486281 0.3877373 0.4815747 0.3570393 0.0000000 0.4090296 0.3917298 0.4017947 0.4717876 0.3597576 0.4320896 0.3617851 
Retr       0.3496435 0.3845168 0.4857062 0.4800165 0.3161590 0.4090296 0.0000000 0.4112601 0.4167022 0.3939578 0.3219447 0.2261260 0.3365772 
Beta       0.4513793 0.5110778 0.5113190 0.5585836 0.4127683 0.3917298 0.4112601 0.0000000 0.1916915 0.4994136 0.4122406 0.4315356 0.3793593 
Spol       0.5050278 0.5386922 0.5627701 0.5992612 0.4544423 0.4017947 0.4167022 0.1916915 0.0000000 0.5509836 0.4631055 0.4851414 0.4249843 
MJM1652    0.4393718 0.1859774 0.6022043 0.2774752 0.3756776 0.4717876 0.3939578 0.4994136 0.5509836 0.0000000 0.3750041 0.4486732 0.3561837 
NepSFB     0.3294096 0.3761467 0.4896726 0.4314929 0.0074954 0.3597576 0.3219447 0.4122406 0.4631055 0.3750041 0.0000000 0.3699234 0.2503781 
WPYJ       0.3875590 0.4526010 0.4893274 0.5074763 0.3696190 0.4320896 0.2261260 0.4315356 0.4851414 0.4486732 0.3699234 0.0000000 0.4012332 
MJM2940    0.2603109 0.3580026 0.4820884 0.4231773 0.2497866 0.3617851 0.3365772 0.3793593 0.4249843 0.3561837 0.2503781 0.4012332 0.0000000 
