13
DrolusSFB  0.0000000 0.3050207 0.4232276 0.3751040 0.2557954 0.3318042 0.3619227 0.3988607 0.3993890 0.3210175 0.2713747 0.4971955 0.1782758 
Dino       0.3050207 0.0000000 0.3689414 0.2138375 0.2255565 0.3123206 0.3078555 0.3941901 0.4056665 0.1295898 0.2547731 0.4368751 0.2420862 
MJM3360    0.4232276 0.3689414 0.0000000 0.4837070 0.3490359 0.2842670 0.3348699 0.4141598 0.4187454 0.4046147 0.4423522 0.4675923 0.3714943 
DrobinSFB  0.3751040 0.2138375 0.4837070 0.0000000 0.3213758 0.3812280 0.3975199 0.4622325 0.4029747 0.2468795 0.3442919 0.5808881 0.3014941 
Neam       0.2557954 0.2255565 0.3490359 0.3213758 0.0000000 0.2183306 0.2733871 0.3809225 0.3631031 0.2243450 0.0137734 0.4129408 0.1745604 
RuprSFB    0.3318042 0.3123206 0.2842670 0.3812280 0.2183306 0.0000000 0.2830273 0.4044374 0.3807141 0.3217813 0.2449839 0.3646926 0.2690377 
Retr       0.3619227 0.3078555 0.3348699 0.3975199 0.2733871 0.2830273 0.0000000 0.3576044 0.3444317 0.3112771 0.3641017 0.1729834 0.3070328 
Beta       0.3988607 0.3941901 0.4141598 0.4622325 0.3809225 0.4044374 0.3576044 0.0000000 0.1273166 0.3447792 0.4947107 0.3920179 0.3342402 
Spol       0.3993890 0.4056665 0.4187454 0.4029747 0.3631031 0.3807141 0.3444317 0.1273166 0.0000000 0.3685028 0.4961086 0.4533512 0.3273674 
MJM1652    0.3210175 0.1295898 0.4046147 0.2468795 0.2243450 0.3217813 0.3112771 0.3447792 0.3685028 0.0000000 0.2449928 0.4271917 0.2609321 
NepSFB     0.2713747 0.2547731 0.4423522 0.3442919 0.0137734 0.2449839 0.3641017 0.4947107 0.4961086 0.2449928 0.0000000 0.4586432 0.1753182 
WPYJ       0.4971955 0.4368751 0.4675923 0.5808881 0.4129408 0.3646926 0.1729834 0.3920179 0.4533512 0.4271917 0.4586432 0.0000000 0.4583676 
MJM2940    0.1782758 0.2420862 0.3714943 0.3014941 0.1745604 0.2690377 0.3070328 0.3342402 0.3273674 0.2609321 0.1753182 0.4583676 0.0000000 
