13
DrolusSFB  0.0000000 0.1873471 0.2082403 0.2061822 0.1895566 0.1929504 0.2198129 0.2151972 0.2141984 0.2088970 0.1903714 0.2719826 0.1305971 
Dino       0.1873471 0.0000000 0.2278623 0.1118298 0.1726614 0.2086450 0.2337566 0.1949876 0.2100462 0.1122413 0.1759664 0.3871419 0.1346205 
MJM3360    0.2082403 0.2278623 0.0000000 0.2326451 0.2422378 0.1913811 0.2770212 0.2465156 0.2657615 0.2337085 0.2462268 0.3533876 0.2065606 
DrobinSFB  0.2061822 0.1118298 0.2326451 0.0000000 0.2060595 0.2185604 0.2682132 0.2500807 0.2403410 0.1489920 0.2135840 0.3399227 0.1872308 
Neam       0.1895566 0.1726614 0.2422378 0.2060595 0.0000000 0.2124294 0.2181775 0.2306615 0.2445711 0.1755330 0.0100684 0.3255640 0.1424373 
RuprSFB    0.1929504 0.2086450 0.1913811 0.2185604 0.2124294 0.0000000 0.2252510 0.1911239 0.2035971 0.2162205 0.2196482 0.3036703 0.1856533 
Retr       0.2198129 0.2337566 0.2770212 0.2682132 0.2181775 0.2252510 0.0000000 0.2100647 0.2367057 0.2416727 0.2265312 0.1677375 0.1912308 
Beta       0.2151972 0.1949876 0.2465156 0.2500807 0.2306615 0.1911239 0.2100647 0.0000000 0.0772405 0.2172729 0.2310597 0.2942902 0.1727483 
Spol       0.2141984 0.2100462 0.2657615 0.2403410 0.2445711 0.2035971 0.2367057 0.0772405 0.0000000 0.2428366 0.2476379 0.2977161 0.1794355 
MJM1652    0.2088970 0.1122413 0.2337085 0.1489920 0.1755330 0.2162205 0.2416727 0.2172729 0.2428366 0.0000000 0.1820789 0.3021894 0.1562248 
NepSFB     0.1903714 0.1759664 0.2462268 0.2135840 0.0100684 0.2196482 0.2265312 0.2310597 0.2476379 0.1820789 0.0000000 0.3303135 0.1443040 
WPYJ       0.2719826 0.3871419 0.3533876 0.3399227 0.3255640 0.3036703 0.1677375 0.2942902 0.2977161 0.3021894 0.3303135 0.0000000 0.2946319 
MJM2940    0.1305971 0.1346205 0.2065606 0.1872308 0.1424373 0.1856533 0.1912308 0.1727483 0.1794355 0.1562248 0.1443040 0.2946319 0.0000000 
