13
DrolusSFB  0.0000000 0.3760496 0.2796212 0.4046872 0.3175063 0.2614566 0.2697603 0.4915378 0.4843603 0.3841523 0.3285026 0.3181114 0.2130198 
Dino       0.3760496 0.0000000 0.3320909 0.2927782 0.3184374 0.2924952 0.3100964 0.5271581 0.5313849 0.2520245 0.3293902 0.3560329 0.3077102 
MJM3360    0.2796212 0.3320909 0.0000000 0.3445329 0.2503421 0.2106814 0.2783730 0.3347028 0.3223847 0.3327536 0.2565194 0.3233894 0.2533010 
DrobinSFB  0.4046872 0.2927782 0.3445329 0.0000000 0.3647432 0.2968748 0.3263659 0.5709257 0.5729784 0.2481854 0.3760339 0.3718557 0.3584776 
Neam       0.3175063 0.3184374 0.2503421 0.3647432 0.0000000 0.2360733 0.2481320 0.4627591 0.4657383 0.3278987 0.0092901 0.3146383 0.2385945 
RuprSFB    0.2614566 0.2924952 0.2106814 0.2968748 0.2360733 0.0000000 0.2395502 0.3072418 0.2936690 0.2917397 0.2372995 0.2836229 0.2293863 
Retr       0.2697603 0.3100964 0.2783730 0.3263659 0.2481320 0.2395502 0.0000000 0.3052078 0.3148454 0.3240343 0.2555573 0.1717010 0.2322333 
Beta       0.4915378 0.5271581 0.3347028 0.5709257 0.4627591 0.3072418 0.3052078 0.0000000 0.1643578 0.5339521 0.4808202 0.3397821 0.4239732 
Spol       0.4843603 0.5313849 0.3223847 0.5729784 0.4657383 0.2936690 0.3148454 0.1643578 0.0000000 0.5171346 0.4813053 0.3450654 0.4226119 
MJM1652    0.3841523 0.2520245 0.3327536 0.2481854 0.3278987 0.2917397 0.3240343 0.5339521 0.5171346 0.0000000 0.3338641 0.3819749 0.3204082 
NepSFB     0.3285026 0.3293902 0.2565194 0.3760339 0.0092901 0.2372995 0.2555573 0.4808202 0.4813053 0.3338641 0.0000000 0.3223536 0.2462494 
WPYJ       0.3181114 0.3560329 0.3233894 0.3718557 0.3146383 0.2836229 0.1717010 0.3397821 0.3450654 0.3819749 0.3223536 0.0000000 0.3033427 
MJM2940    0.2130198 0.3077102 0.2533010 0.3584776 0.2385945 0.2293863 0.2322333 0.4239732 0.4226119 0.3204082 0.2462494 0.3033427 0.0000000 
