13
DrolusSFB  0.0000000 0.2717557 0.2906693 0.3051054 0.2191802 0.2775238 0.3181732 0.3193908 0.3128423 0.3033057 0.2230962 0.3121327 0.1605334 
Dino       0.2717557 0.0000000 0.3180372 0.1343791 0.2286041 0.3189834 0.3294719 0.3456659 0.3503034 0.1256408 0.2319357 0.3280857 0.2166898 
MJM3360    0.2906693 0.3180372 0.0000000 0.3584601 0.2689139 0.2201091 0.3440447 0.3268799 0.3263128 0.3315679 0.2697524 0.3166074 0.2520423 
DrobinSFB  0.3051054 0.1343791 0.3584601 0.0000000 0.2523258 0.3355979 0.3518642 0.3459151 0.3659774 0.1630280 0.2541807 0.3525221 0.2555700 
Neam       0.2191802 0.2286041 0.2689139 0.2523258 0.0000000 0.2572500 0.2875307 0.3089394 0.2956401 0.2643836 0.0124081 0.3019751 0.1743789 
RuprSFB    0.2775238 0.3189834 0.2201091 0.3355979 0.2572500 0.0000000 0.3084940 0.3270686 0.3285799 0.3288691 0.2576678 0.2684528 0.2398860 
Retr       0.3181732 0.3294719 0.3440447 0.3518642 0.2875307 0.3084940 0.0000000 0.3839427 0.3632586 0.3555167 0.2940234 0.1727548 0.2544090 
Beta       0.3193908 0.3456659 0.3268799 0.3459151 0.3089394 0.3270686 0.3839427 0.0000000 0.1179263 0.3639721 0.3050908 0.3301325 0.2832284 
Spol       0.3128423 0.3503034 0.3263128 0.3659774 0.2956401 0.3285799 0.3632586 0.1179263 0.0000000 0.3860366 0.2921709 0.3204715 0.2776449 
MJM1652    0.3033057 0.1256408 0.3315679 0.1630280 0.2643836 0.3288691 0.3555167 0.3639721 0.3860366 0.0000000 0.2639308 0.3485968 0.2546892 
NepSFB     0.2230962 0.2319357 0.2697524 0.2541807 0.0124081 0.2576678 0.2940234 0.3050908 0.2921709 0.2639308 0.0000000 0.3020355 0.1761940 
WPYJ       0.3121327 0.3280857 0.3166074 0.3525221 0.3019751 0.2684528 0.1727548 0.3301325 0.3204715 0.3485968 0.3020355 0.0000000 0.2739201 
MJM2940    0.1605334 0.2166898 0.2520423 0.2555700 0.1743789 0.2398860 0.2544090 0.2832284 0.2776449 0.2546892 0.1761940 0.2739201 0.0000000 
