13
DrolusSFB  0.0000000 0.2498092 0.3144418 0.2924092 0.2095624 0.2721546 0.3073138 0.3109938 0.3134236 0.2630381 0.2127225 0.3048637 0.1507233 
Dino       0.2498092 0.0000000 0.3093400 0.1833290 0.2133063 0.2769851 0.3107609 0.3341280 0.3229785 0.1348576 0.2182916 0.3239278 0.2210964 
MJM3360    0.3144418 0.3093400 0.0000000 0.3447763 0.3018753 0.2618610 0.3380666 0.3271063 0.3236748 0.3296609 0.3066304 0.3324475 0.2920303 
DrobinSFB  0.2924092 0.1833290 0.3447763 0.0000000 0.2702481 0.3071641 0.3286938 0.3650554 0.3593434 0.2126612 0.2748768 0.3588663 0.2629088 
Neam       0.2095624 0.2133063 0.3018753 0.2702481 0.0000000 0.2461411 0.2910820 0.2720053 0.2793835 0.2390470 0.0230127 0.2919011 0.1626057 
RuprSFB    0.2721546 0.2769851 0.2618610 0.3071641 0.2461411 0.0000000 0.3238619 0.2981419 0.3031046 0.3001512 0.2451567 0.3230064 0.2461253 
Retr       0.3073138 0.3107609 0.3380666 0.3286938 0.2910820 0.3238619 0.0000000 0.3536508 0.3278537 0.3342644 0.2996735 0.1766461 0.2729930 
Beta       0.3109938 0.3341280 0.3271063 0.3650554 0.2720053 0.2981419 0.3536508 0.0000000 0.1188785 0.3485090 0.2690793 0.3513419 0.2821764 
Spol       0.3134236 0.3229785 0.3236748 0.3593434 0.2793835 0.3031046 0.3278537 0.1188785 0.0000000 0.3323504 0.2760592 0.3455580 0.2842532 
MJM1652    0.2630381 0.1348576 0.3296609 0.2126612 0.2390470 0.3001512 0.3342644 0.3485090 0.3323504 0.0000000 0.2387117 0.3522073 0.2475055 
NepSFB     0.2127225 0.2182916 0.3066304 0.2748768 0.0230127 0.2451567 0.2996735 0.2690793 0.2760592 0.2387117 0.0000000 0.2960373 0.1645962 
WPYJ       0.3048637 0.3239278 0.3324475 0.3588663 0.2919011 0.3230064 0.1766461 0.3513419 0.3455580 0.3522073 0.2960373 0.0000000 0.2766499 
MJM2940    0.1507233 0.2210964 0.2920303 0.2629088 0.1626057 0.2461253 0.2729930 0.2821764 0.2842532 0.2475055 0.1645962 0.2766499 0.0000000 
