13
DrolusSFB  0.0000000 0.2904482 0.3972266 0.3170185 0.2099301 0.3163409 0.3544942 0.3875565 0.3775503 0.2962259 0.2296950 0.4251624 0.1640942 
Dino       0.2904482 0.0000000 0.4144410 0.2062273 0.2409832 0.3503667 0.3533827 0.4186206 0.4054031 0.1550386 0.2496713 0.4011328 0.2451524 
MJM3360    0.3972266 0.4144410 0.0000000 0.4234193 0.3246687 0.2955823 0.3896652 0.4362505 0.4592994 0.4171918 0.3356981 0.3934213 0.3603163 
DrobinSFB  0.3170185 0.2062273 0.4234193 0.0000000 0.2382918 0.3528436 0.3862711 0.4135246 0.4091663 0.2124573 0.2483444 0.3792808 0.2845110 
Neam       0.2099301 0.2409832 0.3246687 0.2382918 0.0000000 0.2502076 0.2963645 0.3238687 0.3209109 0.2329245 0.0096592 0.3225098 0.1762851 
RuprSFB    0.3163409 0.3503667 0.2955823 0.3528436 0.2502076 0.0000000 0.3422868 0.3624717 0.3848145 0.3560549 0.2756650 0.3785837 0.3097693 
Retr       0.3544942 0.3533827 0.3896652 0.3862711 0.2963645 0.3422868 0.0000000 0.3976007 0.4107410 0.3518203 0.3075018 0.1698380 0.3251838 
Beta       0.3875565 0.4186206 0.4362505 0.4135246 0.3238687 0.3624717 0.3976007 0.0000000 0.1389179 0.4230917 0.3299998 0.3617619 0.3429466 
Spol       0.3775503 0.4054031 0.4592994 0.4091663 0.3209109 0.3848145 0.4107410 0.1389179 0.0000000 0.4203682 0.3350062 0.4143818 0.3464067 
MJM1652    0.2962259 0.1550386 0.4171918 0.2124573 0.2329245 0.3560549 0.3518203 0.4230917 0.4203682 0.0000000 0.2490839 0.3883700 0.2519947 
NepSFB     0.2296950 0.2496713 0.3356981 0.2483444 0.0096592 0.2756650 0.3075018 0.3299998 0.3350062 0.2490839 0.0000000 0.3617078 0.1897596 
WPYJ       0.4251624 0.4011328 0.3934213 0.3792808 0.3225098 0.3785837 0.1698380 0.3617619 0.4143818 0.3883700 0.3617078 0.0000000 0.3572702 
MJM2940    0.1640942 0.2451524 0.3603163 0.2845110 0.1762851 0.3097693 0.3251838 0.3429466 0.3464067 0.2519947 0.1897596 0.3572702 0.0000000 
