13
DrolusSFB  0.0000000 0.3460798 0.4586088 0.4170474 0.2679943 0.4105056 0.3570802 0.3838106 0.3755018 0.4175286 0.2727622 0.3964518 0.1840505 
Dino       0.3460798 0.0000000 0.4794198 0.1662834 0.2572347 0.3974980 0.3829494 0.3635408 0.3768837 0.1246744 0.2602869 0.4295326 0.2895257 
MJM3360    0.4586088 0.4794198 0.0000000 0.5090617 0.3571941 0.2961193 0.4683143 0.4452842 0.4617311 0.5024317 0.3632810 0.4885092 0.3999916 
DrobinSFB  0.4170474 0.1662834 0.5090617 0.0000000 0.2975437 0.4361753 0.4375683 0.4202268 0.4334343 0.2267325 0.3029837 0.5075695 0.3542746 
Neam       0.2679943 0.2572347 0.3571941 0.2975437 0.0000000 0.3307608 0.3001536 0.2998227 0.3137516 0.3079876 0.0067457 0.3475972 0.1948284 
RuprSFB    0.4105056 0.3974980 0.2961193 0.4361753 0.3307608 0.0000000 0.3664416 0.4066513 0.4167276 0.4238984 0.3353741 0.4168401 0.3383011 
Retr       0.3570802 0.3829494 0.4683143 0.4375683 0.3001536 0.3664416 0.0000000 0.3492248 0.3355180 0.4274804 0.3024471 0.1290860 0.3103685 
Beta       0.3838106 0.3635408 0.4452842 0.4202268 0.2998227 0.4066513 0.3492248 0.0000000 0.1325119 0.4180645 0.3029568 0.3536262 0.3375166 
Spol       0.3755018 0.3768837 0.4617311 0.4334343 0.3137516 0.4167276 0.3355180 0.1325119 0.0000000 0.4271057 0.3121378 0.3636381 0.3285666 
MJM1652    0.4175286 0.1246744 0.5024317 0.2267325 0.3079876 0.4238984 0.4274804 0.4180645 0.4271057 0.0000000 0.3089558 0.4577215 0.3295839 
NepSFB     0.2727622 0.2602869 0.3632810 0.3029837 0.0067457 0.3353741 0.3024471 0.3029568 0.3121378 0.3089558 0.0000000 0.3511860 0.1981913 
WPYJ       0.3964518 0.4295326 0.4885092 0.5075695 0.3475972 0.4168401 0.1290860 0.3536262 0.3636381 0.4577215 0.3511860 0.0000000 0.3289668 
MJM2940    0.1840505 0.2895257 0.3999916 0.3542746 0.1948284 0.3383011 0.3103685 0.3375166 0.3285666 0.3295839 0.1981913 0.3289668 0.0000000 
