13
DrolusSFB  0.0000000 0.3956681 0.4311554 0.4357542 0.2762761 0.3804718 0.4193419 0.4202065 0.4523418 0.4256193 0.2743470 0.5123688 0.2020777 
Dino       0.3956681 0.0000000 0.5208681 0.1787904 0.3488345 0.4463472 0.4688006 0.4990736 0.4950029 0.1636884 0.3484377 0.5517137 0.3408428 
MJM3360    0.4311554 0.5208681 0.0000000 0.5326603 0.3642828 0.3532952 0.4383325 0.4641799 0.4750775 0.5518202 0.3646808 0.5163450 0.3928046 
DrobinSFB  0.4357542 0.1787904 0.5326603 0.0000000 0.3825490 0.4815991 0.5223813 0.5239560 0.5143336 0.1982952 0.3835995 0.5872388 0.4068425 
Neam       0.2762761 0.3488345 0.3642828 0.3825490 0.0000000 0.3061660 0.3427016 0.3509090 0.3660484 0.3898963 0.0093169 0.3957705 0.2270400 
RuprSFB    0.3804718 0.4463472 0.3532952 0.4815991 0.3061660 0.0000000 0.4085260 0.3930068 0.4114382 0.4942393 0.2992206 0.4205966 0.3364514 
Retr       0.4193419 0.4688006 0.4383325 0.5223813 0.3427016 0.4085260 0.0000000 0.4107392 0.4543139 0.5015592 0.3463207 0.2232984 0.3604172 
Beta       0.4202065 0.4990736 0.4641799 0.5239560 0.3509090 0.3930068 0.4107392 0.0000000 0.1368570 0.5216786 0.3499452 0.4573153 0.3812815 
Spol       0.4523418 0.4950029 0.4750775 0.5143336 0.3660484 0.4114382 0.4543139 0.1368570 0.0000000 0.5410365 0.3653571 0.5020145 0.3848463 
MJM1652    0.4256193 0.1636884 0.5518202 0.1982952 0.3898963 0.4942393 0.5015592 0.5216786 0.5410365 0.0000000 0.3884066 0.5899675 0.3724317 
NepSFB     0.2743470 0.3484377 0.3646808 0.3835995 0.0093169 0.2992206 0.3463207 0.3499452 0.3653571 0.3884066 0.0000000 0.3975439 0.2239206 
WPYJ       0.5123688 0.5517137 0.5163450 0.5872388 0.3957705 0.4205966 0.2232984 0.4573153 0.5020145 0.5899675 0.3975439 0.0000000 0.4356885 
MJM2940    0.2020777 0.3408428 0.3928046 0.4068425 0.2270400 0.3364514 0.3604172 0.3812815 0.3848463 0.3724317 0.2239206 0.4356885 0.0000000 
