13
DrolusSFB  0.0000000 0.2829751 0.4601610 0.3014938 0.2722246 0.3047136 0.2474857 0.2852843 0.2588851 0.2500565 0.2735060 0.2640803 0.1630911 
Dino       0.2829751 0.0000000 0.4955796 0.2016230 0.2367615 0.3300805 0.3137531 0.3043876 0.2562948 0.1389071 0.2352619 0.3513281 0.1923705 
MJM3360    0.4601610 0.4955796 0.0000000 0.5504616 0.3915410 0.3171402 0.5026166 0.4610091 0.5234837 0.4592192 0.4245355 0.5090802 0.4112371 
DrobinSFB  0.3014938 0.2016230 0.5504616 0.0000000 0.2861234 0.3327110 0.3894816 0.2885297 0.2800308 0.2056023 0.2961237 0.4017322 0.2091785 
Neam       0.2722246 0.2367615 0.3915410 0.2861234 0.0000000 0.2761704 0.3310636 0.2604923 0.2733411 0.2536436 0.0202298 0.3076639 0.1985545 
RuprSFB    0.3047136 0.3300805 0.3171402 0.3327110 0.2761704 0.0000000 0.3510071 0.3103811 0.3874129 0.3076621 0.2847087 0.3859555 0.2034273 
Retr       0.2474857 0.3137531 0.5026166 0.3894816 0.3310636 0.3510071 0.0000000 0.2769642 0.3305278 0.2777128 0.3475090 0.1836555 0.2543428 
Beta       0.2852843 0.3043876 0.4610091 0.2885297 0.2604923 0.3103811 0.2769642 0.0000000 0.1572725 0.2761071 0.2572307 0.3193355 0.2393889 
Spol       0.2588851 0.2562948 0.5234837 0.2800308 0.2733411 0.3874129 0.3305278 0.1572725 0.0000000 0.2465842 0.2704738 0.3152849 0.2219189 
MJM1652    0.2500565 0.1389071 0.4592192 0.2056023 0.2536436 0.3076621 0.2777128 0.2761071 0.2465842 0.0000000 0.2460735 0.3090350 0.1744584 
NepSFB     0.2735060 0.2352619 0.4245355 0.2961237 0.0202298 0.2847087 0.3475090 0.2572307 0.2704738 0.2460735 0.0000000 0.3153766 0.1931859 
WPYJ       0.2640803 0.3513281 0.5090802 0.4017322 0.3076639 0.3859555 0.1836555 0.3193355 0.3152849 0.3090350 0.3153766 0.0000000 0.2496225 
MJM2940    0.1630911 0.1923705 0.4112371 0.2091785 0.1985545 0.2034273 0.2543428 0.2393889 0.2219189 0.1744584 0.1931859 0.2496225 0.0000000 
