13
DrolusSFB  0.0000000 0.1776579 0.2984553 0.1915884 0.1603361 0.2719484 0.2482018 0.2868856 0.2549843 0.2004998 0.1638534 0.3139966 0.1286464 
Dino       0.1776579 0.0000000 0.2276366 0.1034802 0.1284391 0.2631808 0.2542624 0.3501184 0.2106719 0.1302862 0.1265358 0.2713794 0.1519314 
MJM3360    0.2984553 0.2276366 0.0000000 0.2924072 0.2633286 0.2128284 0.3154390 0.3553561 0.2930761 0.2798420 0.2675510 0.2664265 0.2453488 
DrobinSFB  0.1915884 0.1034802 0.2924072 0.0000000 0.1579258 0.2800956 0.2355597 0.3473126 0.2602185 0.1325505 0.1643371 0.3264863 0.1741496 
Neam       0.1603361 0.1284391 0.2633286 0.1579258 0.0000000 0.2412353 0.2507555 0.2670862 0.2133528 0.1864579 0.0118357 0.2626769 0.1230286 
RuprSFB    0.2719484 0.2631808 0.2128284 0.2800956 0.2412353 0.0000000 0.2410205 0.2944120 0.2116873 0.2596796 0.2405366 0.2198836 0.1902952 
Retr       0.2482018 0.2542624 0.3154390 0.2355597 0.2507555 0.2410205 0.0000000 0.3079903 0.2667685 0.2875902 0.2597466 0.1437092 0.2322712 
Beta       0.2868856 0.3501184 0.3553561 0.3473126 0.2670862 0.2944120 0.3079903 0.0000000 0.1672475 0.3428886 0.2832198 0.4162284 0.3014631 
Spol       0.2549843 0.2106719 0.2930761 0.2602185 0.2133528 0.2116873 0.2667685 0.1672475 0.0000000 0.2490430 0.2215253 0.2998238 0.2586963 
MJM1652    0.2004998 0.1302862 0.2798420 0.1325505 0.1864579 0.2596796 0.2875902 0.3428886 0.2490430 0.0000000 0.1774187 0.3161547 0.1861910 
NepSFB     0.1638534 0.1265358 0.2675510 0.1643371 0.0118357 0.2405366 0.2597466 0.2832198 0.2215253 0.1774187 0.0000000 0.2535781 0.1238882 
WPYJ       0.3139966 0.2713794 0.2664265 0.3264863 0.2626769 0.2198836 0.1437092 0.4162284 0.2998238 0.3161547 0.2535781 0.0000000 0.2626042 
MJM2940    0.1286464 0.1519314 0.2453488 0.1741496 0.1230286 0.1902952 0.2322712 0.3014631 0.2586963 0.1861910 0.1238882 0.2626042 0.0000000 
