13
DrolusSFB  0.0000000 0.2794111 0.3521336 0.2937711 0.2361126 0.3075088 0.1962290 0.3480949 0.3096572 0.3116771 0.2430559 0.3052302 0.1617374 
Dino       0.2794111 0.0000000 0.3714012 0.1618356 0.2563273 0.3269879 0.2190004 0.3477238 0.3479402 0.1474277 0.2635055 0.3727083 0.2575102 
MJM3360    0.3521336 0.3714012 0.0000000 0.3703875 0.3328653 0.2947094 0.2705444 0.3981574 0.3669542 0.3943994 0.3363399 0.3965965 0.3174739 
DrobinSFB  0.2937711 0.1618356 0.3703875 0.0000000 0.2657856 0.3361090 0.2413980 0.3758922 0.3558325 0.2200933 0.2664306 0.3871148 0.2701774 
Neam       0.2361126 0.2563273 0.3328653 0.2657856 0.0000000 0.2764791 0.1924041 0.3213648 0.2824196 0.2868421 0.0096690 0.2885759 0.2128009 
RuprSFB    0.3075088 0.3269879 0.2947094 0.3361090 0.2764791 0.0000000 0.2409403 0.3432564 0.3384662 0.3479070 0.2828793 0.3817757 0.2931908 
Retr       0.1962290 0.2190004 0.2705444 0.2413980 0.1924041 0.2409403 0.0000000 0.2545690 0.2485924 0.2413910 0.1956721 0.1372752 0.1831522 
Beta       0.3480949 0.3477238 0.3981574 0.3758922 0.3213648 0.3432564 0.2545690 0.0000000 0.1175535 0.3622914 0.3251948 0.3593887 0.3082970 
Spol       0.3096572 0.3479402 0.3669542 0.3558325 0.2824196 0.3384662 0.2485924 0.1175535 0.0000000 0.3564806 0.2897852 0.3607571 0.2791676 
MJM1652    0.3116771 0.1474277 0.3943994 0.2200933 0.2868421 0.3479070 0.2413910 0.3622914 0.3564806 0.0000000 0.2956663 0.4005508 0.2899173 
NepSFB     0.2430559 0.2635055 0.3363399 0.2664306 0.0096690 0.2828793 0.1956721 0.3251948 0.2897852 0.2956663 0.0000000 0.2856995 0.2151566 
WPYJ       0.3052302 0.3727083 0.3965965 0.3871148 0.2885759 0.3817757 0.1372752 0.3593887 0.3607571 0.4005508 0.2856995 0.0000000 0.2970530 
MJM2940    0.1617374 0.2575102 0.3174739 0.2701774 0.2128009 0.2931908 0.1831522 0.3082970 0.2791676 0.2899173 0.2151566 0.2970530 0.0000000 
