13
DrolusSFB  0.0000000 0.3974270 0.4416360 0.4292184 0.3072141 0.3860272 0.4106211 0.5034569 0.4846075 0.4368628 0.3117111 0.4053144 0.2387369 
Dino       0.3974270 0.0000000 0.4376770 0.1928620 0.3240475 0.3590144 0.3618294 0.4517552 0.4356865 0.1875570 0.3194658 0.4210526 0.3115732 
MJM3360    0.4416360 0.4376770 0.0000000 0.4703273 0.3428021 0.2875542 0.3880731 0.4282223 0.4268876 0.4585955 0.3565067 0.4223569 0.3318740 
DrobinSFB  0.4292184 0.1928620 0.4703273 0.0000000 0.3479333 0.3917435 0.3938583 0.4913235 0.5108528 0.2222774 0.3469374 0.4710760 0.3194475 
Neam       0.3072141 0.3240475 0.3428021 0.3479333 0.0000000 0.3129430 0.3021373 0.4240749 0.4271909 0.3563324 0.0108492 0.3294331 0.2219634 
RuprSFB    0.3860272 0.3590144 0.2875542 0.3917435 0.3129430 0.0000000 0.3169054 0.3995153 0.3784528 0.4033960 0.3170749 0.3188685 0.2987940 
Retr       0.4106211 0.3618294 0.3880731 0.3938583 0.3021373 0.3169054 0.0000000 0.4518785 0.4377414 0.3970911 0.2998194 0.1969392 0.2776448 
Beta       0.5034569 0.4517552 0.4282223 0.4913235 0.4240749 0.3995153 0.4518785 0.0000000 0.2055641 0.4891592 0.4296151 0.4546871 0.4003910 
Spol       0.4846075 0.4356865 0.4268876 0.5108528 0.4271909 0.3784528 0.4377414 0.2055641 0.0000000 0.4821225 0.4324970 0.4165288 0.3732755 
MJM1652    0.4368628 0.1875570 0.4585955 0.2222774 0.3563324 0.4033960 0.3970911 0.4891592 0.4821225 0.0000000 0.3592684 0.4289762 0.3302802 
NepSFB     0.3117111 0.3194658 0.3565067 0.3469374 0.0108492 0.3170749 0.2998194 0.4296151 0.4324970 0.3592684 0.0000000 0.3316043 0.2206460 
WPYJ       0.4053144 0.4210526 0.4223569 0.4710760 0.3294331 0.3188685 0.1969392 0.4546871 0.4165288 0.4289762 0.3316043 0.0000000 0.2851804 
MJM2940    0.2387369 0.3115732 0.3318740 0.3194475 0.2219634 0.2987940 0.2776448 0.4003910 0.3732755 0.3302802 0.2206460 0.2851804 0.0000000 
