13
DrolusSFB  0.0000000 0.2251171 0.2698565 0.3438697 0.1847356 0.2520279 0.3418638 0.2850852 0.3064388 0.2785643 0.1817238 0.3829360 0.1526410 
Dino       0.2251171 0.0000000 0.3149138 0.2608169 0.2077479 0.2823942 0.3597547 0.3099379 0.3391145 0.1958079 0.1991501 0.3832986 0.1834595 
MJM3360    0.2698565 0.3149138 0.0000000 0.3814828 0.2896229 0.2333917 0.3965170 0.3800644 0.3969708 0.3476904 0.2819207 0.4298720 0.2718315 
DrobinSFB  0.3438697 0.2608169 0.3814828 0.0000000 0.3211504 0.3664920 0.4226250 0.4350713 0.4641133 0.2473997 0.3128084 0.4536134 0.3038820 
Neam       0.1847356 0.2077479 0.2896229 0.3211504 0.0000000 0.2352915 0.3422030 0.2694977 0.2975343 0.2388423 0.0092122 0.3844322 0.1570992 
RuprSFB    0.2520279 0.2823942 0.2333917 0.3664920 0.2352915 0.0000000 0.3740769 0.3168637 0.3380245 0.3126856 0.2317707 0.4046509 0.2266081 
Retr       0.3418638 0.3597547 0.3965170 0.4226250 0.3422030 0.3740769 0.0000000 0.3706838 0.3812240 0.4070422 0.3536490 0.1770331 0.3288179 
Beta       0.2850852 0.3099379 0.3800644 0.4350713 0.2694977 0.3168637 0.3706838 0.0000000 0.1396809 0.3548438 0.2612480 0.4193670 0.2652796 
Spol       0.3064388 0.3391145 0.3969708 0.4641133 0.2975343 0.3380245 0.3812240 0.1396809 0.0000000 0.3774182 0.2898841 0.4240351 0.2942998 
MJM1652    0.2785643 0.1958079 0.3476904 0.2473997 0.2388423 0.3126856 0.4070422 0.3548438 0.3774182 0.0000000 0.2330317 0.4011644 0.2296523 
NepSFB     0.1817238 0.1991501 0.2819207 0.3128084 0.0092122 0.2317707 0.3536490 0.2612480 0.2898841 0.2330317 0.0000000 0.3846066 0.1530405 
WPYJ       0.3829360 0.3832986 0.4298720 0.4536134 0.3844322 0.4046509 0.1770331 0.4193670 0.4240351 0.4011644 0.3846066 0.0000000 0.3677200 
MJM2940    0.1526410 0.1834595 0.2718315 0.3038820 0.1570992 0.2266081 0.3288179 0.2652796 0.2942998 0.2296523 0.1530405 0.3677200 0.0000000 
