13
DrolusSFB  0.0000000 0.1997696 0.2748862 0.2492110 0.1754589 0.2030804 0.2259926 0.2411656 0.2619303 0.2357372 0.1773842 0.2705541 0.1356532 
Dino       0.1997696 0.0000000 0.2759919 0.1576354 0.1895064 0.2381774 0.2714023 0.2555520 0.2892397 0.1159065 0.1890688 0.2988901 0.1666887 
MJM3360    0.2748862 0.2759919 0.0000000 0.3183176 0.2673514 0.2313866 0.2752821 0.3053609 0.3373017 0.3377475 0.2682906 0.3135392 0.2447737 
DrobinSFB  0.2492110 0.1576354 0.3183176 0.0000000 0.2961099 0.2823577 0.2809346 0.2863561 0.3114984 0.1789654 0.2917318 0.3071724 0.2594916 
Neam       0.1754589 0.1895064 0.2673514 0.2961099 0.0000000 0.2232525 0.2557810 0.2586562 0.2798383 0.2434333 0.0028629 0.2748066 0.1373249 
RuprSFB    0.2030804 0.2381774 0.2313866 0.2823577 0.2232525 0.0000000 0.2414527 0.2463948 0.2934929 0.2488089 0.2243080 0.2627925 0.2121246 
Retr       0.2259926 0.2714023 0.2752821 0.2809346 0.2557810 0.2414527 0.0000000 0.2096267 0.2540245 0.2891878 0.2614821 0.1476822 0.2191952 
Beta       0.2411656 0.2555520 0.3053609 0.2863561 0.2586562 0.2463948 0.2096267 0.0000000 0.0737281 0.2782690 0.2596536 0.2340547 0.2207659 
Spol       0.2619303 0.2892397 0.3373017 0.3114984 0.2798383 0.2934929 0.2540245 0.0737281 0.0000000 0.2965426 0.2808172 0.2697197 0.2366537 
MJM1652    0.2357372 0.1159065 0.3377475 0.1789654 0.2434333 0.2488089 0.2891878 0.2782690 0.2965426 0.0000000 0.2377611 0.3287278 0.2024254 
NepSFB     0.1773842 0.1890688 0.2682906 0.2917318 0.0028629 0.2243080 0.2614821 0.2596536 0.2808172 0.2377611 0.0000000 0.2739285 0.1384467 
WPYJ       0.2705541 0.2988901 0.3135392 0.3071724 0.2748066 0.2627925 0.1476822 0.2340547 0.2697197 0.3287278 0.2739285 0.0000000 0.2547912 
MJM2940    0.1356532 0.1666887 0.2447737 0.2594916 0.1373249 0.2121246 0.2191952 0.2207659 0.2366537 0.2024254 0.1384467 0.2547912 0.0000000 
