13
DrolusSFB  0.0000000 0.2789756 0.4006872 0.3391017 0.2124237 0.3247243 0.3707889 0.3445666 0.3761818 0.3053026 0.2048733 0.3822860 0.1819494 
Dino       0.2789756 0.0000000 0.4340847 0.2081219 0.2632037 0.3556363 0.3815524 0.4372448 0.4589063 0.1639142 0.2602523 0.4099332 0.3241634 
MJM3360    0.4006872 0.4340847 0.0000000 0.4591290 0.3608195 0.3013953 0.4475179 0.4339152 0.4681279 0.4395189 0.3573555 0.4600840 0.4258086 
DrobinSFB  0.3391017 0.2081219 0.4591290 0.0000000 0.2555626 0.3928435 0.4181327 0.3901835 0.4426978 0.2027263 0.2469348 0.3998584 0.3041991 
Neam       0.2124237 0.2632037 0.3608195 0.2555626 0.0000000 0.3003923 0.3160480 0.3481550 0.3889613 0.2662103 0.0071126 0.3148157 0.2141609 
RuprSFB    0.3247243 0.3556363 0.3013953 0.3928435 0.3003923 0.0000000 0.3850322 0.3947118 0.3965327 0.3658608 0.2950624 0.4199415 0.3345274 
Retr       0.3707889 0.3815524 0.4475179 0.4181327 0.3160480 0.3850322 0.0000000 0.3855920 0.3877885 0.3828656 0.3087609 0.2404439 0.3274365 
Beta       0.3445666 0.4372448 0.4339152 0.3901835 0.3481550 0.3947118 0.3855920 0.0000000 0.1397423 0.4446083 0.3410792 0.3907167 0.4108649 
Spol       0.3761818 0.4589063 0.4681279 0.4426978 0.3889613 0.3965327 0.3877885 0.1397423 0.0000000 0.4551850 0.3842330 0.4276010 0.4464485 
MJM1652    0.3053026 0.1639142 0.4395189 0.2027263 0.2662103 0.3658608 0.3828656 0.4446083 0.4551850 0.0000000 0.2633850 0.4025875 0.3298070 
NepSFB     0.2048733 0.2602523 0.3573555 0.2469348 0.0071126 0.2950624 0.3087609 0.3410792 0.3842330 0.2633850 0.0000000 0.3071062 0.2077951 
WPYJ       0.3822860 0.4099332 0.4600840 0.3998584 0.3148157 0.4199415 0.2404439 0.3907167 0.4276010 0.4025875 0.3071062 0.0000000 0.3756089 
MJM2940    0.1819494 0.3241634 0.4258086 0.3041991 0.2141609 0.3345274 0.3274365 0.4108649 0.4464485 0.3298070 0.2077951 0.3756089 0.0000000 
