13
DrolusSFB  0.0000000 0.2992120 0.3374025 0.3114332 0.2444999 0.3286247 0.3699383 0.3424193 0.3341547 0.3206886 0.2410957 0.3516093 0.1993788 
Dino       0.2992120 0.0000000 0.3381504 0.1570076 0.2331306 0.3373851 0.3359004 0.3398883 0.3307691 0.1403589 0.2299067 0.3307086 0.2395890 
MJM3360    0.3374025 0.3381504 0.0000000 0.3465872 0.2847321 0.2439048 0.3719563 0.3731731 0.3529177 0.3423255 0.2872792 0.3576739 0.2949554 
DrobinSFB  0.3114332 0.1570076 0.3465872 0.0000000 0.2393834 0.3432781 0.3370367 0.3689167 0.3424647 0.1821551 0.2376204 0.3453940 0.2497722 
Neam       0.2444999 0.2331306 0.2847321 0.2393834 0.0000000 0.2795827 0.3008856 0.3100231 0.3000643 0.2659241 0.0105282 0.2997950 0.1883749 
RuprSFB    0.3286247 0.3373851 0.2439048 0.3432781 0.2795827 0.0000000 0.3639487 0.3300736 0.3303775 0.3450668 0.2826561 0.3284961 0.2950176 
Retr       0.3699383 0.3359004 0.3719563 0.3370367 0.3008856 0.3639487 0.0000000 0.3666164 0.3528743 0.3765115 0.2971312 0.1783999 0.3183382 
Beta       0.3424193 0.3398883 0.3731731 0.3689167 0.3100231 0.3300736 0.3666164 0.0000000 0.1321205 0.3751025 0.3108571 0.3535209 0.3012491 
Spol       0.3341547 0.3307691 0.3529177 0.3424647 0.3000643 0.3303775 0.3528743 0.1321205 0.0000000 0.3620569 0.2986081 0.3633559 0.3074345 
MJM1652    0.3206886 0.1403589 0.3423255 0.1821551 0.2659241 0.3450668 0.3765115 0.3751025 0.3620569 0.0000000 0.2620262 0.3525513 0.2707974 
NepSFB     0.2410957 0.2299067 0.2872792 0.2376204 0.0105282 0.2826561 0.2971312 0.3108571 0.2986081 0.2620262 0.0000000 0.2940017 0.1841060 
WPYJ       0.3516093 0.3307086 0.3576739 0.3453940 0.2997950 0.3284961 0.1783999 0.3535209 0.3633559 0.3525513 0.2940017 0.0000000 0.3142833 
MJM2940    0.1993788 0.2395890 0.2949554 0.2497722 0.1883749 0.2950176 0.3183382 0.3012491 0.3074345 0.2707974 0.1841060 0.3142833 0.0000000 
