13
DrolusSFB  0.0000000 0.2696378 0.2915074 0.2595224 0.2351286 0.2622420 0.3077270 0.3291735 0.3332222 0.3051445 0.2062225 0.3074187 0.1526274 
Dino       0.2696378 0.0000000 0.3074067 0.1409439 0.2155015 0.2613171 0.2961049 0.3207978 0.3515117 0.1225326 0.1922854 0.3022770 0.2165434 
MJM3360    0.2915074 0.3074067 0.0000000 0.3064522 0.2712019 0.2284486 0.2862110 0.3306307 0.3452494 0.3291420 0.2571871 0.3128179 0.2729391 
DrobinSFB  0.2595224 0.1409439 0.3064522 0.0000000 0.2131205 0.2832335 0.2708407 0.3145899 0.3368557 0.1646113 0.2011849 0.3029015 0.2048710 
Neam       0.2351286 0.2155015 0.2712019 0.2131205 0.0000000 0.2332826 0.2704591 0.3056701 0.3238350 0.2538891 0.0096726 0.2806714 0.1736885 
RuprSFB    0.2622420 0.2613171 0.2284486 0.2832335 0.2332826 0.0000000 0.2583812 0.2966751 0.3161370 0.2937762 0.2236446 0.3020032 0.2230048 
Retr       0.3077270 0.2961049 0.2862110 0.2708407 0.2704591 0.2583812 0.0000000 0.3186604 0.3225599 0.3180026 0.2245809 0.1693971 0.2615506 
Beta       0.3291735 0.3207978 0.3306307 0.3145899 0.3056701 0.2966751 0.3186604 0.0000000 0.1254245 0.3390290 0.2664132 0.3144751 0.2941644 
Spol       0.3332222 0.3515117 0.3452494 0.3368557 0.3238350 0.3161370 0.3225599 0.1254245 0.0000000 0.3779018 0.2838122 0.3176895 0.2985207 
MJM1652    0.3051445 0.1225326 0.3291420 0.1646113 0.2538891 0.2937762 0.3180026 0.3390290 0.3779018 0.0000000 0.2172214 0.3110154 0.2517782 
NepSFB     0.2062225 0.1922854 0.2571871 0.2011849 0.0096726 0.2236446 0.2245809 0.2664132 0.2838122 0.2172214 0.0000000 0.2830440 0.1556429 
WPYJ       0.3074187 0.3022770 0.3128179 0.3029015 0.2806714 0.3020032 0.1693971 0.3144751 0.3176895 0.3110154 0.2830440 0.0000000 0.2870280 
MJM2940    0.1526274 0.2165434 0.2729391 0.2048710 0.1736885 0.2230048 0.2615506 0.2941644 0.2985207 0.2517782 0.1556429 0.2870280 0.0000000 
