13
DrolusSFB  0.0000000 0.2792880 0.3674500 0.3155552 0.2518915 0.3182562 0.3374694 0.3551880 0.3536520 0.2976002 0.2549680 0.3852821 0.1736107 
Dino       0.2792880 0.0000000 0.3792656 0.1662951 0.2714816 0.3798488 0.3820956 0.3810826 0.3860753 0.1499833 0.2736347 0.4296609 0.2498890 
MJM3360    0.3674500 0.3792656 0.0000000 0.3992261 0.3415382 0.2895757 0.3537537 0.3958866 0.3880360 0.3954552 0.3436928 0.3944497 0.3492742 
DrobinSFB  0.3155552 0.1662951 0.3992261 0.0000000 0.2906852 0.3722818 0.3540902 0.4277641 0.4082260 0.1896492 0.2916134 0.4291218 0.2873664 
Neam       0.2518915 0.2714816 0.3415382 0.2906852 0.0000000 0.3185979 0.3208023 0.3470382 0.3496785 0.2693256 0.0084506 0.3675729 0.1987836 
RuprSFB    0.3182562 0.3798488 0.2895757 0.3722818 0.3185979 0.0000000 0.3238793 0.3591207 0.3694426 0.3741043 0.3196863 0.3715138 0.2890332 
Retr       0.3374694 0.3820956 0.3537537 0.3540902 0.3208023 0.3238793 0.0000000 0.3793043 0.3909401 0.3849862 0.3190088 0.1972317 0.3158224 
Beta       0.3551880 0.3810826 0.3958866 0.4277641 0.3470382 0.3591207 0.3793043 0.0000000 0.1210811 0.4127038 0.3466074 0.4260716 0.3429227 
Spol       0.3536520 0.3860753 0.3880360 0.4082260 0.3496785 0.3694426 0.3909401 0.1210811 0.0000000 0.4051165 0.3466897 0.4139431 0.3445069 
MJM1652    0.2976002 0.1499833 0.3954552 0.1896492 0.2693256 0.3741043 0.3849862 0.4127038 0.4051165 0.0000000 0.2703311 0.4405479 0.2628516 
NepSFB     0.2549680 0.2736347 0.3436928 0.2916134 0.0084506 0.3196863 0.3190088 0.3466074 0.3466897 0.2703311 0.0000000 0.3673897 0.1979061 
WPYJ       0.3852821 0.4296609 0.3944497 0.4291218 0.3675729 0.3715138 0.1972317 0.4260716 0.4139431 0.4405479 0.3673897 0.0000000 0.3723635 
MJM2940    0.1736107 0.2498890 0.3492742 0.2873664 0.1987836 0.2890332 0.3158224 0.3429227 0.3445069 0.2628516 0.1979061 0.3723635 0.0000000 
