13
DrolusSFB  0.0000000 0.3802302 0.4608731 0.3968313 0.3633554 0.3734711 0.4522192 0.4575412 0.4592855 0.3896439 0.3709646 0.4277564 0.1936780 
Dino       0.3802302 0.0000000 0.5002428 0.2640679 0.3421912 0.4261787 0.4586769 0.5179240 0.4810572 0.2351178 0.3464460 0.5065786 0.3471131 
MJM3360    0.4608731 0.5002428 0.0000000 0.5119769 0.4405693 0.3180233 0.3393330 0.4151414 0.4026390 0.5017692 0.4423599 0.3711013 0.3937524 
DrobinSFB  0.3968313 0.2640679 0.5119769 0.0000000 0.4065719 0.4396051 0.4910007 0.4977029 0.4530698 0.2410286 0.4104928 0.5877190 0.3587349 
Neam       0.3633554 0.3421912 0.4405693 0.4065719 0.0000000 0.3914848 0.4557377 0.4748057 0.4469645 0.3442301 0.0071430 0.4510231 0.2763808 
RuprSFB    0.3734711 0.4261787 0.3180233 0.4396051 0.3914848 0.0000000 0.2936179 0.4122568 0.4297354 0.4468024 0.3927073 0.3443907 0.3181910 
Retr       0.4522192 0.4586769 0.3393330 0.4910007 0.4557377 0.2936179 0.0000000 0.3562183 0.3487109 0.5152053 0.4555319 0.1930388 0.3825175 
Beta       0.4575412 0.5179240 0.4151414 0.4977029 0.4748057 0.4122568 0.3562183 0.0000000 0.1762387 0.5154395 0.4780902 0.4589058 0.3997709 
Spol       0.4592855 0.4810572 0.4026390 0.4530698 0.4469645 0.4297354 0.3487109 0.1762387 0.0000000 0.4837696 0.4482965 0.4730975 0.3932019 
MJM1652    0.3896439 0.2351178 0.5017692 0.2410286 0.3442301 0.4468024 0.5152053 0.5154395 0.4837696 0.0000000 0.3507059 0.5538400 0.3376381 
NepSFB     0.3709646 0.3464460 0.4423599 0.4104928 0.0071430 0.3927073 0.4555319 0.4780902 0.4482965 0.3507059 0.0000000 0.4538237 0.2812881 
WPYJ       0.4277564 0.5065786 0.3711013 0.5877190 0.4510231 0.3443907 0.1930388 0.4589058 0.4730975 0.5538400 0.4538237 0.0000000 0.4088784 
MJM2940    0.1936780 0.3471131 0.3937524 0.3587349 0.2763808 0.3181910 0.3825175 0.3997709 0.3932019 0.3376381 0.2812881 0.4088784 0.0000000 
