13
DrolusSFB  0.0000000 0.2819760 0.3263783 0.2966774 0.2055288 0.3086533 0.3002814 0.3876035 0.3850598 0.2809037 0.2075310 0.3057389 0.1637950 
Dino       0.2819760 0.0000000 0.3450922 0.1612186 0.2407166 0.3241577 0.3311091 0.4133309 0.4149968 0.1636313 0.2396400 0.3005683 0.2542016 
MJM3360    0.3263783 0.3450922 0.0000000 0.3460619 0.3060650 0.2558680 0.3432249 0.3579285 0.3600813 0.3372012 0.3113604 0.3273119 0.2766590 
DrobinSFB  0.2966774 0.1612186 0.3460619 0.0000000 0.2586942 0.3329203 0.3458637 0.4417920 0.4426508 0.1636477 0.2529898 0.3447066 0.2599614 
Neam       0.2055288 0.2407166 0.3060650 0.2586942 0.0000000 0.2621015 0.3021038 0.3489975 0.3574320 0.2478481 0.0146466 0.2765206 0.1610987 
RuprSFB    0.3086533 0.3241577 0.2558680 0.3329203 0.2621015 0.0000000 0.3162305 0.3815677 0.3908867 0.3270496 0.2687850 0.2811442 0.2606557 
Retr       0.3002814 0.3311091 0.3432249 0.3458637 0.3021038 0.3162305 0.0000000 0.3709491 0.3901926 0.3305434 0.3026647 0.1824650 0.2734746 
Beta       0.3876035 0.4133309 0.3579285 0.4417920 0.3489975 0.3815677 0.3709491 0.0000000 0.1512032 0.4206981 0.3564079 0.3359264 0.3347227 
Spol       0.3850598 0.4149968 0.3600813 0.4426508 0.3574320 0.3908867 0.3901926 0.1512032 0.0000000 0.3970261 0.3666854 0.3549119 0.3541669 
MJM1652    0.2809037 0.1636313 0.3372012 0.1636477 0.2478481 0.3270496 0.3305434 0.4206981 0.3970261 0.0000000 0.2431105 0.3389098 0.2532676 
NepSFB     0.2075310 0.2396400 0.3113604 0.2529898 0.0146466 0.2687850 0.3026647 0.3564079 0.3666854 0.2431105 0.0000000 0.2779034 0.1653110 
WPYJ       0.3057389 0.3005683 0.3273119 0.3447066 0.2765206 0.2811442 0.1824650 0.3359264 0.3549119 0.3389098 0.2779034 0.0000000 0.2509983 
MJM2940    0.1637950 0.2542016 0.2766590 0.2599614 0.1610987 0.2606557 0.2734746 0.3347227 0.3541669 0.2532676 0.1653110 0.2509983 0.0000000 
