13
DrolusSFB  0.0000000 0.2606387 0.3232683 0.2811876 0.2352535 0.3275417 0.3335164 0.3250465 0.3622446 0.3815626 0.2383550 0.4670464 0.1291377 
Dino       0.2606387 0.0000000 0.3201564 0.1604554 0.2352488 0.3672402 0.3561216 0.3176381 0.3695300 0.2101454 0.2498745 0.5151345 0.2451408 
MJM3360    0.3232683 0.3201564 0.0000000 0.3652939 0.3017269 0.2912414 0.3456477 0.3432335 0.3390036 0.4144330 0.3179897 0.4702468 0.2976107 
DrobinSFB  0.2811876 0.1604554 0.3652939 0.0000000 0.2561245 0.3768851 0.3987159 0.3279484 0.3919414 0.2398222 0.2713670 0.5466440 0.2759718 
Neam       0.2352535 0.2352488 0.3017269 0.2561245 0.0000000 0.3186813 0.3300144 0.3096684 0.3199786 0.3235862 0.0091966 0.4445964 0.1873547 
RuprSFB    0.3275417 0.3672402 0.2912414 0.3768851 0.3186813 0.0000000 0.3555979 0.3645911 0.3748006 0.4300278 0.3385506 0.4186529 0.3122917 
Retr       0.3335164 0.3561216 0.3456477 0.3987159 0.3300144 0.3555979 0.0000000 0.3055208 0.3266874 0.5220393 0.3522056 0.1760716 0.2914396 
Beta       0.3250465 0.3176381 0.3432335 0.3279484 0.3096684 0.3645911 0.3055208 0.0000000 0.1221890 0.3971916 0.3168071 0.4061671 0.2956095 
Spol       0.3622446 0.3695300 0.3390036 0.3919414 0.3199786 0.3748006 0.3266874 0.1221890 0.0000000 0.4663801 0.3370958 0.4157068 0.3521730 
MJM1652    0.3815626 0.2101454 0.4144330 0.2398222 0.3235862 0.4300278 0.5220393 0.3971916 0.4663801 0.0000000 0.3325319 0.6904410 0.3210106 
NepSFB     0.2383550 0.2498745 0.3179897 0.2713670 0.0091966 0.3385506 0.3522056 0.3168071 0.3370958 0.3325319 0.0000000 0.4613468 0.1944796 
WPYJ       0.4670464 0.5151345 0.4702468 0.5466440 0.4445964 0.4186529 0.1760716 0.4061671 0.4157068 0.6904410 0.4613468 0.0000000 0.4028711 
MJM2940    0.1291377 0.2451408 0.2976107 0.2759718 0.1873547 0.3122917 0.2914396 0.2956095 0.3521730 0.3210106 0.1944796 0.4028711 0.0000000 
