13
DrolusSFB  0.0000000 0.3237408 0.5021550 0.2832146 0.2656385 0.3783360 0.4120283 0.4398939 0.4438801 0.3795597 0.2609303 0.2935175 0.1934182 
Dino       0.3237408 0.0000000 0.4242828 0.1906658 0.2421146 0.3680520 0.3763230 0.4616183 0.4356978 0.2007846 0.2433103 0.2687678 0.2655145 
MJM3360    0.5021550 0.4242828 0.0000000 0.4028790 0.4086554 0.3146374 0.5030902 0.4239862 0.4467974 0.5314805 0.4073565 0.3799880 0.4154582 
DrobinSFB  0.2832146 0.1906658 0.4028790 0.0000000 0.2555913 0.3383133 0.3342324 0.3760284 0.3607681 0.2316693 0.2474459 0.3428990 0.2691679 
Neam       0.2656385 0.2421146 0.4086554 0.2555913 0.0000000 0.3590696 0.3386716 0.4027474 0.3649570 0.3203466 0.0137342 0.2646121 0.2070953 
RuprSFB    0.3783360 0.3680520 0.3146374 0.3383133 0.3590696 0.0000000 0.3870186 0.4080134 0.4234528 0.4448852 0.3629403 0.2638869 0.3485173 
Retr       0.4120283 0.3763230 0.5030902 0.3342324 0.3386716 0.3870186 0.0000000 0.4597974 0.4408984 0.4566148 0.3469749 0.1301725 0.3119803 
Beta       0.4398939 0.4616183 0.4239862 0.3760284 0.4027474 0.4080134 0.4597974 0.0000000 0.1282453 0.5138322 0.4037046 0.2845724 0.3544491 
Spol       0.4438801 0.4356978 0.4467974 0.3607681 0.3649570 0.4234528 0.4408984 0.1282453 0.0000000 0.5042790 0.3692950 0.2918760 0.3485951 
MJM1652    0.3795597 0.2007846 0.5314805 0.2316693 0.3203466 0.4448852 0.4566148 0.5138322 0.5042790 0.0000000 0.3200399 0.3426649 0.3607817 
NepSFB     0.2609303 0.2433103 0.4073565 0.2474459 0.0137342 0.3629403 0.3469749 0.4037046 0.3692950 0.3200399 0.0000000 0.2635958 0.2151521 
WPYJ       0.2935175 0.2687678 0.3799880 0.3428990 0.2646121 0.2638869 0.1301725 0.2845724 0.2918760 0.3426649 0.2635958 0.0000000 0.2391297 
MJM2940    0.1934182 0.2655145 0.4154582 0.2691679 0.2070953 0.3485173 0.3119803 0.3544491 0.3485951 0.3607817 0.2151521 0.2391297 0.0000000 
