13
DrolusSFB  0.0000000 0.4232051 0.2842000 0.3788864 0.1539629 0.2776809 0.2541759 0.2904570 0.3542550 0.3834183 0.1539648 0.2121342 0.1392935 
Dino       0.4232051 0.0000000 0.4369194 0.1265405 0.3720115 0.4455181 0.4569743 0.4195062 0.4631159 0.1239600 0.3763806 0.3729617 0.4126133 
MJM3360    0.2842000 0.4369194 0.0000000 0.3918992 0.2491557 0.2419114 0.3295671 0.2450665 0.3286215 0.4169087 0.2545017 0.2849893 0.2617502 
DrobinSFB  0.3788864 0.1265405 0.3918992 0.0000000 0.3257805 0.3815593 0.4127932 0.3472411 0.4045976 0.1356521 0.3312145 0.4207466 0.3609709 
Neam       0.1539629 0.3720115 0.2491557 0.3257805 0.0000000 0.2650721 0.2593419 0.2703580 0.3355560 0.3387517 0.0075419 0.2287100 0.1315398 
RuprSFB    0.2776809 0.4455181 0.2419114 0.3815593 0.2650721 0.0000000 0.2961988 0.2575304 0.3014355 0.4235573 0.2592082 0.2542768 0.2372245 
Retr       0.2541759 0.4569743 0.3295671 0.4127932 0.2593419 0.2961988 0.0000000 0.2895758 0.3519728 0.4238368 0.2488278 0.1826583 0.2531398 
Beta       0.2904570 0.4195062 0.2450665 0.3472411 0.2703580 0.2575304 0.2895758 0.0000000 0.1574279 0.3989606 0.2661832 0.2712719 0.2850706 
Spol       0.3542550 0.4631159 0.3286215 0.4045976 0.3355560 0.3014355 0.3519728 0.1574279 0.0000000 0.4352907 0.3273288 0.2869608 0.3583647 
MJM1652    0.3834183 0.1239600 0.4169087 0.1356521 0.3387517 0.4235573 0.4238368 0.3989606 0.4352907 0.0000000 0.3407129 0.3821923 0.3751144 
NepSFB     0.1539648 0.3763806 0.2545017 0.3312145 0.0075419 0.2592082 0.2488278 0.2661832 0.3273288 0.3407129 0.0000000 0.2221246 0.1358783 
WPYJ       0.2121342 0.3729617 0.2849893 0.4207466 0.2287100 0.2542768 0.1826583 0.2712719 0.2869608 0.3821923 0.2221246 0.0000000 0.2307955 
MJM2940    0.1392935 0.4126133 0.2617502 0.3609709 0.1315398 0.2372245 0.2531398 0.2850706 0.3583647 0.3751144 0.1358783 0.2307955 0.0000000 
