13
DrolusSFB  0.0000000 0.3009228 0.3864585 0.3674741 0.2642497 0.3540207 0.3469440 0.4220226 0.3804237 0.3420619 0.2647390 0.3580275 0.2012266 
Dino       0.3009228 0.0000000 0.3965172 0.2002230 0.2869030 0.3653264 0.3623506 0.4657810 0.4155290 0.1536532 0.2892458 0.3580490 0.2563524 
MJM3360    0.3864585 0.3965172 0.0000000 0.4510769 0.3724670 0.3120697 0.3695105 0.4551224 0.4161951 0.4299715 0.3756390 0.3959855 0.3666370 
DrobinSFB  0.3674741 0.2002230 0.4510769 0.0000000 0.3685368 0.4296027 0.4238973 0.5259026 0.4575827 0.2465849 0.3727887 0.4192001 0.3470474 
Neam       0.2642497 0.2869030 0.3724670 0.3685368 0.0000000 0.3551363 0.3093730 0.4300139 0.3834431 0.3289313 0.0104959 0.3357226 0.2257029 
RuprSFB    0.3540207 0.3653264 0.3120697 0.4296027 0.3551363 0.0000000 0.3602086 0.4033243 0.3853689 0.4173350 0.3563610 0.3698628 0.3279272 
Retr       0.3469440 0.3623506 0.3695105 0.4238973 0.3093730 0.3602086 0.0000000 0.3804748 0.3892857 0.4018338 0.3106683 0.1882547 0.3364610 
Beta       0.4220226 0.4657810 0.4551224 0.5259026 0.4300139 0.4033243 0.3804748 0.0000000 0.1087071 0.5209658 0.4248611 0.4366635 0.4007534 
Spol       0.3804237 0.4155290 0.4161951 0.4575827 0.3834431 0.3853689 0.3892857 0.1087071 0.0000000 0.4546372 0.3829091 0.4338000 0.3582075 
MJM1652    0.3420619 0.1536532 0.4299715 0.2465849 0.3289313 0.4173350 0.4018338 0.5209658 0.4546372 0.0000000 0.3358492 0.3985553 0.3086102 
NepSFB     0.2647390 0.2892458 0.3756390 0.3727887 0.0104959 0.3563610 0.3106683 0.4248611 0.3829091 0.3358492 0.0000000 0.3391634 0.2245730 
WPYJ       0.3580275 0.3580490 0.3959855 0.4192001 0.3357226 0.3698628 0.1882547 0.4366635 0.4338000 0.3985553 0.3391634 0.0000000 0.3397571 
MJM2940    0.2012266 0.2563524 0.3666370 0.3470474 0.2257029 0.3279272 0.3364610 0.4007534 0.3582075 0.3086102 0.2245730 0.3397571 0.0000000 
