13
DrolusSFB  0.0000000 0.2560091 0.3656032 0.3561737 0.2488876 0.3679789 0.3265027 0.3756840 0.3819143 0.2789250 0.2522827 0.3729778 0.1731749 
Dino       0.2560091 0.0000000 0.3319627 0.2122453 0.2222505 0.3382485 0.3087501 0.3009228 0.3016880 0.1173642 0.2320648 0.3504496 0.2198002 
MJM3360    0.3656032 0.3319627 0.0000000 0.4002635 0.2846362 0.2996916 0.3232591 0.3396447 0.3291784 0.3480413 0.2860724 0.4154585 0.3132987 
DrobinSFB  0.3561737 0.2122453 0.4002635 0.0000000 0.3183726 0.3989033 0.4138926 0.4021805 0.3830203 0.2252075 0.3083226 0.4101680 0.3068592 
Neam       0.2488876 0.2222505 0.2846362 0.3183726 0.0000000 0.2941691 0.3249753 0.3183011 0.3149395 0.2706369 0.0167440 0.3695682 0.2093319 
RuprSFB    0.3679789 0.3382485 0.2996916 0.3989033 0.2941691 0.0000000 0.3502810 0.3706064 0.3774314 0.3312554 0.3003894 0.4311987 0.3115474 
Retr       0.3265027 0.3087501 0.3232591 0.4138926 0.3249753 0.3502810 0.0000000 0.3362998 0.3610410 0.3258850 0.3303452 0.2028890 0.2803088 
Beta       0.3756840 0.3009228 0.3396447 0.4021805 0.3183011 0.3706064 0.3362998 0.0000000 0.1339425 0.3393915 0.3218604 0.3358915 0.2968239 
Spol       0.3819143 0.3016880 0.3291784 0.3830203 0.3149395 0.3774314 0.3610410 0.1339425 0.0000000 0.3542738 0.3177779 0.3597281 0.3037944 
MJM1652    0.2789250 0.1173642 0.3480413 0.2252075 0.2706369 0.3312554 0.3258850 0.3393915 0.3542738 0.0000000 0.2748655 0.3700843 0.2753281 
NepSFB     0.2522827 0.2320648 0.2860724 0.3083226 0.0167440 0.3003894 0.3303452 0.3218604 0.3177779 0.2748655 0.0000000 0.3841667 0.2130021 
WPYJ       0.3729778 0.3504496 0.4154585 0.4101680 0.3695682 0.4311987 0.2028890 0.3358915 0.3597281 0.3700843 0.3841667 0.0000000 0.3435136 
MJM2940    0.1731749 0.2198002 0.3132987 0.3068592 0.2093319 0.3115474 0.2803088 0.2968239 0.3037944 0.2753281 0.2130021 0.3435136 0.0000000 
