13
DrolusSFB  0.0000000 0.3480380 0.4244445 0.3895273 0.2789233 0.3281133 0.2960475 0.3431907 0.3307409 0.3342444 0.2697603 0.2766110 0.1755056 
Dino       0.3480380 0.0000000 0.4300444 0.2124133 0.2756539 0.3369923 0.3734597 0.3753320 0.3830476 0.1361399 0.2730468 0.4005712 0.2761296 
MJM3360    0.4244445 0.4300444 0.0000000 0.4750689 0.3713396 0.3299655 0.4321318 0.3701635 0.3698072 0.4306505 0.3656506 0.4168930 0.3471504 
DrobinSFB  0.3895273 0.2124133 0.4750689 0.0000000 0.3395216 0.4060365 0.3781854 0.4470938 0.4518212 0.2465083 0.3305478 0.4687766 0.3337497 
Neam       0.2789233 0.2756539 0.3713396 0.3395216 0.0000000 0.2914164 0.2794582 0.3200177 0.3109647 0.2960390 0.0155384 0.3238228 0.2039065 
RuprSFB    0.3281133 0.3369923 0.3299655 0.4060365 0.2914164 0.0000000 0.3151172 0.3084401 0.2995468 0.3388692 0.2862496 0.2645799 0.2791757 
Retr       0.2960475 0.3734597 0.4321318 0.3781854 0.2794582 0.3151172 0.0000000 0.3110810 0.2837271 0.3421949 0.2904016 9.0000000 0.2686568 
Beta       0.3431907 0.3753320 0.3701635 0.4470938 0.3200177 0.3084401 0.3110810 0.0000000 0.1002778 0.3914953 0.3195602 0.3441155 0.2832982 
Spol       0.3307409 0.3830476 0.3698072 0.4518212 0.3109647 0.2995468 0.2837271 0.1002778 0.0000000 0.3940825 0.3111491 0.3393375 0.2757177 
MJM1652    0.3342444 0.1361399 0.4306505 0.2465083 0.2960390 0.3388692 0.3421949 0.3914953 0.3940825 0.0000000 0.2940329 0.4172028 0.2814445 
NepSFB     0.2697603 0.2730468 0.3656506 0.3305478 0.0155384 0.2862496 0.2904016 0.3195602 0.3111491 0.2940329 0.0000000 0.3219191 0.2012988 
WPYJ       0.2766110 0.4005712 0.4168930 0.4687766 0.3238228 0.2645799 9.0000000 0.3441155 0.3393375 0.4172028 0.3219191 0.0000000 0.2987195 
MJM2940    0.1755056 0.2761296 0.3471504 0.3337497 0.2039065 0.2791757 0.2686568 0.2832982 0.2757177 0.2814445 0.2012988 0.2987195 0.0000000 
