13
DrolusSFB  0.0000000 0.2708307 0.2610451 0.2893901 0.2546204 0.2783556 0.3105485 0.2864471 0.2796629 0.2872249 0.2654860 0.4115095 0.1548550 
Dino       0.2708307 0.0000000 0.3398576 0.2377737 0.2564401 0.3023308 0.3455081 0.3707128 0.3369040 0.1318872 0.2661254 0.4232590 0.2717432 
MJM3360    0.2610451 0.3398576 0.0000000 0.3453411 0.3081317 0.2680952 0.3513368 0.3144521 0.3131225 0.3171088 0.3262294 0.4251511 0.2835661 
DrobinSFB  0.2893901 0.2377737 0.3453411 0.0000000 0.2782775 0.3045388 0.3135045 0.3893811 0.3549778 0.2450251 0.2910896 0.4157434 0.2589870 
Neam       0.2546204 0.2564401 0.3081317 0.2782775 0.0000000 0.2939165 0.3173358 0.3301360 0.3226713 0.2636362 0.0291324 0.4195005 0.2205422 
RuprSFB    0.2783556 0.3023308 0.2680952 0.3045388 0.2939165 0.0000000 0.3257367 0.2880899 0.3163527 0.2961281 0.3057874 0.4327423 0.2700482 
Retr       0.3105485 0.3455081 0.3513368 0.3135045 0.3173358 0.3257367 0.0000000 0.3539297 0.3643101 0.3643730 0.3279557 0.2500084 0.3211101 
Beta       0.2864471 0.3707128 0.3144521 0.3893811 0.3301360 0.2880899 0.3539297 0.0000000 0.1051848 0.3574201 0.3384975 0.4566470 0.2971228 
Spol       0.2796629 0.3369040 0.3131225 0.3549778 0.3226713 0.3163527 0.3643101 0.1051848 0.0000000 0.3586384 0.3382434 0.4377160 0.2928819 
MJM1652    0.2872249 0.1318872 0.3171088 0.2450251 0.2636362 0.2961281 0.3643730 0.3574201 0.3586384 0.0000000 0.2809972 0.4582812 0.2850492 
NepSFB     0.2654860 0.2661254 0.3262294 0.2910896 0.0291324 0.3057874 0.3279557 0.3384975 0.3382434 0.2809972 0.0000000 0.4190255 0.2289400 
WPYJ       0.4115095 0.4232590 0.4251511 0.4157434 0.4195005 0.4327423 0.2500084 0.4566470 0.4377160 0.4582812 0.4190255 0.0000000 0.4327477 
MJM2940    0.1548550 0.2717432 0.2835661 0.2589870 0.2205422 0.2700482 0.3211101 0.2971228 0.2928819 0.2850492 0.2289400 0.4327477 0.0000000 
