13
DrolusSFB  0.0000000 0.2519017 0.3711570 0.2920811 0.2202926 0.3334156 0.3307926 0.3069004 0.2943846 0.2508326 0.2267974 0.3410404 0.1816068 
Dino       0.2519017 0.0000000 0.3526361 0.1632388 0.2439913 0.3023057 0.3278533 0.3158780 0.3317110 0.1227075 0.2561040 0.3238255 0.2081751 
MJM3360    0.3711570 0.3526361 0.0000000 0.4060270 0.3567347 0.2900982 0.4257887 0.3351939 0.3654674 0.3548114 0.3607297 0.3762967 0.3158026 
DrobinSFB  0.2920811 0.1632388 0.4060270 0.0000000 0.3068000 0.3565129 0.4213903 0.3655029 0.3847287 0.1734946 0.3200517 0.3900048 0.2625139 
Neam       0.2202926 0.2439913 0.3567347 0.3068000 0.0000000 0.2663069 0.3649242 0.3790459 0.4087065 0.2563405 0.0078473 0.2817697 0.1808744 
RuprSFB    0.3334156 0.3023057 0.2900982 0.3565129 0.2663069 0.0000000 0.3440358 0.3234981 0.3337352 0.3243212 0.2790868 0.3414593 0.2493987 
Retr       0.3307926 0.3278533 0.4257887 0.4213903 0.3649242 0.3440358 0.0000000 0.4599371 0.4889579 0.3405038 0.3758008 0.1654049 0.2955365 
Beta       0.3069004 0.3158780 0.3351939 0.3655029 0.3790459 0.3234981 0.4599371 0.0000000 0.1431720 0.3399533 0.3830924 0.3673362 0.2577077 
Spol       0.2943846 0.3317110 0.3654674 0.3847287 0.4087065 0.3337352 0.4889579 0.1431720 0.0000000 0.3505165 0.4147052 0.4120914 0.3023399 
MJM1652    0.2508326 0.1227075 0.3548114 0.1734946 0.2563405 0.3243212 0.3405038 0.3399533 0.3505165 0.0000000 0.2667584 0.3741007 0.2325801 
NepSFB     0.2267974 0.2561040 0.3607297 0.3200517 0.0078473 0.2790868 0.3758008 0.3830924 0.4147052 0.2667584 0.0000000 0.2921616 0.1912369 
WPYJ       0.3410404 0.3238255 0.3762967 0.3900048 0.2817697 0.3414593 0.1654049 0.3673362 0.4120914 0.3741007 0.2921616 0.0000000 0.3129659 
MJM2940    0.1816068 0.2081751 0.3158026 0.2625139 0.1808744 0.2493987 0.2955365 0.2577077 0.3023399 0.2325801 0.1912369 0.3129659 0.0000000 
