13
DrolusSFB  0.0000000 0.2978958 0.3523698 0.3520999 0.2579952 0.3189801 0.2999534 0.4339612 0.4096126 0.3271280 0.2691525 0.2860157 0.2319466 
Dino       0.2978958 0.0000000 0.3669570 0.2268835 0.2257349 0.3088802 0.3002384 0.4286425 0.4236421 0.1410648 0.2300825 0.3135327 0.2730997 
MJM3360    0.3523698 0.3669570 0.0000000 0.3814528 0.3087129 0.2968426 0.3108846 0.4498318 0.4370844 0.3696017 0.3042987 0.3406205 0.3365239 
DrobinSFB  0.3520999 0.2268835 0.3814528 0.0000000 0.2646236 0.3399445 0.3789779 0.4373200 0.4605113 0.2418382 0.2656416 0.3546614 0.2949016 
Neam       0.2579952 0.2257349 0.3087129 0.2646236 0.0000000 0.2622898 0.3082378 0.3912204 0.4012185 0.2513818 0.0147212 0.2766546 0.2148271 
RuprSFB    0.3189801 0.3088802 0.2968426 0.3399445 0.2622898 0.0000000 0.3197122 0.4248518 0.3989450 0.3345562 0.2736588 0.2913206 0.3019680 
Retr       0.2999534 0.3002384 0.3108846 0.3789779 0.3082378 0.3197122 0.0000000 0.3409620 0.3799691 0.3089226 0.3090466 0.1614302 0.3209967 
Beta       0.4339612 0.4286425 0.4498318 0.4373200 0.3912204 0.4248518 0.3409620 0.0000000 0.1276394 0.4115663 0.3969520 0.3930470 0.4432292 
Spol       0.4096126 0.4236421 0.4370844 0.4605113 0.4012185 0.3989450 0.3799691 0.1276394 0.0000000 0.4350932 0.4086892 0.3679322 0.4446065 
MJM1652    0.3271280 0.1410648 0.3696017 0.2418382 0.2513818 0.3345562 0.3089226 0.4115663 0.4350932 0.0000000 0.2545459 0.3196562 0.2925080 
NepSFB     0.2691525 0.2300825 0.3042987 0.2656416 0.0147212 0.2736588 0.3090466 0.3969520 0.4086892 0.2545459 0.0000000 0.2747090 0.2167693 
WPYJ       0.2860157 0.3135327 0.3406205 0.3546614 0.2766546 0.2913206 0.1614302 0.3930470 0.3679322 0.3196562 0.2747090 0.0000000 0.2922505 
MJM2940    0.2319466 0.2730997 0.3365239 0.2949016 0.2148271 0.3019680 0.3209967 0.4432292 0.4446065 0.2925080 0.2167693 0.2922505 0.0000000 
