13
DrolusSFB  0.0000000 0.2587581 0.3986943 0.3068817 0.2223230 0.3418883 0.3202184 0.3865156 0.4131875 0.3132839 0.2284432 0.3251087 0.1958876 
Dino       0.2587581 0.0000000 0.3969513 0.1617958 0.2244581 0.3346060 0.3391051 0.3849543 0.3940049 0.1326186 0.2291235 0.3444671 0.2528566 
MJM3360    0.3986943 0.3969513 0.0000000 0.4276461 0.3435759 0.3441540 0.3690028 0.4056918 0.4360463 0.4075446 0.3550524 0.4078826 0.3429168 
DrobinSFB  0.3068817 0.1617958 0.4276461 0.0000000 0.2727642 0.3677037 0.3467124 0.4113122 0.4161868 0.1817811 0.2770354 0.3972652 0.2970530 
Neam       0.2223230 0.2244581 0.3435759 0.2727642 0.0000000 0.2945327 0.2536701 0.4064429 0.4168001 0.2438833 0.0119044 0.2782947 0.2099140 
RuprSFB    0.3418883 0.3346060 0.3441540 0.3677037 0.2945327 0.0000000 0.3034593 0.3968741 0.4073961 0.3621185 0.2949626 0.3151301 0.2777330 
Retr       0.3202184 0.3391051 0.3690028 0.3467124 0.2536701 0.3034593 0.0000000 0.3618783 0.3895529 0.3674698 0.2529209 0.1770029 0.2669446 
Beta       0.3865156 0.3849543 0.4056918 0.4113122 0.4064429 0.3968741 0.3618783 0.0000000 0.1531123 0.3961888 0.4196956 0.3132369 0.3756972 
Spol       0.4131875 0.3940049 0.4360463 0.4161868 0.4168001 0.4073961 0.3895529 0.1531123 0.0000000 0.4342412 0.4300597 0.3433474 0.3804470 
MJM1652    0.3132839 0.1326186 0.4075446 0.1817811 0.2438833 0.3621185 0.3674698 0.3961888 0.4342412 0.0000000 0.2504779 0.3718697 0.2934714 
NepSFB     0.2284432 0.2291235 0.3550524 0.2770354 0.0119044 0.2949626 0.2529209 0.4196956 0.4300597 0.2504779 0.0000000 0.2886567 0.2175129 
WPYJ       0.3251087 0.3444671 0.4078826 0.3972652 0.2782947 0.3151301 0.1770029 0.3132369 0.3433474 0.3718697 0.2886567 0.0000000 0.2532546 
MJM2940    0.1958876 0.2528566 0.3429168 0.2970530 0.2099140 0.2777330 0.2669446 0.3756972 0.3804470 0.2934714 0.2175129 0.2532546 0.0000000 
