13
DrolusSFB  0.0000000 0.3388008 0.3776785 0.3600914 0.2501838 0.3652380 0.3241800 0.4545747 0.4936514 0.3552139 0.2549952 0.3344282 0.1843824 
Dino       0.3388008 0.0000000 0.4196845 0.2215351 0.2695256 0.4240381 0.3176695 0.4096456 0.4784952 0.1525893 0.2756830 0.3340972 0.2651568 
MJM3360    0.3776785 0.4196845 0.0000000 0.4308970 0.3281774 0.3152393 0.2996119 0.4466516 0.5201391 0.4209494 0.3307207 0.3403338 0.3204758 
DrobinSFB  0.3600914 0.2215351 0.4308970 0.0000000 0.2808190 0.4186965 0.3711403 0.4238322 0.4876711 0.2436120 0.2727425 0.3870769 0.2858179 
Neam       0.2501838 0.2695256 0.3281774 0.2808190 0.0000000 0.3287056 0.3023847 0.3826515 0.4540841 0.2760739 0.0183519 0.3210354 0.1877371 
RuprSFB    0.3652380 0.4240381 0.3152393 0.4186965 0.3287056 0.0000000 0.3262957 0.4098345 0.4932874 0.3804818 0.3339165 0.3312252 0.3092564 
Retr       0.3241800 0.3176695 0.2996119 0.3711403 0.3023847 0.3262957 0.0000000 0.3761626 0.4309058 0.3320080 0.3061914 0.1770225 0.2655008 
Beta       0.4545747 0.4096456 0.4466516 0.4238322 0.3826515 0.4098345 0.3761626 0.0000000 0.2213123 0.3981181 0.3908328 0.3550126 0.3978205 
Spol       0.4936514 0.4784952 0.5201391 0.4876711 0.4540841 0.4932874 0.4309058 0.2213123 0.0000000 0.4928553 0.4648833 0.4429754 0.4599205 
MJM1652    0.3552139 0.1525893 0.4209494 0.2436120 0.2760739 0.3804818 0.3320080 0.3981181 0.4928553 0.0000000 0.2798547 0.3494528 0.2607534 
NepSFB     0.2549952 0.2756830 0.3307207 0.2727425 0.0183519 0.3339165 0.3061914 0.3908328 0.4648833 0.2798547 0.0000000 0.3302747 0.1940818 
WPYJ       0.3344282 0.3340972 0.3403338 0.3870769 0.3210354 0.3312252 0.1770225 0.3550126 0.4429754 0.3494528 0.3302747 0.0000000 0.2799421 
MJM2940    0.1843824 0.2651568 0.3204758 0.2858179 0.1877371 0.3092564 0.2655008 0.3978205 0.4599205 0.2607534 0.1940818 0.2799421 0.0000000 
