13
DrolusSFB  0.0000000 0.3223744 0.4477467 0.3969423 0.2527424 0.3443513 0.3111227 0.3953516 0.4055094 0.3592547 0.2544464 0.3523602 0.1872760 
Dino       0.3223744 0.0000000 0.4165172 0.2309271 0.2627229 0.3371594 0.3184146 0.3999237 0.3582947 0.1599027 0.2635156 0.3907077 0.2732777 
MJM3360    0.4477467 0.4165172 0.0000000 0.4781655 0.4147165 0.3260664 0.4412506 0.4704254 0.4183151 0.4222026 0.4185811 0.4958600 0.3918594 
DrobinSFB  0.3969423 0.2309271 0.4781655 0.0000000 0.3403779 0.3777737 0.3850175 0.4536022 0.4300667 0.2414756 0.3460897 0.4403960 0.3503573 
Neam       0.2527424 0.2627229 0.4147165 0.3403779 0.0000000 0.2934006 0.2725074 0.3474065 0.3196615 0.3148539 0.0075878 0.3296999 0.1903513 
RuprSFB    0.3443513 0.3371594 0.3260664 0.3777737 0.2934006 0.0000000 0.3304071 0.3843842 0.3480436 0.3533505 0.2953327 0.3627405 0.2941180 
Retr       0.3111227 0.3184146 0.4412506 0.3850175 0.2725074 0.3304071 0.0000000 0.3737254 0.3274609 0.3331985 0.2736711 0.1887402 0.2470399 
Beta       0.3953516 0.3999237 0.4704254 0.4536022 0.3474065 0.3843842 0.3737254 0.0000000 0.1111127 0.4051125 0.3519401 0.4157954 0.3277028 
Spol       0.4055094 0.3582947 0.4183151 0.4300667 0.3196615 0.3480436 0.3274609 0.1111127 0.0000000 0.3904346 0.3208510 0.3794880 0.2986397 
MJM1652    0.3592547 0.1599027 0.4222026 0.2414756 0.3148539 0.3533505 0.3331985 0.4051125 0.3904346 0.0000000 0.3187290 0.3987468 0.2965901 
NepSFB     0.2544464 0.2635156 0.4185811 0.3460897 0.0075878 0.2953327 0.2736711 0.3519401 0.3208510 0.3187290 0.0000000 0.3329806 0.1927042 
WPYJ       0.3523602 0.3907077 0.4958600 0.4403960 0.3296999 0.3627405 0.1887402 0.4157954 0.3794880 0.3987468 0.3329806 0.0000000 0.3105949 
MJM2940    0.1872760 0.2732777 0.3918594 0.3503573 0.1903513 0.2941180 0.2470399 0.3277028 0.2986397 0.2965901 0.1927042 0.3105949 0.0000000 
