13
DrolusSFB  0.0000000 0.2819707 0.4182209 0.3093096 0.2742228 0.3549638 0.3766700 0.3536331 0.3360570 0.3580005 0.3225091 0.3382373 0.2102258 
Dino       0.2819707 0.0000000 0.3222498 0.1765799 0.2566169 0.2927940 0.3771216 0.3887132 0.4181318 0.1690229 0.1783145 0.3459189 0.2549545 
MJM3360    0.4182209 0.3222498 0.0000000 0.3780144 0.3680647 0.3047511 0.4477342 0.4417070 0.3496950 0.4295227 0.5507907 0.4838719 0.3786431 
DrobinSFB  0.3093096 0.1765799 0.3780144 0.0000000 0.2635261 0.3360033 0.3562500 0.3827907 0.3895918 0.2093586 0.2787999 0.3883690 0.2835879 
Neam       0.2742228 0.2566169 0.3680647 0.2635261 0.0000000 0.2685347 0.3245057 0.3607904 0.3335734 0.2985070 0.0129391 0.3052320 0.1869277 
RuprSFB    0.3549638 0.2927940 0.3047511 0.3360033 0.2685347 0.0000000 0.3863408 0.4024732 0.3632256 0.3650464 0.3090125 0.4131621 0.2793816 
Retr       0.3766700 0.3771216 0.4477342 0.3562500 0.3245057 0.3863408 0.0000000 0.3950354 0.3471612 0.3992022 0.3475481 0.2173696 0.3307742 
Beta       0.3536331 0.3887132 0.4417070 0.3827907 0.3607904 0.4024732 0.3950354 0.0000000 0.1021623 0.4022474 0.3602177 0.4052845 0.3278400 
Spol       0.3360570 0.4181318 0.3496950 0.3895918 0.3335734 0.3632256 0.3471612 0.1021623 0.0000000 0.4057249 0.2017299 0.3857742 0.3185278 
MJM1652    0.3580005 0.1690229 0.4295227 0.2093586 0.2985070 0.3650464 0.3992022 0.4022474 0.4057249 0.0000000 0.3525142 0.4132289 0.2761899 
NepSFB     0.3225091 0.1783145 0.5507907 0.2787999 0.0129391 0.3090125 0.3475481 0.3602177 0.2017299 0.3525142 0.0000000 0.3609344 0.1865126 
WPYJ       0.3382373 0.3459189 0.4838719 0.3883690 0.3052320 0.4131621 0.2173696 0.4052845 0.3857742 0.4132289 0.3609344 0.0000000 0.3173961 
MJM2940    0.2102258 0.2549545 0.3786431 0.2835879 0.1869277 0.2793816 0.3307742 0.3278400 0.3185278 0.2761899 0.1865126 0.3173961 0.0000000 
