13
DrolusSFB  0.0000000 0.4086285 0.3068797 0.4622718 0.4115007 0.3134861 0.4910468 0.4399830 0.4174684 0.4387517 0.4152867 0.5255313 0.2710075 
Dino       0.4086285 0.0000000 0.3746981 0.3639143 0.3897836 0.3920541 0.5266803 0.4318767 0.4341980 0.2204089 0.3952716 0.5928423 0.3810271 
MJM3360    0.3068797 0.3746981 0.0000000 0.4233476 0.3844858 0.2957087 0.3850656 0.4054321 0.3802810 0.3796290 0.3744357 0.4343134 0.3051265 
DrobinSFB  0.4622718 0.3639143 0.4233476 0.0000000 0.5255069 0.4762884 0.6200755 0.4460447 0.4646295 0.3494916 0.5349150 0.6746336 0.5049078 
Neam       0.4115007 0.3897836 0.3844858 0.5255069 0.0000000 0.3534668 0.4921755 0.4452607 0.4398342 0.4175922 0.0161838 0.5501298 0.3494591 
RuprSFB    0.3134861 0.3920541 0.2957087 0.4762884 0.3534668 0.0000000 0.4422524 0.3719721 0.3792941 0.3846956 0.3484451 0.4638521 0.2968756 
Retr       0.4910468 0.5266803 0.3850656 0.6200755 0.4921755 0.4422524 0.0000000 0.4592356 0.4421830 0.5277905 0.4932533 0.2746064 0.4816893 
Beta       0.4399830 0.4318767 0.4054321 0.4460447 0.4452607 0.3719721 0.4592356 0.0000000 0.1682179 0.4492424 0.4495631 0.4522496 0.4421722 
Spol       0.4174684 0.4341980 0.3802810 0.4646295 0.4398342 0.3792941 0.4421830 0.1682179 0.0000000 0.4414320 0.4404834 0.4459289 0.4172664 
MJM1652    0.4387517 0.2204089 0.3796290 0.3494916 0.4175922 0.3846956 0.5277905 0.4492424 0.4414320 0.0000000 0.4175788 0.6315302 0.4146449 
NepSFB     0.4152867 0.3952716 0.3744357 0.5349150 0.0161838 0.3484451 0.4932533 0.4495631 0.4404834 0.4175788 0.0000000 0.5504215 0.3494367 
WPYJ       0.5255313 0.5928423 0.4343134 0.6746336 0.5501298 0.4638521 0.2746064 0.4522496 0.4459289 0.6315302 0.5504215 0.0000000 0.5562364 
MJM2940    0.2710075 0.3810271 0.3051265 0.5049078 0.3494591 0.2968756 0.4816893 0.4421722 0.4172664 0.4146449 0.3494367 0.5562364 0.0000000 
