13
DrolusSFB  0.0000000 0.3202232 0.3107377 0.3008144 0.2335980 0.3001622 0.2652806 0.2998763 0.3016186 0.3123072 0.2026523 0.3224341 0.1552618 
Dino       0.3202232 0.0000000 0.3366292 0.1566614 0.2806832 0.3046561 0.2820041 0.3153112 0.3419115 0.1330888 0.2230151 0.3423497 0.2995291 
MJM3360    0.3107377 0.3366292 0.0000000 0.3907085 0.3051441 0.2738668 0.3075025 0.3666394 0.3890256 0.3522796 0.2931445 0.3642276 0.2797769 
DrobinSFB  0.3008144 0.1566614 0.3907085 0.0000000 0.3012671 0.3719518 0.3531312 0.3796583 0.3876181 0.1860442 0.2987084 0.3977464 0.3044514 
Neam       0.2335980 0.2806832 0.3051441 0.3012671 0.0000000 0.2925955 0.2356887 0.2710698 0.2901648 0.2899361 0.0089006 0.2884106 0.2376063 
RuprSFB    0.3001622 0.3046561 0.2738668 0.3719518 0.2925955 0.0000000 0.2877426 0.3074998 0.3302770 0.3147885 0.2921707 0.3516550 0.2926567 
Retr       0.2652806 0.2820041 0.3075025 0.3531312 0.2356887 0.2877426 0.0000000 0.3129443 0.3287259 0.3002646 0.2395258 0.1812146 0.2781223 
Beta       0.2998763 0.3153112 0.3666394 0.3796583 0.2710698 0.3074998 0.3129443 0.0000000 0.1186662 0.3293500 0.2793263 0.3355017 0.2952958 
Spol       0.3016186 0.3419115 0.3890256 0.3876181 0.2901648 0.3302770 0.3287259 0.1186662 0.0000000 0.3560219 0.3064500 0.3275780 0.3087047 
MJM1652    0.3123072 0.1330888 0.3522796 0.1860442 0.2899361 0.3147885 0.3002646 0.3293500 0.3560219 0.0000000 0.2478759 0.3745703 0.3140173 
NepSFB     0.2026523 0.2230151 0.2931445 0.2987084 0.0089006 0.2921707 0.2395258 0.2793263 0.3064500 0.2478759 0.0000000 0.2866511 0.2021042 
WPYJ       0.3224341 0.3423497 0.3642276 0.3977464 0.2884106 0.3516550 0.1812146 0.3355017 0.3275780 0.3745703 0.2866511 0.0000000 0.3035039 
MJM2940    0.1552618 0.2995291 0.2797769 0.3044514 0.2376063 0.2926567 0.2781223 0.2952958 0.3087047 0.3140173 0.2021042 0.3035039 0.0000000 
