13
DrolusSFB  0.0000000 0.2840173 0.3225992 0.2662275 0.2249476 0.2781526 0.2807775 0.3020967 0.2985969 0.2849114 0.2209553 0.3748439 0.1432389 
Dino       0.2840173 0.0000000 0.3426320 0.1797074 0.2129277 0.2934702 0.2766332 0.3169175 0.3383107 0.1159327 0.2099032 0.3944983 0.2255669 
MJM3360    0.3225992 0.3426320 0.0000000 0.3752191 0.2659123 0.2481480 0.2599212 0.3432956 0.3506240 0.3719699 0.2641712 0.3769262 0.2768394 
DrobinSFB  0.2662275 0.1797074 0.3752191 0.0000000 0.2288410 0.3171712 0.3011444 0.3231231 0.3415691 0.1764017 0.2288909 0.3547103 0.2247074 
Neam       0.2249476 0.2129277 0.2659123 0.2288410 0.0000000 0.2240977 0.2280037 0.2735011 0.2877785 0.2261371 0.0091101 0.3241281 0.1482577 
RuprSFB    0.2781526 0.2934702 0.2481480 0.3171712 0.2240977 0.0000000 0.2375038 0.3073933 0.3148959 0.3136252 0.2222658 0.3337483 0.2331271 
Retr       0.2807775 0.2766332 0.2599212 0.3011444 0.2280037 0.2375038 0.0000000 0.2971502 0.3111798 0.2991276 0.2266794 0.2067810 0.2049536 
Beta       0.3020967 0.3169175 0.3432956 0.3231231 0.2735011 0.3073933 0.2971502 0.0000000 0.1079422 0.3384256 0.2667293 0.3800600 0.2419698 
Spol       0.2985969 0.3383107 0.3506240 0.3415691 0.2877785 0.3148959 0.3111798 0.1079422 0.0000000 0.3511761 0.2790474 0.3738711 0.2566856 
MJM1652    0.2849114 0.1159327 0.3719699 0.1764017 0.2261371 0.3136252 0.2991276 0.3384256 0.3511761 0.0000000 0.2223157 0.3857740 0.2317733 
NepSFB     0.2209553 0.2099032 0.2641712 0.2288909 0.0091101 0.2222658 0.2266794 0.2667293 0.2790474 0.2223157 0.0000000 0.3185513 0.1435823 
WPYJ       0.3748439 0.3944983 0.3769262 0.3547103 0.3241281 0.3337483 0.2067810 0.3800600 0.3738711 0.3857740 0.3185513 0.0000000 0.3161548 
MJM2940    0.1432389 0.2255669 0.2768394 0.2247074 0.1482577 0.2331271 0.2049536 0.2419698 0.2566856 0.2317733 0.1435823 0.3161548 0.0000000 
