13
DrolusSFB  0.0000000 0.2935783 0.4416847 0.3684310 0.2623964 0.3888966 0.2725821 0.3827642 0.3898825 0.3199337 0.2609835 0.4067539 0.1816054 
Dino       0.2935783 0.0000000 0.3975989 0.1570945 0.2357272 0.3500241 0.2245938 0.3453385 0.3881373 0.1582407 0.2314711 0.4156415 0.2580238 
MJM3360    0.4416847 0.3975989 0.0000000 0.4621439 0.4043641 0.3642585 0.3359457 0.4418252 0.4650223 0.4401299 0.3977083 0.4659775 0.3851971 
DrobinSFB  0.3684310 0.1570945 0.4621439 0.0000000 0.3120248 0.4283890 0.3156485 0.4036932 0.4412500 0.2143797 0.3095196 0.4292217 0.3079545 
Neam       0.2623964 0.2357272 0.4043641 0.3120248 0.0000000 0.3618953 0.2546792 0.3554278 0.3893442 0.2761033 0.0066755 0.3904338 0.2039085 
RuprSFB    0.3888966 0.3500241 0.3642585 0.4283890 0.3618953 0.0000000 0.2730341 0.3975994 0.4164741 0.4054810 0.3588758 0.3973997 0.3341121 
Retr       0.2725821 0.2245938 0.3359457 0.3156485 0.2546792 0.2730341 0.0000000 0.2630897 0.3148695 0.2753402 0.2513629 0.1748926 0.2495265 
Beta       0.3827642 0.3453385 0.4418252 0.4036932 0.3554278 0.3975994 0.2630897 0.0000000 0.1620157 0.3944943 0.3496510 0.3939885 0.3347983 
Spol       0.3898825 0.3881373 0.4650223 0.4412500 0.3893442 0.4164741 0.3148695 0.1620157 0.0000000 0.4414458 0.3842079 0.4510419 0.3533167 
MJM1652    0.3199337 0.1582407 0.4401299 0.2143797 0.2761033 0.4054810 0.2753402 0.3944943 0.4414458 0.0000000 0.2743021 0.4080216 0.2730881 
NepSFB     0.2609835 0.2314711 0.3977083 0.3095196 0.0066755 0.3588758 0.2513629 0.3496510 0.3842079 0.2743021 0.0000000 0.3880522 0.2014887 
WPYJ       0.4067539 0.4156415 0.4659775 0.4292217 0.3904338 0.3973997 0.1748926 0.3939885 0.4510419 0.4080216 0.3880522 0.0000000 0.3494259 
MJM2940    0.1816054 0.2580238 0.3851971 0.3079545 0.2039085 0.3341121 0.2495265 0.3347983 0.3533167 0.2730881 0.2014887 0.3494259 0.0000000 
