13
DrolusSFB  0.0000000 0.3501844 0.4370384 0.3865022 0.2926624 0.4149320 0.3836475 0.4012500 0.4474711 0.3934940 0.2931897 0.4334064 0.2074827 
Dino       0.3501844 0.0000000 0.4372857 0.1765090 0.3000060 0.4048117 0.3968974 0.4281278 0.4352489 0.1475886 0.3013028 0.4675913 0.2985997 
MJM3360    0.4370384 0.4372857 0.0000000 0.4377015 0.3970706 0.3391291 0.3983208 0.4516480 0.4468703 0.4672513 0.3978509 0.4392447 0.3998823 
DrobinSFB  0.3865022 0.1765090 0.4377015 0.0000000 0.3288260 0.4054587 0.4137302 0.4374737 0.4715063 0.2047971 0.3380107 0.4653462 0.3224584 
Neam       0.2926624 0.3000060 0.3970706 0.3288260 0.0000000 0.3600709 0.3355737 0.3747806 0.4032076 0.3531725 0.0181476 0.3979210 0.2320636 
RuprSFB    0.4149320 0.4048117 0.3391291 0.4054587 0.3600709 0.0000000 0.3924114 0.4002366 0.4234864 0.4268274 0.3661979 0.4154996 0.3360749 
Retr       0.3836475 0.3968974 0.3983208 0.4137302 0.3355737 0.3924114 0.0000000 0.3829419 0.4020740 0.4076701 0.3458020 0.2015453 0.3031320 
Beta       0.4012500 0.4281278 0.4516480 0.4374737 0.3747806 0.4002366 0.3829419 0.0000000 0.1499761 0.4455289 0.3733893 0.4120138 0.3645631 
Spol       0.4474711 0.4352489 0.4468703 0.4715063 0.4032076 0.4234864 0.4020740 0.1499761 0.0000000 0.4538979 0.3995917 0.4480362 0.3961737 
MJM1652    0.3934940 0.1475886 0.4672513 0.2047971 0.3531725 0.4268274 0.4076701 0.4455289 0.4538979 0.0000000 0.3579049 0.4811779 0.3301313 
NepSFB     0.2931897 0.3013028 0.3978509 0.3380107 0.0181476 0.3661979 0.3458020 0.3733893 0.3995917 0.3579049 0.0000000 0.3981820 0.2375224 
WPYJ       0.4334064 0.4675913 0.4392447 0.4653462 0.3979210 0.4154996 0.2015453 0.4120138 0.4480362 0.4811779 0.3981820 0.0000000 0.3644004 
MJM2940    0.2074827 0.2985997 0.3998823 0.3224584 0.2320636 0.3360749 0.3031320 0.3645631 0.3961737 0.3301313 0.2375224 0.3644004 0.0000000 
