13
DrolusSFB  0.0000000 0.4040023 0.4219944 0.3709928 0.3377516 0.3226197 0.4633765 0.4300422 0.4655443 0.4864503 0.3350023 0.5294122 0.2189240 
Dino       0.4040023 0.0000000 0.4318801 0.2651293 0.3565622 0.3504722 0.5423732 0.4375211 0.4321720 0.2385190 0.3579634 0.5803293 0.3383514 
MJM3360    0.4219944 0.4318801 0.0000000 0.4256592 0.3854911 0.3377118 0.3989514 0.4213012 0.4352379 0.4443831 0.4108108 0.4530338 0.3761726 
DrobinSFB  0.3709928 0.2651293 0.4256592 0.0000000 0.3245516 0.3712397 0.4434764 0.4838350 0.4736894 0.3271613 0.3394734 0.4928780 0.3004977 
Neam       0.3377516 0.3565622 0.3854911 0.3245516 0.0000000 0.3129897 0.4284865 0.3814201 0.4143447 0.4402333 0.0276601 0.4795314 0.2519535 
RuprSFB    0.3226197 0.3504722 0.3377118 0.3712397 0.3129897 0.0000000 0.3838790 0.4103745 0.3894579 0.4175655 0.3297516 0.4045080 0.3223870 
Retr       0.4633765 0.5423732 0.3989514 0.4434764 0.4284865 0.3838790 0.0000000 0.4503138 0.4750393 0.5436896 0.4463433 0.2846478 0.4037523 
Beta       0.4300422 0.4375211 0.4213012 0.4838350 0.3814201 0.4103745 0.4503138 0.0000000 0.1400541 0.5122867 0.3897987 0.4922936 0.3574020 
Spol       0.4655443 0.4321720 0.4352379 0.4736894 0.4143447 0.3894579 0.4750393 0.1400541 0.0000000 0.5529917 0.4300637 0.5020934 0.3742852 
MJM1652    0.4864503 0.2385190 0.4443831 0.3271613 0.4402333 0.4175655 0.5436896 0.5122867 0.5529917 0.0000000 0.4532107 0.5648642 0.4467349 
NepSFB     0.3350023 0.3579634 0.4108108 0.3394734 0.0276601 0.3297516 0.4463433 0.3897987 0.4300637 0.4532107 0.0000000 0.5008428 0.2586949 
WPYJ       0.5294122 0.5803293 0.4530338 0.4928780 0.4795314 0.4045080 0.2846478 0.4922936 0.5020934 0.5648642 0.5008428 0.0000000 0.4668339 
MJM2940    0.2189240 0.3383514 0.3761726 0.3004977 0.2519535 0.3223870 0.4037523 0.3574020 0.3742852 0.4467349 0.2586949 0.4668339 0.0000000 
