13
DrolusSFB  0.0000000 0.2533062 0.2152470 0.2842606 0.1840622 0.1987392 0.2177515 0.2469654 0.2694655 0.2836362 0.1711439 0.2567628 0.1289386 
Dino       0.2533062 0.0000000 0.3316143 0.1864674 0.1888886 0.2959585 0.2824181 0.3804257 0.3586714 0.1347328 0.2208418 0.2965943 0.2397514 
MJM3360    0.2152470 0.3316143 0.0000000 0.3817080 0.2743555 0.1947115 0.2690431 0.2764041 0.2960521 0.3720734 0.2435602 0.2791587 0.2291503 
DrobinSFB  0.2842606 0.1864674 0.3817080 0.0000000 0.2451683 0.3242785 0.3593867 0.3824854 0.4182580 0.1807830 0.2492231 0.4067912 0.2467082 
Neam       0.1840622 0.1888886 0.2743555 0.2451683 0.0000000 0.2116756 0.2349127 0.2786963 0.3077897 0.2517618 0.0120979 0.2591680 0.1527166 
RuprSFB    0.1987392 0.2959585 0.1947115 0.3242785 0.2116756 0.0000000 0.2713958 0.2818730 0.2889713 0.3238833 0.2123219 0.2639903 0.2044732 
Retr       0.2177515 0.2824181 0.2690431 0.3593867 0.2349127 0.2713958 0.0000000 0.2678206 0.2779097 0.3350051 0.2234476 0.1523747 0.2295832 
Beta       0.2469654 0.3804257 0.2764041 0.3824854 0.2786963 0.2818730 0.2678206 0.0000000 0.1054174 0.3918720 0.2677138 0.3056682 0.2392072 
Spol       0.2694655 0.3586714 0.2960521 0.4182580 0.3077897 0.2889713 0.2779097 0.1054174 0.0000000 0.4174760 0.3067989 0.3165683 0.2672346 
MJM1652    0.2836362 0.1347328 0.3720734 0.1807830 0.2517618 0.3238833 0.3350051 0.3918720 0.4174760 0.0000000 0.2558073 0.3431908 0.2722049 
NepSFB     0.1711439 0.2208418 0.2435602 0.2492231 0.0120979 0.2123219 0.2234476 0.2677138 0.3067989 0.2558073 0.0000000 0.2815162 0.1365686 
WPYJ       0.2567628 0.2965943 0.2791587 0.4067912 0.2591680 0.2639903 0.1523747 0.3056682 0.3165683 0.3431908 0.2815162 0.0000000 0.2634183 
MJM2940    0.1289386 0.2397514 0.2291503 0.2467082 0.1527166 0.2044732 0.2295832 0.2392072 0.2672346 0.2722049 0.1365686 0.2634183 0.0000000 
