13
DrolusSFB  0.0000000 0.3314532 0.4948509 0.3533489 0.2577088 0.3916051 0.3427430 0.4332318 0.4575795 0.3714684 0.2582352 0.4170831 0.1861039 
Dino       0.3314532 0.0000000 0.5486754 0.1630464 0.2568042 0.3790341 0.3638654 0.4712164 0.4836865 0.1255424 0.2551706 0.4097366 0.2767529 
MJM3360    0.4948509 0.5486754 0.0000000 0.5018336 0.4412163 0.3590956 0.4784807 0.5350918 0.5176447 0.5369280 0.4399357 0.5130602 0.4562044 
DrobinSFB  0.3533489 0.1630464 0.5018336 0.0000000 0.2968562 0.3824811 0.3438856 0.4412691 0.4490476 0.2162314 0.2920188 0.4005497 0.2961583 
Neam       0.2577088 0.2568042 0.4412163 0.2968562 0.0000000 0.3630720 0.3091654 0.3902506 0.3916583 0.3349857 0.0123396 0.3657425 0.1998003 
RuprSFB    0.3916051 0.3790341 0.3590956 0.3824811 0.3630720 0.0000000 0.4101885 0.4411622 0.4328048 0.4499855 0.3648946 0.4339555 0.3789404 
Retr       0.3427430 0.3638654 0.4784807 0.3438856 0.3091654 0.4101885 0.0000000 0.4571883 0.4851172 0.3842145 0.3086172 0.2037095 0.3035201 
Beta       0.4332318 0.4712164 0.5350918 0.4412691 0.3902506 0.4411622 0.4571883 0.0000000 0.1451704 0.5159872 0.3856252 0.4781475 0.3892362 
Spol       0.4575795 0.4836865 0.5176447 0.4490476 0.3916583 0.4328048 0.4851172 0.1451704 0.0000000 0.4754973 0.3942509 0.5103345 0.4059804 
MJM1652    0.3714684 0.1255424 0.5369280 0.2162314 0.3349857 0.4499855 0.3842145 0.5159872 0.4754973 0.0000000 0.3325528 0.4238118 0.3212075 
NepSFB     0.2582352 0.2551706 0.4399357 0.2920188 0.0123396 0.3648946 0.3086172 0.3856252 0.3942509 0.3325528 0.0000000 0.3674842 0.1950553 
WPYJ       0.4170831 0.4097366 0.5130602 0.4005497 0.3657425 0.4339555 0.2037095 0.4781475 0.5103345 0.4238118 0.3674842 0.0000000 0.3778387 
MJM2940    0.1861039 0.2767529 0.4562044 0.2961583 0.1998003 0.3789404 0.3035201 0.3892362 0.4059804 0.3212075 0.1950553 0.3778387 0.0000000 
