13
DrolusSFB  0.0000000 0.2979704 0.3898704 0.4102513 0.2286524 0.3175953 0.2761988 0.3412942 0.3479799 0.3468824 0.2422822 0.2917391 0.1307630 
Dino       0.2979704 0.0000000 0.3510505 0.2124747 0.2325613 0.3313009 0.3095012 0.3563351 0.3685413 0.1393750 0.2428186 0.3514554 0.2341880 
MJM3360    0.3898704 0.3510505 0.0000000 0.4621639 0.3580488 0.2905656 0.3163095 0.4150792 0.4152190 0.4093286 0.3859593 0.3261688 0.3218023 
DrobinSFB  0.4102513 0.2124747 0.4621639 0.0000000 0.3447488 0.4085192 0.3515262 0.4740651 0.4637524 0.2430755 0.3774221 0.3764039 0.3429461 
Neam       0.2286524 0.2325613 0.3580488 0.3447488 0.0000000 0.2894555 0.2568449 0.3261253 0.3175681 0.2730745 0.0047695 0.2733034 0.1789826 
RuprSFB    0.3175953 0.3313009 0.2905656 0.4085192 0.2894555 0.0000000 0.2802735 0.3875272 0.3782100 0.3822501 0.3171935 0.3341506 0.2733613 
Retr       0.2761988 0.3095012 0.3163095 0.3515262 0.2568449 0.2802735 0.0000000 0.3253010 0.3131601 0.3293725 0.2642993 0.1786398 0.2332327 
Beta       0.3412942 0.3563351 0.4150792 0.4740651 0.3261253 0.3875272 0.3253010 0.0000000 0.1183567 0.3941540 0.3452337 0.3289143 0.3001798 
Spol       0.3479799 0.3685413 0.4152190 0.4637524 0.3175681 0.3782100 0.3131601 0.1183567 0.0000000 0.4158693 0.3355907 0.3239285 0.3137275 
MJM1652    0.3468824 0.1393750 0.4093286 0.2430755 0.2730745 0.3822501 0.3293725 0.3941540 0.4158693 0.0000000 0.2704092 0.4062124 0.2742769 
NepSFB     0.2422822 0.2428186 0.3859593 0.3774221 0.0047695 0.3171935 0.2642993 0.3452337 0.3355907 0.2704092 0.0000000 0.3411620 0.1926876 
WPYJ       0.2917391 0.3514554 0.3261688 0.3764039 0.2733034 0.3341506 0.1786398 0.3289143 0.3239285 0.4062124 0.3411620 0.0000000 0.2706306 
MJM2940    0.1307630 0.2341880 0.3218023 0.3429461 0.1789826 0.2733613 0.2332327 0.3001798 0.3137275 0.2742769 0.1926876 0.2706306 0.0000000 
