13
DrolusSFB  0.0000000 0.2354139 0.2840203 0.3180914 0.2316629 0.2359857 0.2979228 0.2663205 0.3786836 0.2839738 0.2347049 0.3468715 0.1376932 
Dino       0.2354139 0.0000000 0.2659858 0.1875568 0.2195465 0.2355247 0.3025386 0.3426053 0.4335916 0.1306261 0.2191958 0.3376676 0.2198794 
MJM3360    0.2840203 0.2659858 0.0000000 0.4156158 0.3017570 0.2371338 0.3279684 0.3391021 0.4036588 0.3325441 0.2842597 0.3112655 0.2273374 
DrobinSFB  0.3180914 0.1875568 0.4156158 0.0000000 0.3107263 0.2904428 0.3639970 0.3858096 0.4288826 0.2464120 0.3163808 0.3384141 0.2870009 
Neam       0.2316629 0.2195465 0.3017570 0.3107263 0.0000000 0.2543246 0.2733377 0.2934634 0.3596095 0.2669558 0.0213486 0.2988862 0.1978241 
RuprSFB    0.2359857 0.2355247 0.2371338 0.2904428 0.2543246 0.0000000 0.3292394 0.2541468 0.2931882 0.3185046 0.2490716 0.2872555 0.2120052 
Retr       0.2979228 0.3025386 0.3279684 0.3639970 0.2733377 0.3292394 0.0000000 0.3262141 0.4310874 0.3299173 0.2756290 0.2052215 0.2434622 
Beta       0.2663205 0.3426053 0.3391021 0.3858096 0.2934634 0.2541468 0.3262141 0.0000000 0.1497715 0.3581586 0.2917159 0.3651077 0.2512335 
Spol       0.3786836 0.4335916 0.4036588 0.4288826 0.3596095 0.2931882 0.4310874 0.1497715 0.0000000 0.4477111 0.3715755 0.4169434 0.2967900 
MJM1652    0.2839738 0.1306261 0.3325441 0.2464120 0.2669558 0.3185046 0.3299173 0.3581586 0.4477111 0.0000000 0.2769870 0.3707636 0.2437128 
NepSFB     0.2347049 0.2191958 0.2842597 0.3163808 0.0213486 0.2490716 0.2756290 0.2917159 0.3715755 0.2769870 0.0000000 0.3017113 0.2008218 
WPYJ       0.3468715 0.3376676 0.3112655 0.3384141 0.2988862 0.2872555 0.2052215 0.3651077 0.4169434 0.3707636 0.3017113 0.0000000 0.2688425 
MJM2940    0.1376932 0.2198794 0.2273374 0.2870009 0.1978241 0.2120052 0.2434622 0.2512335 0.2967900 0.2437128 0.2008218 0.2688425 0.0000000 
