13
DrolusSFB  0.0000000 0.4484228 0.3515632 0.4887114 0.3642881 0.2793681 0.3640030 0.3859239 0.3538411 0.4162399 0.3733340 0.4038524 0.2333931 
Dino       0.4484228 0.0000000 0.3903824 0.2849538 0.3649536 0.2933011 0.3916497 0.3532216 0.3536003 0.1817452 0.3714003 0.4071361 0.3819657 
MJM3360    0.3515632 0.3903824 0.0000000 0.3913618 0.3847221 0.2267288 0.3200820 0.3184296 0.3113366 0.3860280 0.3836901 0.3196545 0.3480326 
DrobinSFB  0.4887114 0.2849538 0.3913618 0.0000000 0.4432347 0.3291708 0.4446529 0.4117795 0.3961210 0.3217902 0.4609258 0.4333910 0.4507360 
Neam       0.3642881 0.3649536 0.3847221 0.4432347 0.0000000 0.3034263 0.3797951 0.3615849 0.3555442 0.3777147 0.0117261 0.4089348 0.2776848 
RuprSFB    0.2793681 0.2933011 0.2267288 0.3291708 0.3034263 0.0000000 0.2618493 0.3428724 0.3048523 0.3167924 0.3050453 0.2657809 0.2823184 
Retr       0.3640030 0.3916497 0.3200820 0.4446529 0.3797951 0.2618493 0.0000000 0.3350153 0.3258140 0.4119266 0.3805189 0.1954405 0.3167164 
Beta       0.3859239 0.3532216 0.3184296 0.4117795 0.3615849 0.3428724 0.3350153 0.0000000 0.1473048 0.3923991 0.3674875 0.3597825 0.3464397 
Spol       0.3538411 0.3536003 0.3113366 0.3961210 0.3555442 0.3048523 0.3258140 0.1473048 0.0000000 0.3953384 0.3591333 0.3154253 0.3172977 
MJM1652    0.4162399 0.1817452 0.3860280 0.3217902 0.3777147 0.3167924 0.4119266 0.3923991 0.3953384 0.0000000 0.3854321 0.4194368 0.3935686 
NepSFB     0.3733340 0.3714003 0.3836901 0.4609258 0.0117261 0.3050453 0.3805189 0.3674875 0.3591333 0.3854321 0.0000000 0.4074117 0.2838270 
WPYJ       0.4038524 0.4071361 0.3196545 0.4333910 0.4089348 0.2657809 0.1954405 0.3597825 0.3154253 0.4194368 0.4074117 0.0000000 0.3385617 
MJM2940    0.2333931 0.3819657 0.3480326 0.4507360 0.2776848 0.2823184 0.3167164 0.3464397 0.3172977 0.3935686 0.2838270 0.3385617 0.0000000 
