13
DrolusSFB  0.0000000 0.4154270 0.4389278 0.3875072 0.2444398 0.3847921 0.3878402 0.4083328 0.4103835 0.3404394 0.2460142 0.5026310 0.1976136 
Dino       0.4154270 0.0000000 0.5612219 0.1667330 0.3486343 0.5956358 0.5212652 0.5103300 0.5394110 0.1737801 0.3510225 0.5287075 0.3993948 
MJM3360    0.4389278 0.5612219 0.0000000 0.4674513 0.4158502 0.3318399 0.4444104 0.4873284 0.4904159 0.4683345 0.4176373 0.5256101 0.4355922 
DrobinSFB  0.3875072 0.1667330 0.4674513 0.0000000 0.3399429 0.4631377 0.4592550 0.4382559 0.4227549 0.2102884 0.3371052 0.5662323 0.3870289 
Neam       0.2444398 0.3486343 0.4158502 0.3399429 0.0000000 0.3283336 0.3309722 0.3452427 0.3327204 0.2743822 0.0109362 0.4145458 0.2072792 
RuprSFB    0.3847921 0.5956358 0.3318399 0.4631377 0.3283336 0.0000000 0.4220831 0.3964095 0.4158773 0.4247941 0.3333444 0.5412967 0.3768785 
Retr       0.3878402 0.5212652 0.4444104 0.4592550 0.3309722 0.4220831 0.0000000 0.4462072 0.4269449 0.4349173 0.3438512 0.2611671 0.3443091 
Beta       0.4083328 0.5103300 0.4873284 0.4382559 0.3452427 0.3964095 0.4462072 0.0000000 0.1409973 0.4005001 0.3459957 0.5870080 0.3473041 
Spol       0.4103835 0.5394110 0.4904159 0.4227549 0.3327204 0.4158773 0.4269449 0.1409973 0.0000000 0.4112760 0.3394957 0.5329532 0.3589917 
MJM1652    0.3404394 0.1737801 0.4683345 0.2102884 0.2743822 0.4247941 0.4349173 0.4005001 0.4112760 0.0000000 0.2793544 0.5548421 0.3259683 
NepSFB     0.2460142 0.3510225 0.4176373 0.3371052 0.0109362 0.3333444 0.3438512 0.3459957 0.3394957 0.2793544 0.0000000 0.4308812 0.2093121 
WPYJ       0.5026310 0.5287075 0.5256101 0.5662323 0.4145458 0.5412967 0.2611671 0.5870080 0.5329532 0.5548421 0.4308812 0.0000000 0.4593588 
MJM2940    0.1976136 0.3993948 0.4355922 0.3870289 0.2072792 0.3768785 0.3443091 0.3473041 0.3589917 0.3259683 0.2093121 0.4593588 0.0000000 
