13
DrolusSFB  0.0000000 0.3065208 0.3990305 0.2656734 0.2314658 0.2858645 0.3231031 0.3151977 0.3023451 0.2843429 0.2449597 0.3687814 0.1881764 
Dino       0.3065208 0.0000000 0.4056972 0.1753570 0.2704370 0.3024530 0.3776367 0.3620835 0.3781201 0.1285008 0.2750297 0.4045997 0.2583761 
MJM3360    0.3990305 0.4056972 0.0000000 0.3640013 0.3408130 0.2771395 0.3803687 0.3828457 0.3519667 0.3994749 0.3406373 0.3976015 0.3804787 
DrobinSFB  0.2656734 0.1753570 0.3640013 0.0000000 0.2062072 0.3094594 0.3598983 0.3209584 0.3240115 0.1662389 0.2190434 0.4266505 0.2143035 
Neam       0.2314658 0.2704370 0.3408130 0.2062072 0.0000000 0.2645874 0.3199150 0.3049776 0.3111950 0.2626633 0.0088275 0.3521378 0.1977188 
RuprSFB    0.2858645 0.3024530 0.2771395 0.3094594 0.2645874 0.0000000 0.3014316 0.3414972 0.3300265 0.2995919 0.2727423 0.3242179 0.2529132 
Retr       0.3231031 0.3776367 0.3803687 0.3598983 0.3199150 0.3014316 0.0000000 0.3442896 0.3483533 0.3912220 0.3286552 0.1725605 0.3118163 
Beta       0.3151977 0.3620835 0.3828457 0.3209584 0.3049776 0.3414972 0.3442896 0.0000000 0.0669564 0.3589389 0.3112948 0.3670184 0.3146826 
Spol       0.3023451 0.3781201 0.3519667 0.3240115 0.3111950 0.3300265 0.3483533 0.0669564 0.0000000 0.3772714 0.3190053 0.3906310 0.3160650 
MJM1652    0.2843429 0.1285008 0.3994749 0.1662389 0.2626633 0.2995919 0.3912220 0.3589389 0.3772714 0.0000000 0.2716853 0.4001455 0.2639798 
NepSFB     0.2449597 0.2750297 0.3406373 0.2190434 0.0088275 0.2727423 0.3286552 0.3112948 0.3190053 0.2716853 0.0000000 0.3538853 0.1998942 
WPYJ       0.3687814 0.4045997 0.3976015 0.4266505 0.3521378 0.3242179 0.1725605 0.3670184 0.3906310 0.4001455 0.3538853 0.0000000 0.3414086 
MJM2940    0.1881764 0.2583761 0.3804787 0.2143035 0.1977188 0.2529132 0.3118163 0.3146826 0.3160650 0.2639798 0.1998942 0.3414086 0.0000000 
