13
DrolusSFB  0.0000000 0.3748331 0.4422857 0.3946664 0.3036623 0.3915625 0.3898216 0.4941435 0.5032499 0.3952591 0.3063174 0.4259199 0.2501115 
Dino       0.3748331 0.0000000 0.4436769 0.2170530 0.2968097 0.3899821 0.3800586 0.4705308 0.4722629 0.2000878 0.2962928 0.4132749 0.2828067 
MJM3360    0.4422857 0.4436769 0.0000000 0.4812220 0.3772402 0.3150986 0.3711271 0.4554843 0.5198309 0.4959492 0.3817555 0.4164867 0.3644577 
DrobinSFB  0.3946664 0.2170530 0.4812220 0.0000000 0.3429047 0.4618181 0.3928282 0.4929942 0.5133142 0.2625971 0.3477137 0.4279342 0.3369908 
Neam       0.3036623 0.2968097 0.3772402 0.3429047 0.0000000 0.3244962 0.2867705 0.4213387 0.4395941 0.3375934 0.0214640 0.3814115 0.2136960 
RuprSFB    0.3915625 0.3899821 0.3150986 0.4618181 0.3244962 0.0000000 0.3417185 0.4207113 0.4384523 0.4347538 0.3345658 0.3831440 0.3168183 
Retr       0.3898216 0.3800586 0.3711271 0.3928282 0.2867705 0.3417185 0.0000000 0.4331454 0.4350088 0.4112667 0.2886291 0.2300903 0.3011623 
Beta       0.4941435 0.4705308 0.4554843 0.4929942 0.4213387 0.4207113 0.4331454 0.0000000 0.2160557 0.5192694 0.4200438 0.4581957 0.4151293 
Spol       0.5032499 0.4722629 0.5198309 0.5133142 0.4395941 0.4384523 0.4350088 0.2160557 0.0000000 0.5545451 0.4523030 0.5111437 0.4323486 
MJM1652    0.3952591 0.2000878 0.4959492 0.2625971 0.3375934 0.4347538 0.4112667 0.5192694 0.5545451 0.0000000 0.3360114 0.4406033 0.3425137 
NepSFB     0.3063174 0.2962928 0.3817555 0.3477137 0.0214640 0.3345658 0.2886291 0.4200438 0.4523030 0.3360114 0.0000000 0.3843974 0.2255088 
WPYJ       0.4259199 0.4132749 0.4164867 0.4279342 0.3814115 0.3831440 0.2300903 0.4581957 0.5111437 0.4406033 0.3843974 0.0000000 0.3578530 
MJM2940    0.2501115 0.2828067 0.3644577 0.3369908 0.2136960 0.3168183 0.3011623 0.4151293 0.4323486 0.3425137 0.2255088 0.3578530 0.0000000 
