13
DrolusSFB  0.0000000 0.4889927 0.4461326 0.4580626 0.3435821 0.4350581 0.3679824 0.4332670 0.4419833 0.4899019 0.3406356 0.3985169 0.2153982 
Dino       0.4889927 0.0000000 0.4544299 0.2564265 0.3636880 0.4140264 0.3965885 0.6087577 0.6092130 0.1645531 0.3631417 0.4472338 0.3634664 
MJM3360    0.4461326 0.4544299 0.0000000 0.3727647 0.4838643 0.3411783 0.3784575 0.5718890 0.5427687 0.3964906 0.4806333 0.4597781 0.4194577 
DrobinSFB  0.4580626 0.2564265 0.3727647 0.0000000 0.3912031 0.3938116 0.4163707 0.4956185 0.5084980 0.2750711 0.4027373 0.4704474 0.3628032 
Neam       0.3435821 0.3636880 0.4838643 0.3912031 0.0000000 0.4297089 0.3744487 0.4854604 0.4756368 0.4015979 0.0106878 0.4135087 0.2414304 
RuprSFB    0.4350581 0.4140264 0.3411783 0.3938116 0.4297089 0.0000000 0.3954687 0.5144302 0.5295782 0.4503160 0.4261443 0.4102920 0.3547197 
Retr       0.3679824 0.3965885 0.3784575 0.4163707 0.3744487 0.3954687 0.0000000 0.4205911 0.3998147 0.4258057 0.3789632 0.1660069 0.2713525 
Beta       0.4332670 0.6087577 0.5718890 0.4956185 0.4854604 0.5144302 0.4205911 0.0000000 0.1062438 0.6834769 0.5065819 0.4789462 0.3870629 
Spol       0.4419833 0.6092130 0.5427687 0.5084980 0.4756368 0.5295782 0.3998147 0.1062438 0.0000000 0.6475319 0.5003790 0.4376160 0.3888743 
MJM1652    0.4899019 0.1645531 0.3964906 0.2750711 0.4015979 0.4503160 0.4258057 0.6834769 0.6475319 0.0000000 0.4035618 0.5218450 0.3781206 
NepSFB     0.3406356 0.3631417 0.4806333 0.4027373 0.0106878 0.4261443 0.3789632 0.5065819 0.5003790 0.4035618 0.0000000 0.4207306 0.2485642 
WPYJ       0.3985169 0.4472338 0.4597781 0.4704474 0.4135087 0.4102920 0.1660069 0.4789462 0.4376160 0.5218450 0.4207306 0.0000000 0.3460882 
MJM2940    0.2153982 0.3634664 0.4194577 0.3628032 0.2414304 0.3547197 0.2713525 0.3870629 0.3888743 0.3781206 0.2485642 0.3460882 0.0000000 
