13
DrolusSFB  0.0000000 0.2880281 0.4099362 0.3441995 0.2560017 0.3813689 0.3907937 0.4256139 0.4329654 0.3255306 0.2401527 0.3257541 0.2245850 
Dino       0.2880281 0.0000000 0.3856965 0.1659823 0.2197568 0.3676023 0.3806249 0.4008310 0.4100853 0.1428507 0.2117212 0.3794311 0.2419725 
MJM3360    0.4099362 0.3856965 0.0000000 0.4329905 0.3505587 0.3158125 0.4393538 0.4404844 0.4553093 0.4306199 0.3496334 0.4142308 0.3807089 
DrobinSFB  0.3441995 0.1659823 0.4329905 0.0000000 0.2540031 0.4084241 0.3735695 0.4307169 0.4535279 0.2107984 0.2592096 0.3897215 0.2837856 
Neam       0.2560017 0.2197568 0.3505587 0.2540031 0.0000000 0.2883350 0.3255869 0.3518709 0.3689041 0.2632146 0.0124960 0.3178743 0.1812840 
RuprSFB    0.3813689 0.3676023 0.3158125 0.4084241 0.2883350 0.0000000 0.4061985 0.4761001 0.4970572 0.4201758 0.2894443 0.3542098 0.3479533 
Retr       0.3907937 0.3806249 0.4393538 0.3735695 0.3255869 0.4061985 0.0000000 0.4400741 0.4481915 0.4127366 0.3520509 0.1569532 0.3219050 
Beta       0.4256139 0.4008310 0.4404844 0.4307169 0.3518709 0.4761001 0.4400741 0.0000000 0.1196474 0.4350028 0.3629418 0.4324944 0.3791879 
Spol       0.4329654 0.4100853 0.4553093 0.4535279 0.3689041 0.4970572 0.4481915 0.1196474 0.0000000 0.4701421 0.3850003 0.4449749 0.3890147 
MJM1652    0.3255306 0.1428507 0.4306199 0.2107984 0.2632146 0.4201758 0.4127366 0.4350028 0.4701421 0.0000000 0.2594071 0.4406376 0.3030071 
NepSFB     0.2401527 0.2117212 0.3496334 0.2592096 0.0124960 0.2894443 0.3520509 0.3629418 0.3850003 0.2594071 0.0000000 0.3185172 0.1771183 
WPYJ       0.3257541 0.3794311 0.4142308 0.3897215 0.3178743 0.3542098 0.1569532 0.4324944 0.4449749 0.4406376 0.3185172 0.0000000 0.3439405 
MJM2940    0.2245850 0.2419725 0.3807089 0.2837856 0.1812840 0.3479533 0.3219050 0.3791879 0.3890147 0.3030071 0.1771183 0.3439405 0.0000000 
