13
DrolusSFB  0.0000000 0.2528167 0.2857611 0.3975202 0.2436776 0.2903343 0.2688913 0.3060351 0.3231099 0.3102846 0.2377188 0.2574518 0.1536658 
Dino       0.2528167 0.0000000 0.3532443 0.3217501 0.2648302 0.3442029 0.2529846 0.3311580 0.3947330 0.1591320 0.2586724 0.3048093 0.2436284 
MJM3360    0.2857611 0.3532443 0.0000000 0.4791383 0.2989148 0.2864655 0.2626943 0.3150060 0.3773855 0.3697196 0.2908483 0.3152909 0.2601432 
DrobinSFB  0.3975202 0.3217501 0.4791383 0.0000000 0.4198876 0.4479243 0.3019636 0.4710532 0.5127410 0.3574053 0.4067078 0.3697324 0.3489754 
Neam       0.2436776 0.2648302 0.2989148 0.4198876 0.0000000 0.2948599 0.2268763 0.2926759 0.3519405 0.3116524 0.0113985 0.2299987 0.1829313 
RuprSFB    0.2903343 0.3442029 0.2864655 0.4479243 0.2948599 0.0000000 0.2541088 0.3271128 0.3547814 0.3588693 0.2925158 0.2565797 0.2503665 
Retr       0.2688913 0.2529846 0.2626943 0.3019636 0.2268763 0.2541088 0.0000000 0.2557041 0.2948075 0.2998791 0.2123665 0.1361525 0.2070044 
Beta       0.3060351 0.3311580 0.3150060 0.4710532 0.2926759 0.3271128 0.2557041 0.0000000 0.1667263 0.3694461 0.2880313 0.2681738 0.2579472 
Spol       0.3231099 0.3947330 0.3773855 0.5127410 0.3519405 0.3547814 0.2948075 0.1667263 0.0000000 0.4200436 0.3480310 0.3077028 0.3137905 
MJM1652    0.3102846 0.1591320 0.3697196 0.3574053 0.3116524 0.3588693 0.2998791 0.3694461 0.4200436 0.0000000 0.3077412 0.3195826 0.2870646 
NepSFB     0.2377188 0.2586724 0.2908483 0.4067078 0.0113985 0.2925158 0.2123665 0.2880313 0.3480310 0.3077412 0.0000000 0.2178113 0.1763937 
WPYJ       0.2574518 0.3048093 0.3152909 0.3697324 0.2299987 0.2565797 0.1361525 0.2681738 0.3077028 0.3195826 0.2178113 0.0000000 0.2299595 
MJM2940    0.1536658 0.2436284 0.2601432 0.3489754 0.1829313 0.2503665 0.2070044 0.2579472 0.3137905 0.2870646 0.1763937 0.2299595 0.0000000 
