13
DrolusSFB  0.0000000 0.3738987 0.5805731 0.4152152 0.2753303 0.4394959 0.4012395 0.4269491 0.4511612 0.4073470 0.2747798 0.3759330 0.2134774 
Dino       0.3738987 0.0000000 0.5755339 0.1996000 0.3047715 0.4523867 0.4086374 0.4690421 0.4825635 0.1765241 0.3014739 0.3807953 0.3240010 
MJM3360    0.5805731 0.5755339 0.0000000 0.6192366 0.5142157 0.4336628 0.5052110 0.6363868 0.6279832 0.6189033 0.5102413 0.4891258 0.5124975 
DrobinSFB  0.4152152 0.1996000 0.6192366 0.0000000 0.3730919 0.5077718 0.4773962 0.5211863 0.5427631 0.2555902 0.3704637 0.4117680 0.3734132 
Neam       0.2753303 0.3047715 0.5142157 0.3730919 0.0000000 0.3753765 0.2776708 0.3931429 0.4200782 0.3400393 0.0178374 0.3314322 0.2081182 
RuprSFB    0.4394959 0.4523867 0.4336628 0.5077718 0.3753765 0.0000000 0.4703411 0.4557683 0.4599282 0.5132060 0.3738187 0.4274414 0.3995693 
Retr       0.4012395 0.4086374 0.5052110 0.4773962 0.2776708 0.4703411 0.0000000 0.4087689 0.5157572 0.4035780 0.2855901 0.1936626 0.3542835 
Beta       0.4269491 0.4690421 0.6363868 0.5211863 0.3931429 0.4557683 0.4087689 0.0000000 0.1573559 0.5017602 0.3967820 0.4053688 0.3852741 
Spol       0.4511612 0.4825635 0.6279832 0.5427631 0.4200782 0.4599282 0.5157572 0.1573559 0.0000000 0.5075829 0.4272853 0.4719680 0.3949674 
MJM1652    0.4073470 0.1765241 0.6189033 0.2555902 0.3400393 0.5132060 0.4035780 0.5017602 0.5075829 0.0000000 0.3443637 0.4435946 0.3725744 
NepSFB     0.2747798 0.3014739 0.5102413 0.3704637 0.0178374 0.3738187 0.2855901 0.3967820 0.4272853 0.3443637 0.0000000 0.3265828 0.2048664 
WPYJ       0.3759330 0.3807953 0.4891258 0.4117680 0.3314322 0.4274414 0.1936626 0.4053688 0.4719680 0.4435946 0.3265828 0.0000000 0.3297629 
MJM2940    0.2134774 0.3240010 0.5124975 0.3734132 0.2081182 0.3995693 0.3542835 0.3852741 0.3949674 0.3725744 0.2048664 0.3297629 0.0000000 
