13
DrolusSFB  0.0000000 0.3242633 0.4590407 0.3659704 0.2572664 0.3337458 0.3997752 0.4126876 0.4009729 0.3586500 0.2527914 0.4304363 0.1899095 
Dino       0.3242633 0.0000000 0.4254107 0.1943760 0.2753396 0.3351252 0.3724559 0.4135313 0.4112971 0.1444753 0.2717328 0.4383321 0.2664360 
MJM3360    0.4590407 0.4254107 0.0000000 0.4378917 0.3682912 0.2582395 0.3986716 0.4125247 0.3875236 0.4463234 0.3698061 0.4690232 0.3942462 
DrobinSFB  0.3659704 0.1943760 0.4378917 0.0000000 0.2993253 0.3426498 0.4327758 0.4487832 0.4581534 0.2381684 0.2953110 0.4898648 0.2994804 
Neam       0.2572664 0.2753396 0.3682912 0.2993253 0.0000000 0.2799617 0.3389101 0.3718090 0.3704509 0.3176875 0.0075174 0.3977649 0.2138271 
RuprSFB    0.3337458 0.3351252 0.2582395 0.3426498 0.2799617 0.0000000 0.3239019 0.3314296 0.3263402 0.3496529 0.2786440 0.3419152 0.2841864 
Retr       0.3997752 0.3724559 0.3986716 0.4327758 0.3389101 0.3239019 0.0000000 0.4009217 0.3936116 0.4262089 0.3384322 0.1945020 0.3524992 
Beta       0.4126876 0.4135313 0.4125247 0.4487832 0.3718090 0.3314296 0.4009217 0.0000000 0.1442446 0.4441648 0.3517410 0.4278792 0.3772167 
Spol       0.4009729 0.4112971 0.3875236 0.4581534 0.3704509 0.3263402 0.3936116 0.1442446 0.0000000 0.4373249 0.3474435 0.4368199 0.3679757 
MJM1652    0.3586500 0.1444753 0.4463234 0.2381684 0.3176875 0.3496529 0.4262089 0.4441648 0.4373249 0.0000000 0.3092273 0.4898282 0.3157387 
NepSFB     0.2527914 0.2717328 0.3698061 0.2953110 0.0075174 0.2786440 0.3384322 0.3517410 0.3474435 0.3092273 0.0000000 0.4008542 0.2071621 
WPYJ       0.4304363 0.4383321 0.4690232 0.4898648 0.3977649 0.3419152 0.1945020 0.4278792 0.4368199 0.4898282 0.4008542 0.0000000 0.3843087 
MJM2940    0.1899095 0.2664360 0.3942462 0.2994804 0.2138271 0.2841864 0.3524992 0.3772167 0.3679757 0.3157387 0.2071621 0.3843087 0.0000000 
