13
DrolusSFB  0.0000000 0.3774340 0.3377093 0.4245486 0.2950332 0.2929423 0.3901463 0.3937401 0.3954886 0.3936958 0.2998532 0.3751776 0.1921626 
Dino       0.3774340 0.0000000 0.3890000 0.1802416 0.3156941 0.3523004 0.4133793 0.4488211 0.4655328 0.1369707 0.3214762 0.4095891 0.3215258 
MJM3360    0.3377093 0.3890000 0.0000000 0.4436193 0.3264956 0.2742158 0.3113222 0.3744133 0.4135937 0.4131112 0.3288427 0.3344731 0.2793278 
DrobinSFB  0.4245486 0.1802416 0.4436193 0.0000000 0.3560269 0.4151222 0.4454727 0.4871568 0.5076308 0.2152218 0.3573649 0.4923050 0.3907160 
Neam       0.2950332 0.3156941 0.3264956 0.3560269 0.0000000 0.3018395 0.3268665 0.3600906 0.4027970 0.3352540 0.0085630 0.3309329 0.1979220 
RuprSFB    0.2929423 0.3523004 0.2742158 0.4151222 0.3018395 0.0000000 0.2552105 0.3277554 0.3772940 0.3984813 0.3041965 0.2880595 0.2633084 
Retr       0.3901463 0.4133793 0.3113222 0.4454727 0.3268665 0.2552105 0.0000000 0.3489980 0.4060346 0.4309380 0.3241697 0.1994277 0.3300135 
Beta       0.3937401 0.4488211 0.3744133 0.4871568 0.3600906 0.3277554 0.3489980 0.0000000 0.1406723 0.4681277 0.3663886 0.3727035 0.3340474 
Spol       0.3954886 0.4655328 0.4135937 0.5076308 0.4027970 0.3772940 0.4060346 0.1406723 0.0000000 0.5020637 0.4059311 0.4069992 0.3606639 
MJM1652    0.3936958 0.1369707 0.4131112 0.2152218 0.3352540 0.3984813 0.4309380 0.4681277 0.5020637 0.0000000 0.3418452 0.4322823 0.3543916 
NepSFB     0.2998532 0.3214762 0.3288427 0.3573649 0.0085630 0.3041965 0.3241697 0.3663886 0.4059311 0.3418452 0.0000000 0.3357244 0.2022357 
WPYJ       0.3751776 0.4095891 0.3344731 0.4923050 0.3309329 0.2880595 0.1994277 0.3727035 0.4069992 0.4322823 0.3357244 0.0000000 0.3044878 
MJM2940    0.1921626 0.3215258 0.2793278 0.3907160 0.1979220 0.2633084 0.3300135 0.3340474 0.3606639 0.3543916 0.2022357 0.3044878 0.0000000 
