13
DrolusSFB  0.0000000 0.3300381 0.4391686 0.2997508 0.2330674 0.3576512 0.3458946 0.3978993 0.4418545 0.3343012 0.2343707 0.3612376 0.1788440 
Dino       0.3300381 0.0000000 0.5002113 0.1766432 0.2660198 0.4080112 0.4254857 0.4688697 0.4704176 0.1396449 0.2653165 0.3823549 0.2889744 
MJM3360    0.4391686 0.5002113 0.0000000 0.4472487 0.3871880 0.3363147 0.4447686 0.5297837 0.5552931 0.4984093 0.3869303 0.3665158 0.4082891 
DrobinSFB  0.2997508 0.1766432 0.4472487 0.0000000 0.2546916 0.3965791 0.4129173 0.4468471 0.4871851 0.1986158 0.2594636 0.3997875 0.2782132 
Neam       0.2330674 0.2660198 0.3871880 0.2546916 0.0000000 0.3556557 0.3137540 0.3725422 0.4094297 0.2633926 0.0092573 0.3330101 0.1783205 
RuprSFB    0.3576512 0.4080112 0.3363147 0.3965791 0.3556557 0.0000000 0.4329510 0.4480076 0.4846065 0.4156641 0.3578068 0.3419660 0.3596182 
Retr       0.3458946 0.4254857 0.4447686 0.4129173 0.3137540 0.4329510 0.0000000 0.4445195 0.4991038 0.4198468 0.3151879 0.1917885 0.3311717 
Beta       0.3978993 0.4688697 0.5297837 0.4468471 0.3725422 0.4480076 0.4445195 0.0000000 0.1954092 0.4668587 0.3771769 0.3767587 0.3648219 
Spol       0.4418545 0.4704176 0.5552931 0.4871851 0.4094297 0.4846065 0.4991038 0.1954092 0.0000000 0.5010121 0.4116014 0.4141400 0.4081784 
MJM1652    0.3343012 0.1396449 0.4984093 0.1986158 0.2633926 0.4156641 0.4198468 0.4668587 0.5010121 0.0000000 0.2686522 0.3734577 0.2982648 
NepSFB     0.2343707 0.2653165 0.3869303 0.2594636 0.0092573 0.3578068 0.3151879 0.3771769 0.4116014 0.2686522 0.0000000 0.3415247 0.1803508 
WPYJ       0.3612376 0.3823549 0.3665158 0.3997875 0.3330101 0.3419660 0.1917885 0.3767587 0.4141400 0.3734577 0.3415247 0.0000000 0.3688029 
MJM2940    0.1788440 0.2889744 0.4082891 0.2782132 0.1783205 0.3596182 0.3311717 0.3648219 0.4081784 0.2982648 0.1803508 0.3688029 0.0000000 
