13
DrolusSFB  0.0000000 0.3428847 0.4018632 0.3708362 0.2727549 0.3645763 0.3326597 0.4246102 0.4463562 0.3896154 0.2782213 0.4214996 0.2176032 
Dino       0.3428847 0.0000000 0.4269477 0.2502840 0.3001133 0.3650824 0.3892139 0.4379629 0.4899708 0.1830589 0.3055464 0.5031111 0.2916829 
MJM3360    0.4018632 0.4269477 0.0000000 0.4677412 0.4366244 0.2960242 0.3930470 0.3980133 0.4406412 0.4191579 0.4269038 0.4386195 0.3797091 
DrobinSFB  0.3708362 0.2502840 0.4677412 0.0000000 0.3768630 0.4113985 0.3749304 0.4870125 0.5261133 0.2707412 0.3762103 0.5125295 0.3311398 
Neam       0.2727549 0.3001133 0.4366244 0.3768630 0.0000000 0.3006843 0.3552578 0.3811846 0.4228387 0.3608262 0.0144297 0.4083132 0.2407193 
RuprSFB    0.3645763 0.3650824 0.2960242 0.4113985 0.3006843 0.0000000 0.4157859 0.3695794 0.4494392 0.4013353 0.3086439 0.4588809 0.3178417 
Retr       0.3326597 0.3892139 0.3930470 0.3749304 0.3552578 0.4157859 0.0000000 0.4045209 0.4213859 0.4096410 0.3603355 0.2211590 0.3049259 
Beta       0.4246102 0.4379629 0.3980133 0.4870125 0.3811846 0.3695794 0.4045209 0.0000000 0.1935140 0.4531521 0.3790920 0.5501947 0.3796056 
Spol       0.4463562 0.4899708 0.4406412 0.5261133 0.4228387 0.4494392 0.4213859 0.1935140 0.0000000 0.4786495 0.4256199 0.4837054 0.3821323 
MJM1652    0.3896154 0.1830589 0.4191579 0.2707412 0.3608262 0.4013353 0.4096410 0.4531521 0.4786495 0.0000000 0.3648740 0.5198967 0.2987488 
NepSFB     0.2782213 0.3055464 0.4269038 0.3762103 0.0144297 0.3086439 0.3603355 0.3790920 0.4256199 0.3648740 0.0000000 0.4089870 0.2455354 
WPYJ       0.4214996 0.5031111 0.4386195 0.5125295 0.4083132 0.4588809 0.2211590 0.5501947 0.4837054 0.5198967 0.4089870 0.0000000 0.4263811 
MJM2940    0.2176032 0.2916829 0.3797091 0.3311398 0.2407193 0.3178417 0.3049259 0.3796056 0.3821323 0.2987488 0.2455354 0.4263811 0.0000000 
