13
DrolusSFB  0.0000000 0.4554049 0.2216125 0.3075293 0.3639397 0.2267772 0.2452680 0.4615086 0.4782151 0.4403854 0.3621176 0.2569974 0.2571535 
Dino       0.4554049 0.0000000 0.2613717 0.2577799 0.3766865 0.3016901 0.2421633 0.4959889 0.5104156 0.2407201 0.3892083 0.1941788 0.4046978 
MJM3360    0.2216125 0.2613717 0.0000000 0.3058429 0.2439234 0.1962880 0.2602902 0.2806524 0.3034529 0.2812965 0.2386141 0.2441876 0.2247380 
DrobinSFB  0.3075293 0.2577799 0.3058429 0.0000000 0.2645070 0.3011089 0.2821727 0.3218143 0.3681970 0.2117631 0.2605432 0.2531577 0.2645654 
Neam       0.3639397 0.3766865 0.2439234 0.2645070 0.0000000 0.2217696 0.2159785 0.4205002 0.4408563 0.3787570 0.0150635 0.2180105 0.2775129 
RuprSFB    0.2267772 0.3016901 0.1962880 0.3011089 0.2217696 0.0000000 0.2434665 0.2491602 0.2885194 0.2692980 0.2208475 0.2462376 0.2163296 
Retr       0.2452680 0.2421633 0.2602902 0.2821727 0.2159785 0.2434665 0.0000000 0.2589101 0.3064380 0.2487624 0.2125911 0.1234589 0.2275478 
Beta       0.4615086 0.4959889 0.2806524 0.3218143 0.4205002 0.2491602 0.2589101 0.0000000 0.1983234 0.4674278 0.4307145 0.2707475 0.4148899 
Spol       0.4782151 0.5104156 0.3034529 0.3681970 0.4408563 0.2885194 0.3064380 0.1983234 0.0000000 0.4580024 0.4516779 0.2947405 0.4155409 
MJM1652    0.4403854 0.2407201 0.2812965 0.2117631 0.3787570 0.2692980 0.2487624 0.4674278 0.4580024 0.0000000 0.3908939 0.2254780 0.3579602 
NepSFB     0.3621176 0.3892083 0.2386141 0.2605432 0.0150635 0.2208475 0.2125911 0.4307145 0.4516779 0.3908939 0.0000000 0.2099047 0.2798564 
WPYJ       0.2569974 0.1941788 0.2441876 0.2531577 0.2180105 0.2462376 0.1234589 0.2707475 0.2947405 0.2254780 0.2099047 0.0000000 0.2195553 
MJM2940    0.2571535 0.4046978 0.2247380 0.2645654 0.2775129 0.2163296 0.2275478 0.4148899 0.4155409 0.3579602 0.2798564 0.2195553 0.0000000 
