13
DrolusSFB  0.0000000 0.2552283 0.2602390 0.3113968 0.2096818 0.2858370 0.1914066 0.2797510 0.2755461 0.2834162 0.2076927 0.4412707 0.1401567 
Dino       0.2552283 0.0000000 0.3308994 0.1480360 0.2270445 0.3318313 0.2724811 0.3436085 0.3686953 0.1168990 0.2267722 0.4095484 0.2497561 
MJM3360    0.2602390 0.3308994 0.0000000 0.3765901 0.2456879 0.2528544 0.2339052 0.2841175 0.2860174 0.3300519 0.2456445 0.4182320 0.2389405 
DrobinSFB  0.3113968 0.1480360 0.3765901 0.0000000 0.2768790 0.3655615 0.3133390 0.4009981 0.4088699 0.1844795 0.2765334 0.4932437 0.3066629 
Neam       0.2096818 0.2270445 0.2456879 0.2768790 0.0000000 0.2416784 0.1737663 0.2709418 0.2668994 0.2451444 0.0079888 0.3685702 0.1616166 
RuprSFB    0.2858370 0.3318313 0.2528544 0.3655615 0.2416784 0.0000000 0.2382887 0.3183409 0.2987135 0.3421114 0.2413748 0.4029937 0.2508490 
Retr       0.1914066 0.2724811 0.2339052 0.3133390 0.1737663 0.2382887 0.0000000 0.2152029 0.2381521 0.2895998 0.1734727 9.0000000 0.1817981 
Beta       0.2797510 0.3436085 0.2841175 0.4009981 0.2709418 0.3183409 0.2152029 0.0000000 0.1148935 0.3411998 0.2693847 0.4523812 0.2330230 
Spol       0.2755461 0.3686953 0.2860174 0.4088699 0.2668994 0.2987135 0.2381521 0.1148935 0.0000000 0.3647733 0.2653830 0.4364669 0.2510867 
MJM1652    0.2834162 0.1168990 0.3300519 0.1844795 0.2451444 0.3421114 0.2895998 0.3411998 0.3647733 0.0000000 0.2477606 0.4193529 0.2593220 
NepSFB     0.2076927 0.2267722 0.2456445 0.2765334 0.0079888 0.2413748 0.1734727 0.2693847 0.2653830 0.2477606 0.0000000 0.3607986 0.1621607 
WPYJ       0.4412707 0.4095484 0.4182320 0.4932437 0.3685702 0.4029937 9.0000000 0.4523812 0.4364669 0.4193529 0.3607986 0.0000000 0.3606789 
MJM2940    0.1401567 0.2497561 0.2389405 0.3066629 0.1616166 0.2508490 0.1817981 0.2330230 0.2510867 0.2593220 0.1621607 0.3606789 0.0000000 
