13
DrolusSFB  0.0000000 0.2638783 0.2891258 0.3174589 0.2760832 0.2966030 0.3934977 0.3617040 0.3408455 0.3202457 0.2781189 0.3575514 0.1423524 
Dino       0.2638783 0.0000000 0.3370030 0.1691318 0.2283659 0.2918962 0.4222047 0.3308755 0.3600821 0.1286220 0.2336994 0.3795693 0.2033885 
MJM3360    0.2891258 0.3370030 0.0000000 0.3361266 0.3166327 0.2159803 0.3113402 0.3408907 0.3435249 0.3287215 0.3076434 0.3142578 0.2609130 
DrobinSFB  0.3174589 0.1691318 0.3361266 0.0000000 0.2970532 0.3440262 0.4857351 0.2824702 0.3178620 0.2210106 0.2983004 0.4130906 0.2726394 
Neam       0.2760832 0.2283659 0.3166327 0.2970532 0.0000000 0.2854420 0.3699946 0.2685247 0.2838455 0.2769441 0.0101359 0.3758533 0.1687460 
RuprSFB    0.2966030 0.2918962 0.2159803 0.3440262 0.2854420 0.0000000 0.2947158 0.2668891 0.3414149 0.2651414 0.2721627 0.3036735 0.2458005 
Retr       0.3934977 0.4222047 0.3113402 0.4857351 0.3699946 0.2947158 0.0000000 0.3057104 0.3198105 0.3982328 0.3664310 0.1776966 0.2988318 
Beta       0.3617040 0.3308755 0.3408907 0.2824702 0.2685247 0.2668891 0.3057104 0.0000000 0.1066684 0.3335944 0.2715161 0.2993409 0.2805571 
Spol       0.3408455 0.3600821 0.3435249 0.3178620 0.2838455 0.3414149 0.3198105 0.1066684 0.0000000 0.3267038 0.2922775 0.2816288 0.2637422 
MJM1652    0.3202457 0.1286220 0.3287215 0.2210106 0.2769441 0.2651414 0.3982328 0.3335944 0.3267038 0.0000000 0.2789669 0.4027919 0.2468758 
NepSFB     0.2781189 0.2336994 0.3076434 0.2983004 0.0101359 0.2721627 0.3664310 0.2715161 0.2922775 0.2789669 0.0000000 0.3836404 0.1705724 
WPYJ       0.3575514 0.3795693 0.3142578 0.4130906 0.3758533 0.3036735 0.1776966 0.2993409 0.2816288 0.4027919 0.3836404 0.0000000 0.2662579 
MJM2940    0.1423524 0.2033885 0.2609130 0.2726394 0.1687460 0.2458005 0.2988318 0.2805571 0.2637422 0.2468758 0.1705724 0.2662579 0.0000000 
