13
DrolusSFB  0.0000000 0.3053774 0.3808650 0.3299414 0.2576357 0.3704759 0.2644753 0.4035826 0.3984567 0.3482262 0.2594243 0.3432417 0.2041141 
Dino       0.3053774 0.0000000 0.3618123 0.1606912 0.2262328 0.3392038 0.2886342 0.3977912 0.3856158 0.1347011 0.2309645 0.3766803 0.2425157 
MJM3360    0.3808650 0.3618123 0.0000000 0.3912634 0.3382789 0.2886739 0.3259096 0.4272607 0.4285901 0.4351668 0.3403916 0.3885970 0.3585409 
DrobinSFB  0.3299414 0.1606912 0.3912634 0.0000000 0.2619240 0.3683706 0.3260150 0.4357130 0.4505854 0.1916271 0.2660613 0.4041942 0.2782117 
Neam       0.2576357 0.2262328 0.3382789 0.2619240 0.0000000 0.3050237 0.2386928 0.3432424 0.3406859 0.2930463 0.0120709 0.3192910 0.1988586 
RuprSFB    0.3704759 0.3392038 0.2886739 0.3683706 0.3050237 0.0000000 0.2896786 0.4109008 0.4129266 0.4090429 0.3046401 0.3479288 0.3212756 
Retr       0.2644753 0.2886342 0.3259096 0.3260150 0.2386928 0.2896786 0.0000000 0.3161059 0.3334117 0.3182770 0.2420924 0.1777335 0.2698259 
Beta       0.4035826 0.3977912 0.4272607 0.4357130 0.3432424 0.4109008 0.3161059 0.0000000 0.1669591 0.4587322 0.3485031 0.3671671 0.3527275 
Spol       0.3984567 0.3856158 0.4285901 0.4505854 0.3406859 0.4129266 0.3334117 0.1669591 0.0000000 0.4533755 0.3471837 0.3693486 0.3496940 
MJM1652    0.3482262 0.1347011 0.4351668 0.1916271 0.2930463 0.4090429 0.3182770 0.4587322 0.4533755 0.0000000 0.2992591 0.3921740 0.3022069 
NepSFB     0.2594243 0.2309645 0.3403916 0.2660613 0.0120709 0.3046401 0.2420924 0.3485031 0.3471837 0.2992591 0.0000000 0.3220571 0.2014747 
WPYJ       0.3432417 0.3766803 0.3885970 0.4041942 0.3192910 0.3479288 0.1777335 0.3671671 0.3693486 0.3921740 0.3220571 0.0000000 0.3306940 
MJM2940    0.2041141 0.2425157 0.3585409 0.2782117 0.1988586 0.3212756 0.2698259 0.3527275 0.3496940 0.3022069 0.2014747 0.3306940 0.0000000 
