13
DrolusSFB  0.0000000 0.2775502 0.4081637 0.3316398 0.2230282 0.3041854 0.2936273 0.3767202 0.3465859 0.2800513 0.2200937 0.3492545 0.1506228 
Dino       0.2775502 0.0000000 0.3614122 0.1164536 0.1942497 0.2559336 0.2992076 0.3449492 0.3428109 0.1484195 0.1889599 0.3570971 0.2230212 
MJM3360    0.4081637 0.3614122 0.0000000 0.3800198 0.3837538 0.3412534 0.3932112 0.4166166 0.3926546 0.3682106 0.3758618 0.3735939 0.3489388 
DrobinSFB  0.3316398 0.1164536 0.3800198 0.0000000 0.2286770 0.3004604 0.3250329 0.3814329 0.3745292 0.1881920 0.2202645 0.3511635 0.2547400 
Neam       0.2230282 0.1942497 0.3837538 0.2286770 0.0000000 0.2573422 0.3013475 0.3413831 0.3288874 0.1976792 0.0049572 0.3487394 0.1661560 
RuprSFB    0.3041854 0.2559336 0.3412534 0.3004604 0.2573422 0.0000000 0.2651290 0.3517147 0.3309688 0.3142917 0.2569696 0.3452349 0.2340286 
Retr       0.2936273 0.2992076 0.3932112 0.3250329 0.3013475 0.2651290 0.0000000 0.3423743 0.3039727 0.3122815 0.3008981 0.1696515 0.2556649 
Beta       0.3767202 0.3449492 0.4166166 0.3814329 0.3413831 0.3517147 0.3423743 0.0000000 0.1046406 0.3700740 0.3408484 0.3619230 0.3566202 
Spol       0.3465859 0.3428109 0.3926546 0.3745292 0.3288874 0.3309688 0.3039727 0.1046406 0.0000000 0.3675690 0.3216102 0.3489719 0.3227400 
MJM1652    0.2800513 0.1484195 0.3682106 0.1881920 0.1976792 0.3142917 0.3122815 0.3700740 0.3675690 0.0000000 0.1897813 0.3325022 0.2484533 
NepSFB     0.2200937 0.1889599 0.3758618 0.2202645 0.0049572 0.2569696 0.3008981 0.3408484 0.3216102 0.1897813 0.0000000 0.3481927 0.1635593 
WPYJ       0.3492545 0.3570971 0.3735939 0.3511635 0.3487394 0.3452349 0.1696515 0.3619230 0.3489719 0.3325022 0.3481927 0.0000000 0.2944293 
MJM2940    0.1506228 0.2230212 0.3489388 0.2547400 0.1661560 0.2340286 0.2556649 0.3566202 0.3227400 0.2484533 0.1635593 0.2944293 0.0000000 
