13
DrolusSFB  0.0000000 0.3005637 0.3891248 0.3404244 0.2366465 0.3468498 0.3134044 0.4012491 0.3922255 0.3656273 0.2469558 0.3646612 0.1671705 
Dino       0.3005637 0.0000000 0.3710281 0.1728379 0.2348431 0.3264484 0.3588834 0.3875297 0.4107503 0.1480375 0.2435291 0.3703468 0.2562243 
MJM3360    0.3891248 0.3710281 0.0000000 0.4103230 0.3401008 0.3384216 0.3836681 0.4560573 0.4554755 0.4203630 0.3454604 0.4058987 0.3443956 
DrobinSFB  0.3404244 0.1728379 0.4103230 0.0000000 0.2864499 0.3868641 0.3889926 0.4404994 0.4495425 0.2173529 0.2899425 0.4340174 0.3068697 
Neam       0.2366465 0.2348431 0.3401008 0.2864499 0.0000000 0.2890944 0.2781192 0.3589430 0.3496507 0.2909603 0.0122807 0.3334822 0.1815902 
RuprSFB    0.3468498 0.3264484 0.3384216 0.3868641 0.2890944 0.0000000 0.3409712 0.4058453 0.4030725 0.3735605 0.2991576 0.3819690 0.2844182 
Retr       0.3134044 0.3588834 0.3836681 0.3889926 0.2781192 0.3409712 0.0000000 0.3882188 0.3714460 0.3864164 0.2860964 0.1891066 0.2799517 
Beta       0.4012491 0.3875297 0.4560573 0.4404994 0.3589430 0.4058453 0.3882188 0.0000000 0.1479758 0.4537721 0.3633639 0.4247191 0.3383092 
Spol       0.3922255 0.4107503 0.4554755 0.4495425 0.3496507 0.4030725 0.3714460 0.1479758 0.0000000 0.4580584 0.3560800 0.4386905 0.3428362 
MJM1652    0.3656273 0.1480375 0.4203630 0.2173529 0.2909603 0.3735605 0.3864164 0.4537721 0.4580584 0.0000000 0.2975223 0.4255806 0.3104898 
NepSFB     0.2469558 0.2435291 0.3454604 0.2899425 0.0122807 0.2991576 0.2860964 0.3633639 0.3560800 0.2975223 0.0000000 0.3416563 0.1837390 
WPYJ       0.3646612 0.3703468 0.4058987 0.4340174 0.3334822 0.3819690 0.1891066 0.4247191 0.4386905 0.4255806 0.3416563 0.0000000 0.3221173 
MJM2940    0.1671705 0.2562243 0.3443956 0.3068697 0.1815902 0.2844182 0.2799517 0.3383092 0.3428362 0.3104898 0.1837390 0.3221173 0.0000000 
