13
DrolusSFB  0.0000000 0.3709434 0.3528215 0.3342883 0.3313744 0.3615027 0.4694915 0.4576581 0.4895284 0.3828154 0.2878745 0.4132879 0.2128375 
Dino       0.3709434 0.0000000 0.3304541 0.2219089 0.3138353 0.3510220 0.4335988 0.4664433 0.4748707 0.1723931 0.3085801 0.4038968 0.3126820 
MJM3360    0.3528215 0.3304541 0.0000000 0.3492960 0.3201452 0.2862453 0.4103323 0.3902179 0.4140181 0.3408952 0.3358278 0.3814207 0.2885724 
DrobinSFB  0.3342883 0.2219089 0.3492960 0.0000000 0.3489614 0.4105757 0.4832165 0.4290796 0.4578444 0.2868579 0.2885795 0.4026618 0.3096036 
Neam       0.3313744 0.3138353 0.3201452 0.3489614 0.0000000 0.3654798 0.4648697 0.4608370 0.4885244 0.3817487 0.0139325 0.3839798 0.2878904 
RuprSFB    0.3615027 0.3510220 0.2862453 0.4105757 0.3654798 0.0000000 0.4687047 0.4355848 0.4475818 0.4270679 0.2866754 0.4015744 0.3243490 
Retr       0.4694915 0.4335988 0.4103323 0.4832165 0.4648697 0.4687047 0.0000000 0.4782902 0.5162403 0.4999118 0.3609692 0.2541514 0.4430348 
Beta       0.4576581 0.4664433 0.3902179 0.4290796 0.4608370 0.4355848 0.4782902 0.0000000 0.1613019 0.5015575 0.4124550 0.4589556 0.3926006 
Spol       0.4895284 0.4748707 0.4140181 0.4578444 0.4885244 0.4475818 0.5162403 0.1613019 0.0000000 0.5486024 0.4353963 0.5079870 0.4388348 
MJM1652    0.3828154 0.1723931 0.3408952 0.2868579 0.3817487 0.4270679 0.4999118 0.5015575 0.5486024 0.0000000 0.3314026 0.4258240 0.3479930 
NepSFB     0.2878745 0.3085801 0.3358278 0.2885795 0.0139325 0.2866754 0.3609692 0.4124550 0.4353963 0.3314026 0.0000000 0.3466675 0.2501962 
WPYJ       0.4132879 0.4038968 0.3814207 0.4026618 0.3839798 0.4015744 0.2541514 0.4589556 0.5079870 0.4258240 0.3466675 0.0000000 0.3621455 
MJM2940    0.2128375 0.3126820 0.2885724 0.3096036 0.2878904 0.3243490 0.4430348 0.3926006 0.4388348 0.3479930 0.2501962 0.3621455 0.0000000 
