13
DrolusSFB  0.0000000 0.2751348 0.2509212 0.3020592 0.2401185 0.2755043 0.3579997 0.3099511 0.3242318 0.2715867 0.2387916 0.3389668 0.1457628 
Dino       0.2751348 0.0000000 0.2822732 0.1824973 0.2253990 0.3077885 0.3541022 0.3055705 0.3451367 0.1261104 0.2273729 0.3631876 0.2292603 
MJM3360    0.2509212 0.2822732 0.0000000 0.2575449 0.2385923 0.1970870 0.2446254 0.2971549 0.2439120 0.2994574 0.2421884 0.2032464 0.2043367 
DrobinSFB  0.3020592 0.1824973 0.2575449 0.0000000 0.2893339 0.3298063 0.3616311 0.3190815 0.3263749 0.1950916 0.2819137 0.3781606 0.2537164 
Neam       0.2401185 0.2253990 0.2385923 0.2893339 0.0000000 0.2377002 0.2535305 0.2293272 0.2765361 0.2218694 0.0060243 0.2719107 0.1433487 
RuprSFB    0.2755043 0.3077885 0.1970870 0.3298063 0.2377002 0.0000000 0.2766148 0.3035574 0.3254826 0.3170108 0.2363538 0.2688467 0.2323080 
Retr       0.3579997 0.3541022 0.2446254 0.3616311 0.2535305 0.2766148 0.0000000 0.2948039 0.3339634 0.3344062 0.2521017 0.1591775 0.2853472 
Beta       0.3099511 0.3055705 0.2971549 0.3190815 0.2293272 0.3035574 0.2948039 0.0000000 0.1041044 0.2944768 0.2279895 0.3001019 0.2438400 
Spol       0.3242318 0.3451367 0.2439120 0.3263749 0.2765361 0.3254826 0.3339634 0.1041044 0.0000000 0.3046156 0.2720981 0.3257445 0.2558984 
MJM1652    0.2715867 0.1261104 0.2994574 0.1950916 0.2218694 0.3170108 0.3344062 0.2944768 0.3046156 0.0000000 0.2162333 0.3893229 0.2156427 
NepSFB     0.2387916 0.2273729 0.2421884 0.2819137 0.0060243 0.2363538 0.2521017 0.2279895 0.2720981 0.2162333 0.0000000 0.2761528 0.1488926 
WPYJ       0.3389668 0.3631876 0.2032464 0.3781606 0.2719107 0.2688467 0.1591775 0.3001019 0.3257445 0.3893229 0.2761528 0.0000000 0.2822457 
MJM2940    0.1457628 0.2292603 0.2043367 0.2537164 0.1433487 0.2323080 0.2853472 0.2438400 0.2558984 0.2156427 0.1488926 0.2822457 0.0000000 
