13
DrolusSFB  0.0000000 0.2426282 0.2834048 0.2616296 0.2110506 0.2717969 0.2884431 0.3068558 0.2867358 0.2259558 0.2096504 0.2985427 0.1500280 
Dino       0.2426282 0.0000000 0.3188422 0.1645932 0.2046508 0.2742431 0.2612469 0.2954577 0.2818475 0.1263393 0.2127108 0.3634976 0.2078756 
MJM3360    0.2834048 0.3188422 0.0000000 0.3128104 0.2534976 0.2211779 0.3339678 0.3123780 0.3254693 0.3298316 0.2558178 0.3115841 0.2443869 
DrobinSFB  0.2616296 0.1645932 0.3128104 0.0000000 0.2098850 0.2887433 0.3479737 0.3292123 0.3207994 0.1402307 0.2128174 0.3162367 0.2156766 
Neam       0.2110506 0.2046508 0.2534976 0.2098850 0.0000000 0.2049172 0.2444610 0.2519652 0.2397118 0.2014879 0.0188810 0.2541200 0.1519267 
RuprSFB    0.2717969 0.2742431 0.2211779 0.2887433 0.2049172 0.0000000 0.3315611 0.2901637 0.3274992 0.2864041 0.2123024 0.3161867 0.2337693 
Retr       0.2884431 0.2612469 0.3339678 0.3479737 0.2444610 0.3315611 0.0000000 0.3652233 0.3487974 0.3171445 0.2445362 0.2212217 0.2849399 
Beta       0.3068558 0.2954577 0.3123780 0.3292123 0.2519652 0.2901637 0.3652233 0.0000000 0.1079511 0.3200203 0.2552955 0.3450141 0.2764065 
Spol       0.2867358 0.2818475 0.3254693 0.3207994 0.2397118 0.3274992 0.3487974 0.1079511 0.0000000 0.3227902 0.2379697 0.3335959 0.2801756 
MJM1652    0.2259558 0.1263393 0.3298316 0.1402307 0.2014879 0.2864041 0.3171445 0.3200203 0.3227902 0.0000000 0.1966326 0.3344167 0.1966385 
NepSFB     0.2096504 0.2127108 0.2558178 0.2128174 0.0188810 0.2123024 0.2445362 0.2552955 0.2379697 0.1966326 0.0000000 0.2508182 0.1497338 
WPYJ       0.2985427 0.3634976 0.3115841 0.3162367 0.2541200 0.3161867 0.2212217 0.3450141 0.3335959 0.3344167 0.2508182 0.0000000 0.2733450 
MJM2940    0.1500280 0.2078756 0.2443869 0.2156766 0.1519267 0.2337693 0.2849399 0.2764065 0.2801756 0.1966385 0.1497338 0.2733450 0.0000000 
