13
DrolusSFB  0.0000000 0.2629679 0.3251787 0.2752756 0.2259391 0.2863279 0.3922722 0.3230609 0.3576553 0.3231911 0.2260342 0.3774702 0.1774893 
Dino       0.2629679 0.0000000 0.3434912 0.1803925 0.2390721 0.3053779 0.3761142 0.3766017 0.4146000 0.1654795 0.2430536 0.4377340 0.2242098 
MJM3360    0.3251787 0.3434912 0.0000000 0.3627272 0.2974275 0.2888613 0.3561695 0.3632771 0.3962747 0.3844349 0.3005288 0.4090994 0.3039414 
DrobinSFB  0.2752756 0.1803925 0.3627272 0.0000000 0.2431255 0.3409206 0.3420667 0.3450016 0.3579389 0.2306983 0.2417872 0.4250896 0.2538497 
Neam       0.2259391 0.2390721 0.2974275 0.2431255 0.0000000 0.2553889 0.3104398 0.3068561 0.3416338 0.2911259 0.0105967 0.3521028 0.1633378 
RuprSFB    0.2863279 0.3053779 0.2888613 0.3409206 0.2553889 0.0000000 0.2925807 0.3377619 0.3611392 0.3344616 0.2523523 0.3751155 0.2656140 
Retr       0.3922722 0.3761142 0.3561695 0.3420667 0.3104398 0.2925807 0.0000000 0.4088636 0.4507594 0.4111616 0.3105523 0.2084298 0.3299731 
Beta       0.3230609 0.3766017 0.3632771 0.3450016 0.3068561 0.3377619 0.4088636 0.0000000 0.1706486 0.4112930 0.3076174 0.4482279 0.3049535 
Spol       0.3576553 0.4146000 0.3962747 0.3579389 0.3416338 0.3611392 0.4507594 0.1706486 0.0000000 0.4498367 0.3459394 0.4609181 0.3483077 
MJM1652    0.3231911 0.1654795 0.3844349 0.2306983 0.2911259 0.3344616 0.4111616 0.4112930 0.4498367 0.0000000 0.2910139 0.4687651 0.2841970 
NepSFB     0.2260342 0.2430536 0.3005288 0.2417872 0.0105967 0.2523523 0.3105523 0.3076174 0.3459394 0.2910139 0.0000000 0.3557782 0.1651977 
WPYJ       0.3774702 0.4377340 0.4090994 0.4250896 0.3521028 0.3751155 0.2084298 0.4482279 0.4609181 0.4687651 0.3557782 0.0000000 0.3600867 
MJM2940    0.1774893 0.2242098 0.3039414 0.2538497 0.1633378 0.2656140 0.3299731 0.3049535 0.3483077 0.2841970 0.1651977 0.3600867 0.0000000 
