13
DrolusSFB  0.0000000 0.2670450 0.2830364 0.3316455 0.2056727 0.2554447 0.3040616 0.3266194 0.3114410 0.2891669 0.2089014 0.3111674 0.1767048 
Dino       0.2670450 0.0000000 0.2567151 0.1367737 0.2053825 0.2160328 0.2653662 0.2756037 0.2695659 0.1100018 0.2114136 0.2769767 0.2296519 
MJM3360    0.2830364 0.2567151 0.0000000 0.2692383 0.2463622 0.2397235 0.3507365 0.3052920 0.3152864 0.2660987 0.2499728 0.3417870 0.2447390 
DrobinSFB  0.3316455 0.1367737 0.2692383 0.0000000 0.2167148 0.2315841 0.2795958 0.3075014 0.3148710 0.1410969 0.2296522 0.3310256 0.2510746 
Neam       0.2056727 0.2053825 0.2463622 0.2167148 0.0000000 0.1935296 0.2220811 0.2212084 0.2332553 0.2206289 0.0230842 0.2680977 0.1528512 
RuprSFB    0.2554447 0.2160328 0.2397235 0.2315841 0.1935296 0.0000000 0.2650576 0.2394224 0.2550489 0.2224837 0.1932405 0.2812153 0.1969075 
Retr       0.3040616 0.2653662 0.3507365 0.2795958 0.2220811 0.2650576 0.0000000 0.3021635 0.2946980 0.3008517 0.2210764 0.1916266 0.2065030 
Beta       0.3266194 0.2756037 0.3052920 0.3075014 0.2212084 0.2394224 0.3021635 0.0000000 0.1294067 0.2823276 0.2357684 0.3073725 0.2570448 
Spol       0.3114410 0.2695659 0.3152864 0.3148710 0.2332553 0.2550489 0.2946980 0.1294067 0.0000000 0.3058428 0.2443401 0.3039248 0.2803108 
MJM1652    0.2891669 0.1100018 0.2660987 0.1410969 0.2206289 0.2224837 0.3008517 0.2823276 0.3058428 0.0000000 0.2302855 0.3203540 0.2419903 
NepSFB     0.2089014 0.2114136 0.2499728 0.2296522 0.0230842 0.1932405 0.2210764 0.2357684 0.2443401 0.2302855 0.0000000 0.2674734 0.1508832 
WPYJ       0.3111674 0.2769767 0.3417870 0.3310256 0.2680977 0.2812153 0.1916266 0.3073725 0.3039248 0.3203540 0.2674734 0.0000000 0.2651437 
MJM2940    0.1767048 0.2296519 0.2447390 0.2510746 0.1528512 0.1969075 0.2065030 0.2570448 0.2803108 0.2419903 0.1508832 0.2651437 0.0000000 
