13
DrolusSFB  0.0000000 0.3071949 0.4057435 0.3415616 0.2321277 0.3736055 0.3482554 0.3690392 0.3707593 0.3206733 0.2492181 0.3719050 0.1665214 
Dino       0.3071949 0.0000000 0.3676399 0.1498116 0.2177687 0.3510702 0.3690575 0.3803246 0.3695548 0.1472702 0.2428025 0.3620209 0.2549816 
MJM3360    0.4057435 0.3676399 0.0000000 0.4160472 0.2951248 0.2711137 0.3921518 0.3561333 0.3825303 0.4138590 0.3144891 0.3785142 0.3134398 
DrobinSFB  0.3415616 0.1498116 0.4160472 0.0000000 0.2343796 0.3769430 0.3783109 0.3914645 0.3768364 0.1801673 0.2630315 0.3725996 0.2818306 
Neam       0.2321277 0.2177687 0.2951248 0.2343796 0.0000000 0.2630986 0.2774608 0.2844223 0.2711431 0.2569520 0.0100718 0.3113900 0.1748552 
RuprSFB    0.3736055 0.3510702 0.2711137 0.3769430 0.2630986 0.0000000 0.3521287 0.3514059 0.3521860 0.3574553 0.2788240 0.3469099 0.2834464 
Retr       0.3482554 0.3690575 0.3921518 0.3783109 0.2774608 0.3521287 0.0000000 0.3679952 0.3720114 0.3705248 0.2983069 0.1645922 0.2984361 
Beta       0.3690392 0.3803246 0.3561333 0.3914645 0.2844223 0.3514059 0.3679952 0.0000000 0.1327646 0.4004835 0.3044545 0.3809234 0.3075780 
Spol       0.3707593 0.3695548 0.3825303 0.3768364 0.2711431 0.3521860 0.3720114 0.1327646 0.0000000 0.3919743 0.2989520 0.3656496 0.2997280 
MJM1652    0.3206733 0.1472702 0.4138590 0.1801673 0.2569520 0.3574553 0.3705248 0.4004835 0.3919743 0.0000000 0.2660981 0.3873606 0.2730206 
NepSFB     0.2492181 0.2428025 0.3144891 0.2630315 0.0100718 0.2788240 0.2983069 0.3044545 0.2989520 0.2660981 0.0000000 0.3115351 0.1801417 
WPYJ       0.3719050 0.3620209 0.3785142 0.3725996 0.3113900 0.3469099 0.1645922 0.3809234 0.3656496 0.3873606 0.3115351 0.0000000 0.3280201 
MJM2940    0.1665214 0.2549816 0.3134398 0.2818306 0.1748552 0.2834464 0.2984361 0.3075780 0.2997280 0.2730206 0.1801417 0.3280201 0.0000000 
