13
DrolusSFB  0.0000000 0.3082208 0.4359196 0.3234949 0.2835741 0.3366496 0.2879366 0.4067942 0.3687264 0.3066998 0.2835410 0.3189143 0.1679631 
Dino       0.3082208 0.0000000 0.4543371 0.2138733 0.3725467 0.3784079 0.3466750 0.5037815 0.4838116 0.1751926 0.3667088 0.4023885 0.3415747 
MJM3360    0.4359196 0.4543371 0.0000000 0.4233439 0.4447958 0.3628465 0.4639140 0.5169916 0.5143885 0.4174813 0.4359845 0.4787473 0.4164819 
DrobinSFB  0.3234949 0.2138733 0.4233439 0.0000000 0.3446018 0.3923283 0.3811113 0.4533084 0.4496728 0.2073370 0.3315754 0.3573270 0.3093802 
Neam       0.2835741 0.3725467 0.4447958 0.3446018 0.0000000 0.3719195 0.3053971 0.4372080 0.4046052 0.3414395 0.0093530 0.3390909 0.2587480 
RuprSFB    0.3366496 0.3784079 0.3628465 0.3923283 0.3719195 0.0000000 0.3901592 0.4764464 0.4677176 0.3932027 0.3676775 0.3718936 0.3294638 
Retr       0.2879366 0.3466750 0.4639140 0.3811113 0.3053971 0.3901592 0.0000000 0.3637381 0.3614565 0.3365614 0.3133983 0.1757466 0.2742905 
Beta       0.4067942 0.5037815 0.5169916 0.4533084 0.4372080 0.4764464 0.3637381 0.0000000 0.1538376 0.4645834 0.4411417 0.4030487 0.3588608 
Spol       0.3687264 0.4838116 0.5143885 0.4496728 0.4046052 0.4677176 0.3614565 0.1538376 0.0000000 0.4565244 0.4087143 0.4067105 0.3556537 
MJM1652    0.3066998 0.1751926 0.4174813 0.2073370 0.3414395 0.3932027 0.3365614 0.4645834 0.4565244 0.0000000 0.3388579 0.4034922 0.3327419 
NepSFB     0.2835410 0.3667088 0.4359845 0.3315754 0.0093530 0.3676775 0.3133983 0.4411417 0.4087143 0.3388579 0.0000000 0.3430547 0.2568714 
WPYJ       0.3189143 0.4023885 0.4787473 0.3573270 0.3390909 0.3718936 0.1757466 0.4030487 0.4067105 0.4034922 0.3430547 0.0000000 0.2969242 
MJM2940    0.1679631 0.3415747 0.4164819 0.3093802 0.2587480 0.3294638 0.2742905 0.3588608 0.3556537 0.3327419 0.2568714 0.2969242 0.0000000 
