13
DrolusSFB  0.0000000 0.3727835 0.3341027 0.3718815 0.3222708 0.2877443 0.3694384 0.4036670 0.4252626 0.3984273 0.3236160 0.3862953 0.2320446 
Dino       0.3727835 0.0000000 0.3381300 0.2108809 0.3085304 0.3174421 0.3502827 0.4583097 0.4596669 0.2152250 0.3100361 0.3769336 0.3419506 
MJM3360    0.3341027 0.3381300 0.0000000 0.4201963 0.3335086 0.2691765 0.3693303 0.3348940 0.3488675 0.4011061 0.3440586 0.3837457 0.3281309 
DrobinSFB  0.3718815 0.2108809 0.4201963 0.0000000 0.3452220 0.3247471 0.4249857 0.4416127 0.4626979 0.2553120 0.3518029 0.4419953 0.3731812 
Neam       0.3222708 0.3085304 0.3335086 0.3452220 0.0000000 0.2753127 0.3325467 0.4453645 0.4576794 0.3689752 0.0227167 0.3473879 0.2752808 
RuprSFB    0.2877443 0.3174421 0.2691765 0.3247471 0.2753127 0.0000000 0.3250916 0.3347179 0.3197481 0.3315381 0.2726119 0.3562873 0.2930662 
Retr       0.3694384 0.3502827 0.3693303 0.4249857 0.3325467 0.3250916 0.0000000 0.3296422 0.3299458 0.4344060 0.3406321 0.2046236 0.3422664 
Beta       0.4036670 0.4583097 0.3348940 0.4416127 0.4453645 0.3347179 0.3296422 0.0000000 0.1562799 0.4882937 0.4458719 0.3560836 0.3698117 
Spol       0.4252626 0.4596669 0.3488675 0.4626979 0.4576794 0.3197481 0.3299458 0.1562799 0.0000000 0.5100369 0.4650972 0.3772780 0.3838859 
MJM1652    0.3984273 0.2152250 0.4011061 0.2553120 0.3689752 0.3315381 0.4344060 0.4882937 0.5100369 0.0000000 0.3778046 0.4064673 0.3830383 
NepSFB     0.3236160 0.3100361 0.3440586 0.3518029 0.0227167 0.2726119 0.3406321 0.4458719 0.4650972 0.3778046 0.0000000 0.3519911 0.2764070 
WPYJ       0.3862953 0.3769336 0.3837457 0.4419953 0.3473879 0.3562873 0.2046236 0.3560836 0.3772780 0.4064673 0.3519911 0.0000000 0.3893842 
MJM2940    0.2320446 0.3419506 0.3281309 0.3731812 0.2752808 0.2930662 0.3422664 0.3698117 0.3838859 0.3830383 0.2764070 0.3893842 0.0000000 
