13
DrolusSFB  0.0000000 0.3574653 0.4424779 0.3824595 0.2789437 0.3684495 0.2932293 0.4460501 0.4472081 0.4123649 0.2799178 0.4205498 0.2021390 
Dino       0.3574653 0.0000000 0.4139086 0.2189195 0.2679026 0.3818773 0.2972670 0.4117894 0.4378798 0.1602309 0.2696069 0.4139772 0.2713414 
MJM3360    0.4424779 0.4139086 0.0000000 0.4552034 0.4067599 0.3292225 0.2985495 0.4106710 0.4811596 0.4568029 0.4013155 0.4493106 0.3501401 
DrobinSFB  0.3824595 0.2189195 0.4552034 0.0000000 0.2953937 0.3932482 0.3129593 0.4357873 0.4857915 0.2540989 0.3007576 0.4705321 0.3010447 
Neam       0.2789437 0.2679026 0.4067599 0.2953937 0.0000000 0.3248870 0.2383459 0.3678708 0.4109621 0.3111260 0.0133260 0.3660988 0.2034048 
RuprSFB    0.3684495 0.3818773 0.3292225 0.3932482 0.3248870 0.0000000 0.3225524 0.3957337 0.4218481 0.4056245 0.3272271 0.4023654 0.2919342 
Retr       0.2932293 0.2972670 0.2985495 0.3129593 0.2383459 0.3225524 0.0000000 0.3153333 0.3680890 0.3197912 0.2289840 0.1986316 0.2428096 
Beta       0.4460501 0.4117894 0.4106710 0.4357873 0.3678708 0.3957337 0.3153333 0.0000000 0.1717735 0.4341375 0.3688447 0.4504855 0.3469291 
Spol       0.4472081 0.4378798 0.4811596 0.4857915 0.4109621 0.4218481 0.3680890 0.1717735 0.0000000 0.4631667 0.4144934 0.4930648 0.3649781 
MJM1652    0.4123649 0.1602309 0.4568029 0.2540989 0.3111260 0.4056245 0.3197912 0.4341375 0.4631667 0.0000000 0.3171942 0.4390739 0.3131614 
NepSFB     0.2799178 0.2696069 0.4013155 0.3007576 0.0133260 0.3272271 0.2289840 0.3688447 0.4144934 0.3171942 0.0000000 0.3659808 0.2042336 
WPYJ       0.4205498 0.4139772 0.4493106 0.4705321 0.3660988 0.4023654 0.1986316 0.4504855 0.4930648 0.4390739 0.3659808 0.0000000 0.3449686 
MJM2940    0.2021390 0.2713414 0.3501401 0.3010447 0.2034048 0.2919342 0.2428096 0.3469291 0.3649781 0.3131614 0.2042336 0.3449686 0.0000000 
