13
DrolusSFB  0.0000000 0.3073634 0.4327034 0.3434794 0.2938926 0.3539576 0.3764674 0.4074673 0.4311756 0.3568506 0.2737200 0.3005297 0.1769677 
Dino       0.3073634 0.0000000 0.4683205 0.2054575 0.3094805 0.3931487 0.4245054 0.4393947 0.4417642 0.1754446 0.2948687 0.2926661 0.3044935 
MJM3360    0.4327034 0.4683205 0.0000000 0.4599326 0.3894774 0.3510158 0.4046896 0.4725958 0.4662419 0.4436803 0.3922908 0.4193829 0.3779861 
DrobinSFB  0.3434794 0.2054575 0.4599326 0.0000000 0.3378498 0.4368670 0.4410312 0.4806083 0.4589454 0.2495160 0.3228221 0.3327432 0.3587223 
Neam       0.2938926 0.3094805 0.3894774 0.3378498 0.0000000 0.3180688 0.3220041 0.3553191 0.3520657 0.3451987 0.0185556 0.2599680 0.2013416 
RuprSFB    0.3539576 0.3931487 0.3510158 0.4368670 0.3180688 0.0000000 0.3439949 0.4058025 0.4410696 0.4313623 0.3254507 0.3001180 0.2910496 
Retr       0.3764674 0.4245054 0.4046896 0.4410312 0.3220041 0.3439949 0.0000000 0.3857327 0.3902344 0.4614445 0.3170865 0.1257050 0.3161909 
Beta       0.4074673 0.4393947 0.4725958 0.4806083 0.3553191 0.4058025 0.3857327 0.0000000 0.1313327 0.4675357 0.3636950 0.3012876 0.3459023 
Spol       0.4311756 0.4417642 0.4662419 0.4589454 0.3520657 0.4410696 0.3902344 0.1313327 0.0000000 0.4742805 0.3574005 0.3208740 0.3571367 
MJM1652    0.3568506 0.1754446 0.4436803 0.2495160 0.3451987 0.4313623 0.4614445 0.4675357 0.4742805 0.0000000 0.3055966 0.3042380 0.3380260 
NepSFB     0.2737200 0.2948687 0.3922908 0.3228221 0.0185556 0.3254507 0.3170865 0.3636950 0.3574005 0.3055966 0.0000000 0.2727548 0.1961959 
WPYJ       0.3005297 0.2926661 0.4193829 0.3327432 0.2599680 0.3001180 0.1257050 0.3012876 0.3208740 0.3042380 0.2727548 0.0000000 0.2302976 
MJM2940    0.1769677 0.3044935 0.3779861 0.3587223 0.2013416 0.2910496 0.3161909 0.3459023 0.3571367 0.3380260 0.1961959 0.2302976 0.0000000 
