13
DrolusSFB  0.0000000 0.3012255 0.3493016 0.3917057 0.2370131 0.3182009 0.4289148 0.3835973 0.3531113 0.3313200 0.2440404 0.3870331 0.1933109 
Dino       0.3012255 0.0000000 0.3378974 0.2573815 0.2496420 0.2932551 0.4344206 0.3794610 0.3584987 0.1611970 0.2557023 0.3567426 0.2567567 
MJM3360    0.3493016 0.3378974 0.0000000 0.4387914 0.2865400 0.2586240 0.4457514 0.3987670 0.3819903 0.3373636 0.2920841 0.4016460 0.2811055 
DrobinSFB  0.3917057 0.2573815 0.4387914 0.0000000 0.3379481 0.4075790 0.4808673 0.4638136 0.4472383 0.2894033 0.3400217 0.4126062 0.3629759 
Neam       0.2370131 0.2496420 0.2865400 0.3379481 0.0000000 0.2475563 0.3872142 0.3191697 0.3141546 0.2826529 0.0104397 0.3515730 0.1796494 
RuprSFB    0.3182009 0.2932551 0.2586240 0.4075790 0.2475563 0.0000000 0.4318613 0.3508574 0.3239137 0.3311389 0.2447552 0.3448087 0.2483041 
Retr       0.4289148 0.4344206 0.4457514 0.4808673 0.3872142 0.4318613 0.0000000 0.4470207 0.4165084 0.4757742 0.3826395 0.1872438 0.3623773 
Beta       0.3835973 0.3794610 0.3987670 0.4638136 0.3191697 0.3508574 0.4470207 0.0000000 0.1598518 0.4157813 0.3265903 0.3985728 0.3359279 
Spol       0.3531113 0.3584987 0.3819903 0.4472383 0.3141546 0.3239137 0.4165084 0.1598518 0.0000000 0.3894545 0.3239128 0.4106235 0.3192745 
MJM1652    0.3313200 0.1611970 0.3373636 0.2894033 0.2826529 0.3311389 0.4757742 0.4157813 0.3894545 0.0000000 0.2944805 0.3794698 0.2758627 
NepSFB     0.2440404 0.2557023 0.2920841 0.3400217 0.0104397 0.2447552 0.3826395 0.3265903 0.3239128 0.2944805 0.0000000 0.3537921 0.1855687 
WPYJ       0.3870331 0.3567426 0.4016460 0.4126062 0.3515730 0.3448087 0.1872438 0.3985728 0.4106235 0.3794698 0.3537921 0.0000000 0.3240794 
MJM2940    0.1933109 0.2567567 0.2811055 0.3629759 0.1796494 0.2483041 0.3623773 0.3359279 0.3192745 0.2758627 0.1855687 0.3240794 0.0000000 
