13
DrolusSFB  0.0000000 0.3052937 0.3919021 0.3233274 0.2904004 0.3773564 0.3828603 0.3912537 0.3936814 0.3680206 0.2937528 0.3615841 0.1945319 
Dino       0.3052937 0.0000000 0.3927662 0.2402027 0.3136416 0.4309996 0.3699423 0.4477622 0.4625672 0.2560184 0.3261343 0.3945837 0.2904527 
MJM3360    0.3919021 0.3927662 0.0000000 0.4973323 0.4024014 0.3383077 0.4316761 0.3974548 0.4412315 0.4574475 0.3970878 0.4091196 0.3884454 
DrobinSFB  0.3233274 0.2402027 0.4973323 0.0000000 0.3542916 0.4463700 0.4466818 0.4551475 0.4764352 0.2822460 0.3596093 0.5022380 0.3172313 
Neam       0.2904004 0.3136416 0.4024014 0.3542916 0.0000000 0.3910742 0.4344751 0.4139780 0.4107506 0.3859239 0.0174095 0.4150477 0.2638969 
RuprSFB    0.3773564 0.4309996 0.3383077 0.4463700 0.3910742 0.0000000 0.4010797 0.4089051 0.4312692 0.5135416 0.3973376 0.3689091 0.3604511 
Retr       0.3828603 0.3699423 0.4316761 0.4466818 0.4344751 0.4010797 0.0000000 0.4311165 0.4593854 0.4266813 0.4303956 0.2267888 0.3702757 
Beta       0.3912537 0.4477622 0.3974548 0.4551475 0.4139780 0.4089051 0.4311165 0.0000000 0.1396360 0.5255525 0.4122070 0.3779120 0.3773711 
Spol       0.3936814 0.4625672 0.4412315 0.4764352 0.4107506 0.4312692 0.4593854 0.1396360 0.0000000 0.5259549 0.4189251 0.3921358 0.3734552 
MJM1652    0.3680206 0.2560184 0.4574475 0.2822460 0.3859239 0.5135416 0.4266813 0.5255525 0.5259549 0.0000000 0.3940289 0.3933204 0.3414766 
NepSFB     0.2937528 0.3261343 0.3970878 0.3596093 0.0174095 0.3973376 0.4303956 0.4122070 0.4189251 0.3940289 0.0000000 0.4051962 0.2653242 
WPYJ       0.3615841 0.3945837 0.4091196 0.5022380 0.4150477 0.3689091 0.2267888 0.3779120 0.3921358 0.3933204 0.4051962 0.0000000 0.3149984 
MJM2940    0.1945319 0.2904527 0.3884454 0.3172313 0.2638969 0.3604511 0.3702757 0.3773711 0.3734552 0.3414766 0.2653242 0.3149984 0.0000000 
