13
DrolusSFB  0.0000000 0.3481872 0.4914415 0.3883354 0.3162485 0.4107427 0.4555011 0.4525185 0.4557224 0.4005393 0.3224897 0.4380895 0.1834888 
Dino       0.3481872 0.0000000 0.4466565 0.2099995 0.2786968 0.3901792 0.4583190 0.4293962 0.4289290 0.1612195 0.2801350 0.3927209 0.2907819 
MJM3360    0.4914415 0.4466565 0.0000000 0.4790922 0.4384652 0.3528061 0.4324595 0.5218901 0.5567769 0.5212867 0.4399195 0.3875687 0.4494059 
DrobinSFB  0.3883354 0.2099995 0.4790922 0.0000000 0.3347421 0.4521506 0.4853269 0.4879089 0.4666177 0.2326330 0.3397112 0.4506212 0.3171401 
Neam       0.3162485 0.2786968 0.4384652 0.3347421 0.0000000 0.3725127 0.3698824 0.4283101 0.4576853 0.3429860 0.0069459 0.3541918 0.2535391 
RuprSFB    0.4107427 0.3901792 0.3528061 0.4521506 0.3725127 0.0000000 0.4072815 0.4098798 0.4645633 0.4127007 0.3751321 0.3758814 0.3496615 
Retr       0.4555011 0.4583190 0.4324595 0.4853269 0.3698824 0.4072815 0.0000000 0.4996498 0.5188689 0.4608203 0.3705783 0.2439777 0.3860636 
Beta       0.4525185 0.4293962 0.5218901 0.4879089 0.4283101 0.4098798 0.4996498 0.0000000 0.1931836 0.4614969 0.4262868 0.4219448 0.3941518 
Spol       0.4557224 0.4289290 0.5567769 0.4666177 0.4576853 0.4645633 0.5188689 0.1931836 0.0000000 0.4460704 0.4611499 0.4954749 0.4184002 
MJM1652    0.4005393 0.1612195 0.5212867 0.2326330 0.3429860 0.4127007 0.4608203 0.4614969 0.4460704 0.0000000 0.3463404 0.4274657 0.3373378 
NepSFB     0.3224897 0.2801350 0.4399195 0.3397112 0.0069459 0.3751321 0.3705783 0.4262868 0.4611499 0.3463404 0.0000000 0.3531803 0.2568269 
WPYJ       0.4380895 0.3927209 0.3875687 0.4506212 0.3541918 0.3758814 0.2439777 0.4219448 0.4954749 0.4274657 0.3531803 0.0000000 0.3768810 
MJM2940    0.1834888 0.2907819 0.4494059 0.3171401 0.2535391 0.3496615 0.3860636 0.3941518 0.4184002 0.3373378 0.2568269 0.3768810 0.0000000 
