13
DrolusSFB  0.0000000 0.2735397 0.3739731 0.2779638 0.1874831 0.2892602 0.3002421 0.3258831 0.3028304 0.2930883 0.1904271 0.3141823 0.1603041 
Dino       0.2735397 0.0000000 0.3757197 0.1730535 0.2517810 0.3062076 0.3468363 0.4105282 0.3606872 0.1612102 0.2513570 0.3366622 0.2248881 
MJM3360    0.3739731 0.3757197 0.0000000 0.3688324 0.3109960 0.2786177 0.3445303 0.3425904 0.3510539 0.3736047 0.3071736 0.3663107 0.3362965 
DrobinSFB  0.2779638 0.1730535 0.3688324 0.0000000 0.2339117 0.3293518 0.3455283 0.3443786 0.3105635 0.1793172 0.2304630 0.3461587 0.2490473 
Neam       0.1874831 0.2517810 0.3109960 0.2339117 0.0000000 0.2517325 0.2365016 0.3502248 0.3190348 0.2849851 0.0081276 0.2595040 0.1467541 
RuprSFB    0.2892602 0.3062076 0.2786177 0.3293518 0.2517325 0.0000000 0.3060545 0.2827641 0.2853161 0.3395166 0.2434104 0.3229472 0.2492170 
Retr       0.3002421 0.3468363 0.3445303 0.3455283 0.2365016 0.3060545 0.0000000 0.3137579 0.3302241 0.3216909 0.2328226 0.1551763 0.2786301 
Beta       0.3258831 0.4105282 0.3425904 0.3443786 0.3502248 0.2827641 0.3137579 0.0000000 0.1300346 0.4324800 0.3434331 0.3292475 0.2897040 
Spol       0.3028304 0.3606872 0.3510539 0.3105635 0.3190348 0.2853161 0.3302241 0.1300346 0.0000000 0.3827069 0.3137138 0.3315795 0.2703876 
MJM1652    0.2930883 0.1612102 0.3736047 0.1793172 0.2849851 0.3395166 0.3216909 0.4324800 0.3827069 0.0000000 0.2825501 0.3569794 0.2598741 
NepSFB     0.1904271 0.2513570 0.3071736 0.2304630 0.0081276 0.2434104 0.2328226 0.3434331 0.3137138 0.2825501 0.0000000 0.2518711 0.1465705 
WPYJ       0.3141823 0.3366622 0.3663107 0.3461587 0.2595040 0.3229472 0.1551763 0.3292475 0.3315795 0.3569794 0.2518711 0.0000000 0.2775182 
MJM2940    0.1603041 0.2248881 0.3362965 0.2490473 0.1467541 0.2492170 0.2786301 0.2897040 0.2703876 0.2598741 0.1465705 0.2775182 0.0000000 
