13
DrolusSFB  0.0000000 0.3792570 0.3375069 0.2816555 0.2373088 0.2814158 0.3289430 0.3875932 0.3747990 0.3704161 0.2478075 0.3951333 0.1924210 
Dino       0.3792570 0.0000000 0.3816139 0.1870643 0.3027264 0.3432243 0.3806827 0.4408675 0.4128605 0.1942074 0.3129040 0.4628080 0.3029420 
MJM3360    0.3375069 0.3816139 0.0000000 0.3246699 0.2828041 0.2220569 0.3560031 0.3389950 0.3700371 0.3547580 0.2879412 0.4257995 0.2808445 
DrobinSFB  0.2816555 0.1870643 0.3246699 0.0000000 0.2558765 0.3155380 0.2867722 0.3233330 0.3366713 0.1944408 0.2619802 0.3785132 0.2509500 
Neam       0.2373088 0.3027264 0.2828041 0.2558765 0.0000000 0.2400684 0.2833454 0.3236113 0.3155967 0.3105336 0.0117313 0.3322957 0.2077880 
RuprSFB    0.2814158 0.3432243 0.2220569 0.3155380 0.2400684 0.0000000 0.2950252 0.2651768 0.2778960 0.3639045 0.2434769 0.3741988 0.2349959 
Retr       0.3289430 0.3806827 0.3560031 0.2867722 0.2833454 0.2950252 0.0000000 0.3415560 0.3323217 0.3736086 0.2838567 0.2016673 0.2809392 
Beta       0.3875932 0.4408675 0.3389950 0.3233330 0.3236113 0.2651768 0.3415560 0.0000000 0.1246935 0.4264238 0.3337855 0.3970376 0.3256394 
Spol       0.3747990 0.4128605 0.3700371 0.3366713 0.3155967 0.2778960 0.3323217 0.1246935 0.0000000 0.4298872 0.3228401 0.4071109 0.3214290 
MJM1652    0.3704161 0.1942074 0.3547580 0.1944408 0.3105336 0.3639045 0.3736086 0.4264238 0.4298872 0.0000000 0.3211258 0.4422177 0.3105877 
NepSFB     0.2478075 0.3129040 0.2879412 0.2619802 0.0117313 0.2434769 0.2838567 0.3337855 0.3228401 0.3211258 0.0000000 0.3405753 0.2144629 
WPYJ       0.3951333 0.4628080 0.4257995 0.3785132 0.3322957 0.3741988 0.2016673 0.3970376 0.4071109 0.4422177 0.3405753 0.0000000 0.3321294 
MJM2940    0.1924210 0.3029420 0.2808445 0.2509500 0.2077880 0.2349959 0.2809392 0.3256394 0.3214290 0.3105877 0.2144629 0.3321294 0.0000000 
