13
DrolusSFB  0.0000000 0.3441100 0.3521004 0.3280349 0.2015129 0.2952323 0.4038180 0.3746792 0.3990417 0.3560654 0.2023301 0.3986478 0.1877340 
Dino       0.3441100 0.0000000 0.4103350 0.1959309 0.2662380 0.3545382 0.4165080 0.3962481 0.4439681 0.2087640 0.2630186 0.4444480 0.2724283 
MJM3360    0.3521004 0.4103350 0.0000000 0.4262559 0.2528870 0.2385720 0.3944088 0.3524340 0.4221423 0.4035630 0.2607686 0.3207625 0.3321987 
DrobinSFB  0.3280349 0.1959309 0.4262559 0.0000000 0.2809916 0.4073619 0.4049719 0.4443410 0.4780300 0.2680169 0.2823579 0.4497847 0.2995145 
Neam       0.2015129 0.2662380 0.2528870 0.2809916 0.0000000 0.2194815 0.3243397 0.3514739 0.3834406 0.2844798 0.0120492 0.3463218 0.1779836 
RuprSFB    0.2952323 0.3545382 0.2385720 0.4073619 0.2194815 0.0000000 0.3339311 0.2983411 0.3432746 0.3805061 0.2292537 0.3798993 0.2946993 
Retr       0.4038180 0.4165080 0.3944088 0.4049719 0.3243397 0.3339311 0.0000000 0.4374291 0.4448256 0.4243326 0.3111661 0.2763446 0.3569822 
Beta       0.3746792 0.3962481 0.3524340 0.4443410 0.3514739 0.2983411 0.4374291 0.0000000 0.1218311 0.4303592 0.3635526 0.4236661 0.3249924 
Spol       0.3990417 0.4439681 0.4221423 0.4780300 0.3834406 0.3432746 0.4448256 0.1218311 0.0000000 0.5018442 0.4016480 0.4327794 0.3700313 
MJM1652    0.3560654 0.2087640 0.4035630 0.2680169 0.2844798 0.3805061 0.4243326 0.4303592 0.5018442 0.0000000 0.2895402 0.4379185 0.2997725 
NepSFB     0.2023301 0.2630186 0.2607686 0.2823579 0.0120492 0.2292537 0.3111661 0.3635526 0.4016480 0.2895402 0.0000000 0.3428768 0.1875291 
WPYJ       0.3986478 0.4444480 0.3207625 0.4497847 0.3463218 0.3798993 0.2763446 0.4236661 0.4327794 0.4379185 0.3428768 0.0000000 0.3753299 
MJM2940    0.1877340 0.2724283 0.3321987 0.2995145 0.1779836 0.2946993 0.3569822 0.3249924 0.3700313 0.2997725 0.1875291 0.3753299 0.0000000 
