13
DrolusSFB  0.0000000 0.2795197 0.2683376 0.3346271 0.2616947 0.2795293 0.2806831 0.2701385 0.3263701 0.3078311 0.2724766 0.3044439 0.1625264 
Dino       0.2795197 0.0000000 0.3492636 0.2103502 0.2269293 0.2949689 0.3332173 0.2980125 0.3358619 0.1497629 0.2320124 0.3334234 0.2156754 
MJM3360    0.2683376 0.3492636 0.0000000 0.3942220 0.3328343 0.2538086 0.3287091 0.3547390 0.3162249 0.3679527 0.3385865 0.3444674 0.2832512 
DrobinSFB  0.3346271 0.2103502 0.3942220 0.0000000 0.2879704 0.3465131 0.3843065 0.3701027 0.4202900 0.2135120 0.2982972 0.4065347 0.2865529 
Neam       0.2616947 0.2269293 0.3328343 0.2879704 0.0000000 0.2512279 0.2579662 0.2577045 0.2904026 0.2512226 0.0112628 0.2911418 0.1619151 
RuprSFB    0.2795293 0.2949689 0.2538086 0.3465131 0.2512279 0.0000000 0.2855210 0.2735853 0.2783128 0.2982294 0.2585809 0.2897899 0.2405558 
Retr       0.2806831 0.3332173 0.3287091 0.3843065 0.2579662 0.2855210 0.0000000 0.2910083 0.2952709 0.3335737 0.2673570 0.1670402 0.2411333 
Beta       0.2701385 0.2980125 0.3547390 0.3701027 0.2577045 0.2735853 0.2910083 0.0000000 0.1409509 0.3215198 0.2673379 0.3276388 0.2381254 
Spol       0.3263701 0.3358619 0.3162249 0.4202900 0.2904026 0.2783128 0.2952709 0.1409509 0.0000000 0.3755183 0.2988952 0.3303839 0.2508311 
MJM1652    0.3078311 0.1497629 0.3679527 0.2135120 0.2512226 0.2982294 0.3335737 0.3215198 0.3755183 0.0000000 0.2603799 0.3612407 0.2563082 
NepSFB     0.2724766 0.2320124 0.3385865 0.2982972 0.0112628 0.2585809 0.2673570 0.2673379 0.2988952 0.2603799 0.0000000 0.2964956 0.1685146 
WPYJ       0.3044439 0.3334234 0.3444674 0.4065347 0.2911418 0.2897899 0.1670402 0.3276388 0.3303839 0.3612407 0.2964956 0.0000000 0.2656793 
MJM2940    0.1625264 0.2156754 0.2832512 0.2865529 0.1619151 0.2405558 0.2411333 0.2381254 0.2508311 0.2563082 0.1685146 0.2656793 0.0000000 
