13
DrolusSFB  0.0000000 0.2860502 0.2848982 0.2160950 0.2786097 0.2241769 0.3876870 0.3824235 0.3799310 0.3243330 0.2808493 0.4166348 0.1999083 
Dino       0.2860502 0.0000000 0.3221813 0.1630971 0.2955061 0.2543221 0.4089278 0.4023761 0.4120941 0.1838256 0.2983683 0.4262494 0.2671754 
MJM3360    0.2848982 0.3221813 0.0000000 0.3266948 0.2756325 0.1968955 0.3472372 0.3318841 0.3357236 0.3299284 0.2750282 0.3751590 0.2495109 
DrobinSFB  0.2160950 0.1630971 0.3266948 0.0000000 0.2329955 0.2575680 0.3197622 0.3077616 0.2872778 0.1814944 0.2329507 0.3420392 0.2291184 
Neam       0.2786097 0.2955061 0.2756325 0.2329955 0.0000000 0.2283918 0.3769607 0.4058150 0.4036233 0.2957300 0.0080162 0.4281305 0.2201244 
RuprSFB    0.2241769 0.2543221 0.1968955 0.2575680 0.2283918 0.0000000 0.3136674 0.2792181 0.2731974 0.2963702 0.2268122 0.3251387 0.1968404 
Retr       0.3876870 0.4089278 0.3472372 0.3197622 0.3769607 0.3136674 0.0000000 0.4546259 0.4514815 0.4508272 0.3794145 0.2162827 0.3627278 
Beta       0.3824235 0.4023761 0.3318841 0.3077616 0.4058150 0.2792181 0.4546259 0.0000000 0.1575199 0.4386055 0.4056613 0.4681020 0.3680708 
Spol       0.3799310 0.4120941 0.3357236 0.2872778 0.4036233 0.2731974 0.4514815 0.1575199 0.0000000 0.4431929 0.3994158 0.4679725 0.3531220 
MJM1652    0.3243330 0.1838256 0.3299284 0.1814944 0.2957300 0.2963702 0.4508272 0.4386055 0.4431929 0.0000000 0.3019967 0.4648902 0.3137565 
NepSFB     0.2808493 0.2983683 0.2750282 0.2329507 0.0080162 0.2268122 0.3794145 0.4056613 0.3994158 0.3019967 0.0000000 0.4290398 0.2216153 
WPYJ       0.4166348 0.4262494 0.3751590 0.3420392 0.4281305 0.3251387 0.2162827 0.4681020 0.4679725 0.4648902 0.4290398 0.0000000 0.3996292 
MJM2940    0.1999083 0.2671754 0.2495109 0.2291184 0.2201244 0.1968404 0.3627278 0.3680708 0.3531220 0.3137565 0.2216153 0.3996292 0.0000000 
