13
DrolusSFB  0.0000000 0.2894148 0.4608874 0.3395365 0.2173554 0.2625796 0.2845970 0.2835608 0.3101103 0.3670565 0.2175670 0.3079150 0.1613291 
Dino       0.2894148 0.0000000 0.5393850 0.1944265 0.2831893 0.3707346 0.3665437 0.4079934 0.4232406 0.2107068 0.2836888 0.3966902 0.2712431 
MJM3360    0.4608874 0.5393850 0.0000000 0.5229823 0.4870676 0.3705657 0.4934545 0.4289309 0.4637030 0.6710435 0.4758787 0.4739578 0.4123519 
DrobinSFB  0.3395365 0.1944265 0.5229823 0.0000000 0.3053418 0.3766026 0.4097074 0.4085430 0.4491942 0.2424368 0.2952324 0.4240570 0.3159825 
Neam       0.2173554 0.2831893 0.4870676 0.3053418 0.0000000 0.2995776 0.2865055 0.2984721 0.3162797 0.3212383 0.0121232 0.3212939 0.1818091 
RuprSFB    0.2625796 0.3707346 0.3705657 0.3766026 0.2995776 0.0000000 0.3572679 0.3003745 0.3165903 0.3914737 0.2866567 0.3379188 0.2405167 
Retr       0.2845970 0.3665437 0.4934545 0.4097074 0.2865055 0.3572679 0.0000000 0.2884650 0.3290962 0.4385111 0.2798519 0.1470818 0.2702358 
Beta       0.2835608 0.4079934 0.4289309 0.4085430 0.2984721 0.3003745 0.2884650 0.0000000 0.1273259 0.4237834 0.2925238 0.2797188 0.2518373 
Spol       0.3101103 0.4232406 0.4637030 0.4491942 0.3162797 0.3165903 0.3290962 0.1273259 0.0000000 0.4494579 0.3145372 0.3117746 0.2742756 
MJM1652    0.3670565 0.2107068 0.6710435 0.2424368 0.3212383 0.3914737 0.4385111 0.4237834 0.4494579 0.0000000 0.3200539 0.5092550 0.3423582 
NepSFB     0.2175670 0.2836888 0.4758787 0.2952324 0.0121232 0.2866567 0.2798519 0.2925238 0.3145372 0.3200539 0.0000000 0.3108758 0.1735427 
WPYJ       0.3079150 0.3966902 0.4739578 0.4240570 0.3212939 0.3379188 0.1470818 0.2797188 0.3117746 0.5092550 0.3108758 0.0000000 0.2962276 
MJM2940    0.1613291 0.2712431 0.4123519 0.3159825 0.1818091 0.2405167 0.2702358 0.2518373 0.2742756 0.3423582 0.1735427 0.2962276 0.0000000 
