13
DrolusSFB  0.0000000 0.2449131 0.3003101 0.2696189 0.2185892 0.2830376 0.2584349 0.3125854 0.3101072 0.2802130 0.2230465 0.3421985 0.1783254 
Dino       0.2449131 0.0000000 0.3313480 0.1465489 0.2278823 0.2669205 0.2373039 0.3245050 0.3151171 0.1299429 0.2335076 0.3020222 0.2326554 
MJM3360    0.3003101 0.3313480 0.0000000 0.3219411 0.2933349 0.2501993 0.2758024 0.3448148 0.3246952 0.3386476 0.3042836 0.3418169 0.2920076 
DrobinSFB  0.2696189 0.1465489 0.3219411 0.0000000 0.2449849 0.3252393 0.2473409 0.3449875 0.3455696 0.1755632 0.2477632 0.3529249 0.2358750 
Neam       0.2185892 0.2278823 0.2933349 0.2449849 0.0000000 0.2548121 0.2493157 0.3076855 0.2825472 0.2585473 0.0069625 0.2918892 0.1637963 
RuprSFB    0.2830376 0.2669205 0.2501993 0.3252393 0.2548121 0.0000000 0.2743389 0.3352282 0.3217233 0.2689362 0.2571589 0.3677280 0.2429049 
Retr       0.2584349 0.2373039 0.2758024 0.2473409 0.2493157 0.2743389 0.0000000 0.3019336 0.3118566 0.2627258 0.2626014 0.1419554 0.2280961 
Beta       0.3125854 0.3245050 0.3448148 0.3449875 0.3076855 0.3352282 0.3019336 0.0000000 0.1266214 0.3403191 0.3190120 0.3642646 0.2737432 
Spol       0.3101072 0.3151171 0.3246952 0.3455696 0.2825472 0.3217233 0.3118566 0.1266214 0.0000000 0.3462684 0.2844611 0.3544412 0.2737945 
MJM1652    0.2802130 0.1299429 0.3386476 0.1755632 0.2585473 0.2689362 0.2627258 0.3403191 0.3462684 0.0000000 0.2720605 0.3172556 0.2623906 
NepSFB     0.2230465 0.2335076 0.3042836 0.2477632 0.0069625 0.2571589 0.2626014 0.3190120 0.2844611 0.2720605 0.0000000 0.3002497 0.1652975 
WPYJ       0.3421985 0.3020222 0.3418169 0.3529249 0.2918892 0.3677280 0.1419554 0.3642646 0.3544412 0.3172556 0.3002497 0.0000000 0.3087866 
MJM2940    0.1783254 0.2326554 0.2920076 0.2358750 0.1637963 0.2429049 0.2280961 0.2737432 0.2737945 0.2623906 0.1652975 0.3087866 0.0000000 
