13
DrolusSFB  0.0000000 0.2949617 0.3128258 0.3000818 0.3189821 0.2996546 0.3271460 0.3161853 0.3036797 0.3133607 0.3117989 0.3511183 0.2290825 
Dino       0.2949617 0.0000000 0.3519352 0.2163359 0.3315465 0.3234655 0.3874324 0.3171329 0.3279048 0.2000043 0.3324974 0.4005832 0.2183594 
MJM3360    0.3128258 0.3519352 0.0000000 0.3704693 0.3921873 0.3022808 0.3481427 0.3388594 0.3362715 0.3580561 0.3876043 0.3587011 0.3240664 
DrobinSFB  0.3000818 0.2163359 0.3704693 0.0000000 0.3503096 0.3186662 0.3741040 0.3291591 0.3525128 0.2267418 0.3508394 0.3919455 0.2577706 
Neam       0.3189821 0.3315465 0.3921873 0.3503096 0.0000000 0.3494943 0.3495911 0.3684165 0.4066410 0.3266078 0.0180800 0.3689014 0.2795930 
RuprSFB    0.2996546 0.3234655 0.3022808 0.3186662 0.3494943 0.0000000 0.3476770 0.3159997 0.3404781 0.3375054 0.3504742 0.3267746 0.2862082 
Retr       0.3271460 0.3874324 0.3481427 0.3741040 0.3495911 0.3476770 0.0000000 0.3666090 0.3598371 0.3606909 0.3511145 0.1996133 0.2948646 
Beta       0.3161853 0.3171329 0.3388594 0.3291591 0.3684165 0.3159997 0.3666090 0.0000000 0.1429654 0.3512213 0.3778053 0.3647897 0.2651618 
Spol       0.3036797 0.3279048 0.3362715 0.3525128 0.4066410 0.3404781 0.3598371 0.1429654 0.0000000 0.3660864 0.4007930 0.3710868 0.2834709 
MJM1652    0.3133607 0.2000043 0.3580561 0.2267418 0.3266078 0.3375054 0.3606909 0.3512213 0.3660864 0.0000000 0.3272758 0.3918490 0.2637903 
NepSFB     0.3117989 0.3324974 0.3876043 0.3508394 0.0180800 0.3504742 0.3511145 0.3778053 0.4007930 0.3272758 0.0000000 0.3613833 0.2802686 
WPYJ       0.3511183 0.4005832 0.3587011 0.3919455 0.3689014 0.3267746 0.1996133 0.3647897 0.3710868 0.3918490 0.3613833 0.0000000 0.3236255 
MJM2940    0.2290825 0.2183594 0.3240664 0.2577706 0.2795930 0.2862082 0.2948646 0.2651618 0.2834709 0.2637903 0.2802686 0.3236255 0.0000000 
