13
DrolusSFB  0.0000000 0.2852525 0.3133449 0.3077243 0.2641253 0.3097412 0.2804705 0.4392923 0.4381221 0.3544099 0.2695847 0.3342496 0.2043988 
Dino       0.2852525 0.0000000 0.3876198 0.1952921 0.2892459 0.3495743 0.3293524 0.4056414 0.4340083 0.1953330 0.2906368 0.3617611 0.2777212 
MJM3360    0.3133449 0.3876198 0.0000000 0.3549388 0.3264435 0.2444957 0.3587779 0.3562895 0.3693102 0.4270442 0.3095852 0.3598414 0.3167002 
DrobinSFB  0.3077243 0.1952921 0.3549388 0.0000000 0.2968400 0.3463897 0.3572707 0.3541968 0.3763467 0.2608881 0.2850134 0.3806592 0.3042384 
Neam       0.2641253 0.2892459 0.3264435 0.2968400 0.0000000 0.2983443 0.2949902 0.4302931 0.4461750 0.3475944 0.0170335 0.3610137 0.2211184 
RuprSFB    0.3097412 0.3495743 0.2444957 0.3463897 0.2983443 0.0000000 0.2930987 0.3820261 0.4101998 0.4147237 0.2850449 0.3304989 0.2661663 
Retr       0.2804705 0.3293524 0.3587779 0.3572707 0.2949902 0.2930987 0.0000000 0.3309436 0.3549532 0.3693724 0.2964545 0.1747363 0.2890709 
Beta       0.4392923 0.4056414 0.3562895 0.3541968 0.4302931 0.3820261 0.3309436 0.0000000 0.1366578 0.4666236 0.4237397 0.3181505 0.3985093 
Spol       0.4381221 0.4340083 0.3693102 0.3763467 0.4461750 0.4101998 0.3549532 0.1366578 0.0000000 0.4914749 0.4423191 0.3363846 0.4204302 
MJM1652    0.3544099 0.1953330 0.4270442 0.2608881 0.3475944 0.4147237 0.3693724 0.4666236 0.4914749 0.0000000 0.3531822 0.4180613 0.3535131 
NepSFB     0.2695847 0.2906368 0.3095852 0.2850134 0.0170335 0.2850449 0.2964545 0.4237397 0.4423191 0.3531822 0.0000000 0.3590597 0.2193347 
WPYJ       0.3342496 0.3617611 0.3598414 0.3806592 0.3610137 0.3304989 0.1747363 0.3181505 0.3363846 0.4180613 0.3590597 0.0000000 0.3696102 
MJM2940    0.2043988 0.2777212 0.3167002 0.3042384 0.2211184 0.2661663 0.2890709 0.3985093 0.4204302 0.3535131 0.2193347 0.3696102 0.0000000 
