13
DrolusSFB  0.0000000 0.2485865 0.4160388 0.3238670 0.2537035 0.3307838 0.3882779 0.3066620 0.3484514 0.3332481 0.2428654 0.3426338 0.1950348 
Dino       0.2485865 0.0000000 0.3593450 0.1510532 0.2535157 0.3075222 0.3309081 0.3104656 0.3515742 0.1187622 0.2530448 0.3261769 0.2242161 
MJM3360    0.4160388 0.3593450 0.0000000 0.3893171 0.3675606 0.2462376 0.3633706 0.3648338 0.3997213 0.3855924 0.3697034 0.3871936 0.3496552 
DrobinSFB  0.3238670 0.1510532 0.3893171 0.0000000 0.3028957 0.3562854 0.3689020 0.3496025 0.4035879 0.2055338 0.3087501 0.3782081 0.2825625 
Neam       0.2537035 0.2535157 0.3675606 0.3028957 0.0000000 0.2979178 0.3232714 0.3021255 0.3265134 0.3220343 0.0152385 0.3255409 0.2099317 
RuprSFB    0.3307838 0.3075222 0.2462376 0.3562854 0.2979178 0.0000000 0.3117387 0.2806061 0.3157948 0.3692590 0.2890897 0.3375176 0.2927357 
Retr       0.3882779 0.3309081 0.3633706 0.3689020 0.3232714 0.3117387 0.0000000 0.3466067 0.3796151 0.3701711 0.3140278 0.2161554 0.3598102 
Beta       0.3066620 0.3104656 0.3648338 0.3496025 0.3021255 0.2806061 0.3466067 0.0000000 0.1577471 0.3491725 0.3052379 0.3514788 0.2816242 
Spol       0.3484514 0.3515742 0.3997213 0.4035879 0.3265134 0.3157948 0.3796151 0.1577471 0.0000000 0.3893583 0.3278848 0.3429738 0.3294388 
MJM1652    0.3332481 0.1187622 0.3855924 0.2055338 0.3220343 0.3692590 0.3701711 0.3491725 0.3893583 0.0000000 0.3220043 0.3737734 0.2957602 
NepSFB     0.2428654 0.2530448 0.3697034 0.3087501 0.0152385 0.2890897 0.3140278 0.3052379 0.3278848 0.3220043 0.0000000 0.3231318 0.2065633 
WPYJ       0.3426338 0.3261769 0.3871936 0.3782081 0.3255409 0.3375176 0.2161554 0.3514788 0.3429738 0.3737734 0.3231318 0.0000000 0.3561464 
MJM2940    0.1950348 0.2242161 0.3496552 0.2825625 0.2099317 0.2927357 0.3598102 0.2816242 0.3294388 0.2957602 0.2065633 0.3561464 0.0000000 
