13
DrolusSFB  0.0000000 0.3002415 0.3620631 0.3174606 0.2149641 0.3548953 0.2356344 0.3568414 0.3786592 0.3072948 0.2212108 0.2615865 0.1817162 
Dino       0.3002415 0.0000000 0.4107364 0.1756602 0.2362878 0.3444014 0.2401138 0.3898859 0.3869351 0.1296229 0.2571421 0.2353050 0.2658394 
MJM3360    0.3620631 0.4107364 0.0000000 0.4233577 0.3153680 0.2957574 0.3141795 0.3967849 0.4251872 0.4229487 0.3284818 0.2990053 0.3426886 
DrobinSFB  0.3174606 0.1756602 0.4233577 0.0000000 0.2765478 0.3671239 0.2854043 0.4078359 0.4160773 0.1988773 0.2971615 0.3389972 0.2963663 
Neam       0.2149641 0.2362878 0.3153680 0.2765478 0.0000000 0.2816922 0.2481492 0.3083941 0.3430923 0.2625087 0.0070657 0.2621358 0.1746905 
RuprSFB    0.3548953 0.3444014 0.2957574 0.3671239 0.2816922 0.0000000 0.2880989 0.3641397 0.3890767 0.3711661 0.2970149 0.2761441 0.3171095 
Retr       0.2356344 0.2401138 0.3141795 0.2854043 0.2481492 0.2880989 0.0000000 0.2814775 0.2962512 0.2731950 0.2512549 0.1483356 0.2465801 
Beta       0.3568414 0.3898859 0.3967849 0.4078359 0.3083941 0.3641397 0.2814775 0.0000000 0.1440260 0.3911555 0.3376524 0.2974867 0.3160923 
Spol       0.3786592 0.3869351 0.4251872 0.4160773 0.3430923 0.3890767 0.2962512 0.1440260 0.0000000 0.4052761 0.3746138 0.3269436 0.3404507 
MJM1652    0.3072948 0.1296229 0.4229487 0.1988773 0.2625087 0.3711661 0.2731950 0.3911555 0.4052761 0.0000000 0.2704203 0.2979748 0.2599309 
NepSFB     0.2212108 0.2571421 0.3284818 0.2971615 0.0070657 0.2970149 0.2512549 0.3376524 0.3746138 0.2704203 0.0000000 0.2547303 0.1860015 
WPYJ       0.2615865 0.2353050 0.2990053 0.3389972 0.2621358 0.2761441 0.1483356 0.2974867 0.3269436 0.2979748 0.2547303 0.0000000 0.2406486 
MJM2940    0.1817162 0.2658394 0.3426886 0.2963663 0.1746905 0.3171095 0.2465801 0.3160923 0.3404507 0.2599309 0.1860015 0.2406486 0.0000000 
