13
DrolusSFB  0.0000000 0.3463562 0.3667788 0.4238601 0.2841674 0.3551889 0.3478865 0.3692764 0.3755782 0.4006565 0.2930076 0.4559580 0.1866256 
Dino       0.3463562 0.0000000 0.4143121 0.3694949 0.3084488 0.3846644 0.3382866 0.4148524 0.4513716 0.2076796 0.3116614 0.4839557 0.3118496 
MJM3360    0.3667788 0.4143121 0.0000000 0.4614287 0.3988692 0.3211049 0.3693099 0.3658766 0.3718540 0.4406048 0.4037806 0.4254480 0.3421184 
DrobinSFB  0.4238601 0.3694949 0.4614287 0.0000000 0.4823743 0.4343693 0.3610681 0.4680106 0.4833907 0.3954883 0.4835492 0.4844501 0.4451375 
Neam       0.2841674 0.3084488 0.3988692 0.4823743 0.0000000 0.3613589 0.3149208 0.3872475 0.4139571 0.3521774 0.0115589 0.4212678 0.2597601 
RuprSFB    0.3551889 0.3846644 0.3211049 0.4343693 0.3613589 0.0000000 0.3779888 0.3282371 0.3554464 0.4587167 0.3624394 0.3919366 0.3229679 
Retr       0.3478865 0.3382866 0.3693099 0.3610681 0.3149208 0.3779888 0.0000000 0.3442729 0.3737859 0.3724101 0.3170498 0.2577337 0.2574066 
Beta       0.3692764 0.4148524 0.3658766 0.4680106 0.3872475 0.3282371 0.3442729 0.0000000 0.1284095 0.4511557 0.3957654 0.4446311 0.3421396 
Spol       0.3755782 0.4513716 0.3718540 0.4833907 0.4139571 0.3554464 0.3737859 0.1284095 0.0000000 0.4816844 0.4218290 0.4601844 0.3686241 
MJM1652    0.4006565 0.2076796 0.4406048 0.3954883 0.3521774 0.4587167 0.3724101 0.4511557 0.4816844 0.0000000 0.3495080 0.4721265 0.3840924 
NepSFB     0.2930076 0.3116614 0.4037806 0.4835492 0.0115589 0.3624394 0.3170498 0.3957654 0.4218290 0.3495080 0.0000000 0.4157645 0.2642480 
WPYJ       0.4559580 0.4839557 0.4254480 0.4844501 0.4212678 0.3919366 0.2577337 0.4446311 0.4601844 0.4721265 0.4157645 0.0000000 0.4014404 
MJM2940    0.1866256 0.3118496 0.3421184 0.4451375 0.2597601 0.3229679 0.2574066 0.3421396 0.3686241 0.3840924 0.2642480 0.4014404 0.0000000 
