13
DrolusSFB  0.0000000 0.3036010 0.3661438 0.3005341 0.2638458 0.3129276 0.2938785 0.2086086 0.3922597 0.3991402 0.2661528 0.1939308 0.2472266 
Dino       0.3036010 0.0000000 0.3591565 0.1553475 0.2331827 0.3252517 0.3203210 0.2268169 0.3748471 0.1546139 0.2367387 0.1901798 0.2697488 
MJM3360    0.3661438 0.3591565 0.0000000 0.4147505 0.3624842 0.2693184 0.3814379 0.2685759 0.4374918 0.5193020 0.3619095 0.2306779 0.3761413 
DrobinSFB  0.3005341 0.1553475 0.4147505 0.0000000 0.2673548 0.3432553 0.3469503 0.2366003 0.4151154 0.1811380 0.2664889 0.2114899 0.2816979 
Neam       0.2638458 0.2331827 0.3624842 0.2673548 0.0000000 0.3043654 0.3185467 0.2615007 0.3165426 0.3057654 0.0059052 0.2682349 0.2208594 
RuprSFB    0.3129276 0.3252517 0.2693184 0.3432553 0.3043654 0.0000000 0.3578467 0.1888009 0.3461854 0.5039408 0.3015226 0.2337236 0.3234377 
Retr       0.2938785 0.3203210 0.3814379 0.3469503 0.3185467 0.3578467 0.0000000 0.2288126 0.3283571 0.4387214 0.3198606 0.1419435 0.2886130 
Beta       0.2086086 0.2268169 0.2685759 0.2366003 0.2615007 0.1888009 0.2288126 0.0000000 0.0896082 9.0000000 0.2733799 0.1536386 0.1812615 
Spol       0.3922597 0.3748471 0.4374918 0.4151154 0.3165426 0.3461854 0.3283571 0.0896082 0.0000000 0.4890135 0.3199302 0.1919290 0.3609216 
MJM1652    0.3991402 0.1546139 0.5193020 0.1811380 0.3057654 0.5039408 0.4387214 9.0000000 0.4890135 0.0000000 0.3001242 0.2112591 0.3986177 
NepSFB     0.2661528 0.2367387 0.3619095 0.2664889 0.0059052 0.3015226 0.3198606 0.2733799 0.3199302 0.3001242 0.0000000 0.2713700 0.2203285 
WPYJ       0.1939308 0.1901798 0.2306779 0.2114899 0.2682349 0.2337236 0.1419435 0.1536386 0.1919290 0.2112591 0.2713700 0.0000000 0.1787684 
MJM2940    0.2472266 0.2697488 0.3761413 0.2816979 0.2208594 0.3234377 0.2886130 0.1812615 0.3609216 0.3986177 0.2203285 0.1787684 0.0000000 
