13
DrolusSFB  0.0000000 0.3183203 0.4139237 0.3948650 0.2980751 0.3578811 0.4292148 0.4227541 0.4663430 0.3587262 0.3020618 0.4139419 0.1777169 
Dino       0.3183203 0.0000000 0.4727055 0.2342708 0.2798413 0.3905637 0.4637700 0.4217709 0.4627381 0.1591784 0.2860485 0.4133051 0.2685279 
MJM3360    0.4139237 0.4727055 0.0000000 0.4731508 0.4359043 0.3184751 0.4792734 0.4861457 0.4993556 0.5067507 0.4428691 0.4614814 0.4010249 
DrobinSFB  0.3948650 0.2342708 0.4731508 0.0000000 0.3933246 0.4118361 0.4972643 0.4900572 0.5485024 0.2578511 0.3939388 0.5026164 0.3534893 
Neam       0.2980751 0.2798413 0.4359043 0.3933246 0.0000000 0.3413597 0.4643191 0.4058875 0.4474831 0.3244935 0.0114583 0.4557538 0.2407124 
RuprSFB    0.3578811 0.3905637 0.3184751 0.4118361 0.3413597 0.0000000 0.3905474 0.4105877 0.4675552 0.4047526 0.3460777 0.3974511 0.3050763 
Retr       0.4292148 0.4637700 0.4792734 0.4972643 0.4643191 0.3905474 0.0000000 0.4947303 0.5126822 0.5141614 0.4653535 0.1658394 0.3974475 
Beta       0.4227541 0.4217709 0.4861457 0.4900572 0.4058875 0.4105877 0.4947303 0.0000000 0.2166602 0.4194302 0.4068375 0.4712231 0.3489567 
Spol       0.4663430 0.4627381 0.4993556 0.5485024 0.4474831 0.4675552 0.5126822 0.2166602 0.0000000 0.5014628 0.4559670 0.4919013 0.3995084 
MJM1652    0.3587262 0.1591784 0.5067507 0.2578511 0.3244935 0.4047526 0.5141614 0.4194302 0.5014628 0.0000000 0.3283237 0.4903905 0.3166612 
NepSFB     0.3020618 0.2860485 0.4428691 0.3939388 0.0114583 0.3460777 0.4653535 0.4068375 0.4559670 0.3283237 0.0000000 0.4515914 0.2460295 
WPYJ       0.4139419 0.4133051 0.4614814 0.5026164 0.4557538 0.3974511 0.1658394 0.4712231 0.4919013 0.4903905 0.4515914 0.0000000 0.3755972 
MJM2940    0.1777169 0.2685279 0.4010249 0.3534893 0.2407124 0.3050763 0.3974475 0.3489567 0.3995084 0.3166612 0.2460295 0.3755972 0.0000000 
