13
DrolusSFB  0.0000000 0.3223947 0.3417978 0.3222773 0.2648047 0.3224646 0.3266975 0.3808201 0.3564049 0.3503663 0.2704518 0.3370059 0.2010651 
Dino       0.3223947 0.0000000 0.3565647 0.2095830 0.2555746 0.3325720 0.3646322 0.4015983 0.3937768 0.1789864 0.2600662 0.4005583 0.2734310 
MJM3360    0.3417978 0.3565647 0.0000000 0.3791289 0.2878453 0.2642862 0.3335950 0.4052170 0.4102728 0.3893925 0.2852579 0.3557560 0.2808359 
DrobinSFB  0.3222773 0.2095830 0.3791289 0.0000000 0.2704272 0.3427426 0.3780331 0.3880281 0.3908219 0.2548110 0.2768406 0.3896293 0.2886718 
Neam       0.2648047 0.2555746 0.2878453 0.2704272 0.0000000 0.2677214 0.2833814 0.3559881 0.3323805 0.3058901 0.0186153 0.3233259 0.2083222 
RuprSFB    0.3224646 0.3325720 0.2642862 0.3427426 0.2677214 0.0000000 0.3142037 0.3673715 0.3817831 0.3720205 0.2652477 0.3222804 0.2790715 
Retr       0.3266975 0.3646322 0.3335950 0.3780331 0.2833814 0.3142037 0.0000000 0.3544866 0.3590222 0.4048957 0.2856918 0.2036910 0.2646996 
Beta       0.3808201 0.4015983 0.4052170 0.3880281 0.3559881 0.3673715 0.3544866 0.0000000 0.1215356 0.4172796 0.3650729 0.3953009 0.3688069 
Spol       0.3564049 0.3937768 0.4102728 0.3908219 0.3323805 0.3817831 0.3590222 0.1215356 0.0000000 0.4218297 0.3388713 0.4073857 0.3408398 
MJM1652    0.3503663 0.1789864 0.3893925 0.2548110 0.3058901 0.3720205 0.4048957 0.4172796 0.4218297 0.0000000 0.3025913 0.4249191 0.2999559 
NepSFB     0.2704518 0.2600662 0.2852579 0.2768406 0.0186153 0.2652477 0.2856918 0.3650729 0.3388713 0.3025913 0.0000000 0.3268225 0.2098970 
WPYJ       0.3370059 0.4005583 0.3557560 0.3896293 0.3233259 0.3222804 0.2036910 0.3953009 0.4073857 0.4249191 0.3268225 0.0000000 0.2886161 
MJM2940    0.2010651 0.2734310 0.2808359 0.2886718 0.2083222 0.2790715 0.2646996 0.3688069 0.3408398 0.2999559 0.2098970 0.2886161 0.0000000 
