13
DrolusSFB  0.0000000 0.2938133 0.3702048 0.2683084 0.2433222 0.2911359 0.3552499 0.3401553 0.3442412 0.3057275 0.2394278 0.3725490 0.1383274 
Dino       0.2938133 0.0000000 0.3557224 0.1574365 0.2017894 0.2445641 0.3766568 0.3224828 0.3118048 0.1401695 0.2038089 0.3801599 0.1618880 
MJM3360    0.3702048 0.3557224 0.0000000 0.3572803 0.3334234 0.2918506 0.4031937 0.3635115 0.3535952 0.3435058 0.3368412 0.3778811 0.3000001 
DrobinSFB  0.2683084 0.1574365 0.3572803 0.0000000 0.2159241 0.2418813 0.3475648 0.3277173 0.3261567 0.1656857 0.2213369 0.3547384 0.1799798 
Neam       0.2433222 0.2017894 0.3334234 0.2159241 0.0000000 0.2469817 0.3336960 0.2942935 0.2854955 0.2246386 0.0186707 0.3654163 0.1339787 
RuprSFB    0.2911359 0.2445641 0.2918506 0.2418813 0.2469817 0.0000000 0.2928629 0.2808117 0.2797073 0.2628990 0.2404788 0.2915707 0.2089607 
Retr       0.3552499 0.3766568 0.4031937 0.3475648 0.3336960 0.2928629 0.0000000 0.3727705 0.3779713 0.3688116 0.3233974 0.1446741 0.2682586 
Beta       0.3401553 0.3224828 0.3635115 0.3277173 0.2942935 0.2808117 0.3727705 0.0000000 0.1035614 0.3425364 0.2985157 0.3733487 0.2162608 
Spol       0.3442412 0.3118048 0.3535952 0.3261567 0.2854955 0.2797073 0.3779713 0.1035614 0.0000000 0.3486956 0.2970050 0.3531510 0.2337332 
MJM1652    0.3057275 0.1401695 0.3435058 0.1656857 0.2246386 0.2628990 0.3688116 0.3425364 0.3486956 0.0000000 0.2253236 0.3582584 0.1895666 
NepSFB     0.2394278 0.2038089 0.3368412 0.2213369 0.0186707 0.2404788 0.3233974 0.2985157 0.2970050 0.2253236 0.0000000 0.3602271 0.1361994 
WPYJ       0.3725490 0.3801599 0.3778811 0.3547384 0.3654163 0.2915707 0.1446741 0.3733487 0.3531510 0.3582584 0.3602271 0.0000000 0.2933128 
MJM2940    0.1383274 0.1618880 0.3000001 0.1799798 0.1339787 0.2089607 0.2682586 0.2162608 0.2337332 0.1895666 0.1361994 0.2933128 0.0000000 
