13
DrolusSFB  0.0000000 0.3148756 0.4663858 0.4051061 0.2408401 0.3453215 0.3230175 0.4514591 0.4325301 0.3070824 0.2447681 0.4041669 0.1830982 
Dino       0.3148756 0.0000000 0.4631395 0.2625867 0.2346967 0.3513400 0.3126701 0.4551466 0.3852407 0.1579722 0.2349487 0.3996080 0.2688914 
MJM3360    0.4663858 0.4631395 0.0000000 0.4817511 0.4125865 0.3766529 0.4210731 0.5330170 0.5272439 0.4432568 0.4110038 0.5222913 0.4356992 
DrobinSFB  0.4051061 0.2625867 0.4817511 0.0000000 0.3345120 0.4304954 0.3804161 0.5123681 0.4252251 0.2789286 0.3337022 0.4957527 0.3671572 
Neam       0.2408401 0.2346967 0.4125865 0.3345120 0.0000000 0.2843771 0.2591085 0.3678134 0.3536949 0.2373787 0.0054280 0.3126834 0.1802064 
RuprSFB    0.3453215 0.3513400 0.3766529 0.4304954 0.2843771 0.0000000 0.3236538 0.4435550 0.4246191 0.3428544 0.2798345 0.4197650 0.3027803 
Retr       0.3230175 0.3126701 0.4210731 0.3804161 0.2591085 0.3236538 0.0000000 0.3500806 0.3553236 0.2991818 0.2546172 0.1576028 0.2823891 
Beta       0.4514591 0.4551466 0.5330170 0.5123681 0.3678134 0.4435550 0.3500806 0.0000000 0.2693109 0.4315270 0.3690937 0.4350608 0.3752426 
Spol       0.4325301 0.3852407 0.5272439 0.4252251 0.3536949 0.4246191 0.3553236 0.2693109 0.0000000 0.3965239 0.3566368 0.4374351 0.3665534 
MJM1652    0.3070824 0.1579722 0.4432568 0.2789286 0.2373787 0.3428544 0.2991818 0.4315270 0.3965239 0.0000000 0.2373968 0.3864620 0.2676945 
NepSFB     0.2447681 0.2349487 0.4110038 0.3337022 0.0054280 0.2798345 0.2546172 0.3690937 0.3566368 0.2373968 0.0000000 0.3128243 0.1779800 
WPYJ       0.4041669 0.3996080 0.5222913 0.4957527 0.3126834 0.4197650 0.1576028 0.4350608 0.4374351 0.3864620 0.3128243 0.0000000 0.3473940 
MJM2940    0.1830982 0.2688914 0.4356992 0.3671572 0.1802064 0.3027803 0.2823891 0.3752426 0.3665534 0.2676945 0.1779800 0.3473940 0.0000000 
