13
DrolusSFB  0.0000000 0.2600820 0.3456198 0.2916632 0.2182152 0.3095640 0.3107613 0.3330161 0.3060791 0.2967779 0.2291141 0.3091959 0.1728719 
Dino       0.2600820 0.0000000 0.3870717 0.2117760 0.2465114 0.3669128 0.4087696 0.3979154 0.3883329 0.1825942 0.2534452 0.3562155 0.2360385 
MJM3360    0.3456198 0.3870717 0.0000000 0.3756636 0.3108624 0.2783179 0.4003602 0.3865418 0.3493007 0.3885178 0.3093576 0.3829900 0.3235833 
DrobinSFB  0.2916632 0.2117760 0.3756636 0.0000000 0.2933863 0.3931089 0.4060590 0.3939400 0.3902535 0.2292535 0.3000735 0.3775521 0.2875449 
Neam       0.2182152 0.2465114 0.3108624 0.2933863 0.0000000 0.2610635 0.2767713 0.2915950 0.2985659 0.2650363 0.0121828 0.2809661 0.1778551 
RuprSFB    0.3095640 0.3669128 0.2783179 0.3931089 0.2610635 0.0000000 0.3243702 0.3259229 0.3225045 0.3593906 0.2729436 0.3295789 0.2746763 
Retr       0.3107613 0.4087696 0.4003602 0.4060590 0.2767713 0.3243702 0.0000000 0.3413248 0.3392296 0.4175123 0.2775354 0.1878922 0.2915114 
Beta       0.3330161 0.3979154 0.3865418 0.3939400 0.2915950 0.3259229 0.3413248 0.0000000 0.1469922 0.3791790 0.2940585 0.3363185 0.2924969 
Spol       0.3060791 0.3883329 0.3493007 0.3902535 0.2985659 0.3225045 0.3392296 0.1469922 0.0000000 0.3821414 0.2949994 0.3527372 0.2879447 
MJM1652    0.2967779 0.1825942 0.3885178 0.2292535 0.2650363 0.3593906 0.4175123 0.3791790 0.3821414 0.0000000 0.2639983 0.3862000 0.2625616 
NepSFB     0.2291141 0.2534452 0.3093576 0.3000735 0.0121828 0.2729436 0.2775354 0.2940585 0.2949994 0.2639983 0.0000000 0.2895609 0.1859748 
WPYJ       0.3091959 0.3562155 0.3829900 0.3775521 0.2809661 0.3295789 0.1878922 0.3363185 0.3527372 0.3862000 0.2895609 0.0000000 0.2801629 
MJM2940    0.1728719 0.2360385 0.3235833 0.2875449 0.1778551 0.2746763 0.2915114 0.2924969 0.2879447 0.2625616 0.1859748 0.2801629 0.0000000 
