13
DrolusSFB  0.0000000 0.2988628 0.3553703 0.3372242 0.2905815 0.3073110 0.2650066 0.3112881 0.3404784 0.3263419 0.2895713 0.2538270 0.1822989 
Dino       0.2988628 0.0000000 0.3602641 0.1836146 0.2664435 0.3486712 0.3078587 0.3696429 0.3963401 0.1371851 0.2639870 0.2871265 0.2833682 
MJM3360    0.3553703 0.3602641 0.0000000 0.3925843 0.4218741 0.2654582 0.3371058 0.3809785 0.4149830 0.3870157 0.4147492 0.2789038 0.3925088 
DrobinSFB  0.3372242 0.1836146 0.3925843 0.0000000 0.3129911 0.3815618 0.3272553 0.3860866 0.3944641 0.1859811 0.3145074 0.3576052 0.3404621 
Neam       0.2905815 0.2664435 0.4218741 0.3129911 0.0000000 0.3418566 0.3265122 0.3602494 0.3938867 0.3134081 0.0080299 0.2857693 0.2770215 
RuprSFB    0.3073110 0.3486712 0.2654582 0.3815618 0.3418566 0.0000000 0.3323632 0.3756557 0.3685838 0.4058740 0.3392344 0.3170051 0.3546005 
Retr       0.2650066 0.3078587 0.3371058 0.3272553 0.3265122 0.3323632 0.0000000 0.3101733 0.3329800 0.3307706 0.3285707 0.1654210 0.2954721 
Beta       0.3112881 0.3696429 0.3809785 0.3860866 0.3602494 0.3756557 0.3101733 0.0000000 0.1276066 0.4015387 0.3648708 0.3099819 0.3499540 
Spol       0.3404784 0.3963401 0.4149830 0.3944641 0.3938867 0.3685838 0.3329800 0.1276066 0.0000000 0.4155156 0.3987791 0.3032367 0.3494647 
MJM1652    0.3263419 0.1371851 0.3870157 0.1859811 0.3134081 0.4058740 0.3307706 0.4015387 0.4155156 0.0000000 0.3091875 0.3372085 0.3512284 
NepSFB     0.2895713 0.2639870 0.4147492 0.3145074 0.0080299 0.3392344 0.3285707 0.3648708 0.3987791 0.3091875 0.0000000 0.2811878 0.2760667 
WPYJ       0.2538270 0.2871265 0.2789038 0.3576052 0.2857693 0.3170051 0.1654210 0.3099819 0.3032367 0.3372085 0.2811878 0.0000000 0.2300168 
MJM2940    0.1822989 0.2833682 0.3925088 0.3404621 0.2770215 0.3546005 0.2954721 0.3499540 0.3494647 0.3512284 0.2760667 0.2300168 0.0000000 
