13
DrolusSFB  0.0000000 0.4124841 0.4651246 0.4503460 0.3508357 0.4599696 0.4524091 0.4521245 0.4746402 0.4474320 0.3476864 0.5635026 0.2560589 
Dino       0.4124841 0.0000000 0.5042410 0.1905797 0.3205947 0.4287145 0.4894452 0.5086300 0.5253087 0.2353439 0.3308976 0.4587284 0.3306238 
MJM3360    0.4651246 0.5042410 0.0000000 0.5227329 0.4054771 0.2621072 0.3656290 0.4283284 0.3798070 0.5467412 0.4148713 0.3453413 0.4263209 
DrobinSFB  0.4503460 0.1905797 0.5227329 0.0000000 0.3474846 0.4491463 0.5053908 0.4832988 0.4948550 0.2687319 0.3550884 0.4985549 0.3615789 
Neam       0.3508357 0.3205947 0.4054771 0.3474846 0.0000000 0.3920931 0.3819070 0.4942088 0.4503779 0.3400199 0.0159348 0.4463578 0.2531700 
RuprSFB    0.4599696 0.4287145 0.2621072 0.4491463 0.3920931 0.0000000 0.3412981 0.3814107 0.3715835 0.4279241 0.4061399 0.3349388 0.3777073 
Retr       0.4524091 0.4894452 0.3656290 0.5053908 0.3819070 0.3412981 0.0000000 0.4515720 0.4179396 0.4903688 0.3943603 0.1808919 0.3608534 
Beta       0.4521245 0.5086300 0.4283284 0.4832988 0.4942088 0.3814107 0.4515720 0.0000000 0.1397187 0.5380555 0.5033548 0.4563888 0.3874276 
Spol       0.4746402 0.5253087 0.3798070 0.4948550 0.4503779 0.3715835 0.4179396 0.1397187 0.0000000 0.5456501 0.4509325 0.4356263 0.4347408 
MJM1652    0.4474320 0.2353439 0.5467412 0.2687319 0.3400199 0.4279241 0.4903688 0.5380555 0.5456501 0.0000000 0.3395559 0.5264962 0.3740891 
NepSFB     0.3476864 0.3308976 0.4148713 0.3550884 0.0159348 0.4061399 0.3943603 0.5033548 0.4509325 0.3395559 0.0000000 0.4586810 0.2668520 
WPYJ       0.5635026 0.4587284 0.3453413 0.4985549 0.4463578 0.3349388 0.1808919 0.4563888 0.4356263 0.5264962 0.4586810 0.0000000 0.3948424 
MJM2940    0.2560589 0.3306238 0.4263209 0.3615789 0.2531700 0.3777073 0.3608534 0.3874276 0.4347408 0.3740891 0.2668520 0.3948424 0.0000000 
