13
DrolusSFB  0.0000000 0.3194286 0.4550731 0.3371002 0.3230028 0.4187077 0.2736399 0.3600875 0.3484799 0.3346399 0.3201248 0.3250341 0.1828408 
Dino       0.3194286 0.0000000 0.4360163 0.1669516 0.3198188 0.4563716 0.3214065 0.3990448 0.3754740 0.2361126 0.3240224 0.4122130 0.2612285 
MJM3360    0.4550731 0.4360163 0.0000000 0.4518367 0.4772933 0.4090341 0.3751114 0.4340000 0.4144429 0.4811185 0.4814398 0.4021702 0.4110030 
DrobinSFB  0.3371002 0.1669516 0.4518367 0.0000000 0.3447450 0.4378689 0.3061895 0.4085876 0.3730931 0.2056316 0.3419868 0.3515694 0.2650800 
Neam       0.3230028 0.3198188 0.4772933 0.3447450 0.0000000 0.4680235 0.3454861 0.4118527 0.4044108 0.3410328 0.0177734 0.4189237 0.2559817 
RuprSFB    0.4187077 0.4563716 0.4090341 0.4378689 0.4680235 0.0000000 0.3914639 0.4223485 0.4160983 0.4546834 0.4718435 0.4152961 0.3975802 
Retr       0.2736399 0.3214065 0.3751114 0.3061895 0.3454861 0.3914639 0.0000000 0.2995972 0.2952499 0.3190555 0.3449197 0.1856178 0.2685589 
Beta       0.3600875 0.3990448 0.4340000 0.4085876 0.4118527 0.4223485 0.2995972 0.0000000 0.1833615 0.4230722 0.4186349 0.3632695 0.3534000 
Spol       0.3484799 0.3754740 0.4144429 0.3730931 0.4044108 0.4160983 0.2952499 0.1833615 0.0000000 0.4044321 0.4080733 0.3897323 0.3025744 
MJM1652    0.3346399 0.2361126 0.4811185 0.2056316 0.3410328 0.4546834 0.3190555 0.4230722 0.4044321 0.0000000 0.3430974 0.3792486 0.2667351 
NepSFB     0.3201248 0.3240224 0.4814398 0.3419868 0.0177734 0.4718435 0.3449197 0.4186349 0.4080733 0.3430974 0.0000000 0.4093263 0.2637927 
WPYJ       0.3250341 0.4122130 0.4021702 0.3515694 0.4189237 0.4152961 0.1856178 0.3632695 0.3897323 0.3792486 0.4093263 0.0000000 0.3343784 
MJM2940    0.1828408 0.2612285 0.4110030 0.2650800 0.2559817 0.3975802 0.2685589 0.3534000 0.3025744 0.2667351 0.2637927 0.3343784 0.0000000 
