13
DrolusSFB  0.0000000 0.3320269 0.3824246 0.3562171 0.2857118 0.3473205 0.3651093 0.4491257 0.5068638 0.3600853 0.2893496 0.3861869 0.2072877 
Dino       0.3320269 0.0000000 0.3964230 0.1847273 0.2485802 0.3521297 0.3671986 0.4368322 0.4577404 0.1424177 0.2543916 0.3394031 0.2377803 
MJM3360    0.3824246 0.3964230 0.0000000 0.4058227 0.3879303 0.2836515 0.3970766 0.4181071 0.4227557 0.4102664 0.3948294 0.3648220 0.3273350 
DrobinSFB  0.3562171 0.1847273 0.4058227 0.0000000 0.2962682 0.3821095 0.3783293 0.4353668 0.4592923 0.2357053 0.3035907 0.3557719 0.2957362 
Neam       0.2857118 0.2485802 0.3879303 0.2962682 0.0000000 0.3092490 0.3396428 0.4331324 0.4519150 0.2600018 0.0115609 0.3278774 0.1983952 
RuprSFB    0.3473205 0.3521297 0.2836515 0.3821095 0.3092490 0.0000000 0.3820194 0.4113085 0.4240409 0.3707131 0.3201662 0.3212945 0.3102446 
Retr       0.3651093 0.3671986 0.3970766 0.3783293 0.3396428 0.3820194 0.0000000 0.4416178 0.4964556 0.4103668 0.3476112 0.2079404 0.2878825 
Beta       0.4491257 0.4368322 0.4181071 0.4353668 0.4331324 0.4113085 0.4416178 0.0000000 0.1604957 0.4456274 0.4393909 0.4295778 0.3773765 
Spol       0.5068638 0.4577404 0.4227557 0.4592923 0.4519150 0.4240409 0.4964556 0.1604957 0.0000000 0.4740986 0.4538935 0.4600082 0.4083139 
MJM1652    0.3600853 0.1424177 0.4102664 0.2357053 0.2600018 0.3707131 0.4103668 0.4456274 0.4740986 0.0000000 0.2624020 0.3955870 0.2715967 
NepSFB     0.2893496 0.2543916 0.3948294 0.3035907 0.0115609 0.3201662 0.3476112 0.4393909 0.4538935 0.2624020 0.0000000 0.3417747 0.1988164 
WPYJ       0.3861869 0.3394031 0.3648220 0.3557719 0.3278774 0.3212945 0.2079404 0.4295778 0.4600082 0.3955870 0.3417747 0.0000000 0.2765860 
MJM2940    0.2072877 0.2377803 0.3273350 0.2957362 0.1983952 0.3102446 0.2878825 0.3773765 0.4083139 0.2715967 0.1988164 0.2765860 0.0000000 
