13
DrolusSFB  0.0000000 0.2507938 0.3571911 0.4014311 0.3187181 0.3090921 0.3136818 0.4334932 0.4675595 0.2939213 0.3271912 0.3467531 0.2505051 
Dino       0.2507938 0.0000000 0.3211888 0.2836727 0.2522690 0.3624930 0.3311576 0.3939337 0.3941808 0.1919211 0.2467322 0.3771299 0.2596906 
MJM3360    0.3571911 0.3211888 0.0000000 0.3522890 0.3391888 0.2795441 0.3496916 0.3856585 0.3463808 0.2829241 0.3279024 0.3551465 0.3228585 
DrobinSFB  0.4014311 0.2836727 0.3522890 0.0000000 0.3909413 0.4058204 0.3892951 0.5174171 0.4942907 0.2222692 0.4067670 0.4108165 0.3499168 
Neam       0.3187181 0.2522690 0.3391888 0.3909413 0.0000000 0.3698249 0.3780212 0.4325866 0.4447110 0.2612415 0.0173261 0.4337220 0.3091773 
RuprSFB    0.3090921 0.3624930 0.2795441 0.4058204 0.3698249 0.0000000 0.3796399 0.3469244 0.3228359 0.2825248 0.3574304 0.3591456 0.3239860 
Retr       0.3136818 0.3311576 0.3496916 0.3892951 0.3780212 0.3796399 0.0000000 0.3049260 0.3625325 0.3165294 0.3584338 0.2060753 0.2774407 
Beta       0.4334932 0.3939337 0.3856585 0.5174171 0.4325866 0.3469244 0.3049260 0.0000000 0.1722468 0.3859023 0.4308270 0.3312988 0.3905713 
Spol       0.4675595 0.3941808 0.3463808 0.4942907 0.4447110 0.3228359 0.3625325 0.1722468 0.0000000 0.3633202 0.4501073 0.3912587 0.4150171 
MJM1652    0.2939213 0.1919211 0.2829241 0.2222692 0.2612415 0.2825248 0.3165294 0.3859023 0.3633202 0.0000000 0.2555313 0.3240386 0.2628821 
NepSFB     0.3271912 0.2467322 0.3279024 0.4067670 0.0173261 0.3574304 0.3584338 0.4308270 0.4501073 0.2555313 0.0000000 0.4267634 0.2978555 
WPYJ       0.3467531 0.3771299 0.3551465 0.4108165 0.4337220 0.3591456 0.2060753 0.3312988 0.3912587 0.3240386 0.4267634 0.0000000 0.3381570 
MJM2940    0.2505051 0.2596906 0.3228585 0.3499168 0.3091773 0.3239860 0.2774407 0.3905713 0.4150171 0.2628821 0.2978555 0.3381570 0.0000000 
