13
DrolusSFB  0.0000000 0.3696181 0.4109240 0.3909495 0.3116031 0.3627263 0.2993617 0.4956610 0.5404244 0.3876519 0.3146442 0.4638503 0.2178482 
Dino       0.3696181 0.0000000 0.4366366 0.2704662 0.3478221 0.3707802 0.3534451 0.5232936 0.5672949 0.1830313 0.3491589 0.4492542 0.3360012 
MJM3360    0.4109240 0.4366366 0.0000000 0.4751747 0.4001935 0.3861576 0.4128616 0.4647734 0.5527185 0.4621051 0.4007281 0.4942397 0.3954092 
DrobinSFB  0.3909495 0.2704662 0.4751747 0.0000000 0.3932815 0.4043465 0.4115745 0.5781471 0.6239659 0.2801353 0.4016295 0.5190863 0.3749965 
Neam       0.3116031 0.3478221 0.4001935 0.3932815 0.0000000 0.3472908 0.3406385 0.5219496 0.5403038 0.3784499 0.0145722 0.4308790 0.2555429 
RuprSFB    0.3627263 0.3707802 0.3861576 0.4043465 0.3472908 0.0000000 0.2869799 0.3863258 0.4292641 0.3738830 0.3506719 0.4043072 0.3305724 
Retr       0.2993617 0.3534451 0.4128616 0.4115745 0.3406385 0.2869799 0.0000000 0.4120204 0.3912035 0.3273215 0.3281123 0.1955102 0.2521263 
Beta       0.4956610 0.5232936 0.4647734 0.5781471 0.5219496 0.3863258 0.4120204 0.0000000 0.1948106 0.5515604 0.5376948 0.4489388 0.4334373 
Spol       0.5404244 0.5672949 0.5527185 0.6239659 0.5403038 0.4292641 0.3912035 0.1948106 0.0000000 0.6101661 0.5447238 0.4828508 0.5004689 
MJM1652    0.3876519 0.1830313 0.4621051 0.2801353 0.3784499 0.3738830 0.3273215 0.5515604 0.6101661 0.0000000 0.3856675 0.4332115 0.3319703 
NepSFB     0.3146442 0.3491589 0.4007281 0.4016295 0.0145722 0.3506719 0.3281123 0.5376948 0.5447238 0.3856675 0.0000000 0.4373486 0.2570409 
WPYJ       0.4638503 0.4492542 0.4942397 0.5190863 0.4308790 0.4043072 0.1955102 0.4489388 0.4828508 0.4332115 0.4373486 0.0000000 0.3888687 
MJM2940    0.2178482 0.3360012 0.3954092 0.3749965 0.2555429 0.3305724 0.2521263 0.4334373 0.5004689 0.3319703 0.2570409 0.3888687 0.0000000 
