13
DrolusSFB  0.0000000 0.2957764 0.3503333 0.3135182 0.2367483 0.3047386 0.3582732 0.3297147 0.3623679 0.3111395 0.2728004 0.3492590 0.1696406 
Dino       0.2957764 0.0000000 0.3045940 0.1928210 0.2921998 0.2887027 0.3729380 0.4129099 0.3782860 0.1594012 0.3902405 0.3736441 0.2795173 
MJM3360    0.3503333 0.3045940 0.0000000 0.3552874 0.2938250 0.2502080 0.2972580 0.3643303 0.3640529 0.3414547 0.3232379 0.3210121 0.2877833 
DrobinSFB  0.3135182 0.1928210 0.3552874 0.0000000 0.2916460 0.3325285 0.3493645 0.3735420 0.3866428 0.2458804 0.3445424 0.3610248 0.2601692 
Neam       0.2367483 0.2921998 0.2938250 0.2916460 0.0000000 0.2766494 0.3075661 0.3281880 0.3320042 0.2994721 0.0109980 0.3257185 0.1907638 
RuprSFB    0.3047386 0.2887027 0.2502080 0.3325285 0.2766494 0.0000000 0.2794185 0.3515434 0.3450514 0.3396277 0.3519440 0.3525491 0.2710538 
Retr       0.3582732 0.3729380 0.2972580 0.3493645 0.3075661 0.2794185 0.0000000 0.3737007 0.3662831 0.4079216 0.3585076 0.1686499 0.3041905 
Beta       0.3297147 0.4129099 0.3643303 0.3735420 0.3281880 0.3515434 0.3737007 0.0000000 0.1563327 0.3835843 0.4355828 0.3741019 0.3422775 
Spol       0.3623679 0.3782860 0.3640529 0.3866428 0.3320042 0.3450514 0.3662831 0.1563327 0.0000000 0.3726906 0.4337662 0.3765234 0.3302244 
MJM1652    0.3111395 0.1594012 0.3414547 0.2458804 0.2994721 0.3396277 0.4079216 0.3835843 0.3726906 0.0000000 0.3854855 0.4342793 0.2870456 
NepSFB     0.2728004 0.3902405 0.3232379 0.3445424 0.0109980 0.3519440 0.3585076 0.4355828 0.4337662 0.3854855 0.0000000 0.3743744 0.2471365 
WPYJ       0.3492590 0.3736441 0.3210121 0.3610248 0.3257185 0.3525491 0.1686499 0.3741019 0.3765234 0.4342793 0.3743744 0.0000000 0.2995884 
MJM2940    0.1696406 0.2795173 0.2877833 0.2601692 0.1907638 0.2710538 0.3041905 0.3422775 0.3302244 0.2870456 0.2471365 0.2995884 0.0000000 
