13
DrolusSFB  0.0000000 0.2707666 0.3563478 0.2654588 0.3163130 0.3433621 0.3456439 0.3697552 0.3909877 0.2661590 0.3158413 0.3516133 0.1804610 
Dino       0.2707666 0.0000000 0.3171874 0.1756864 0.2532349 0.3061106 0.3457145 0.3683854 0.3776798 0.1105091 0.2597957 0.3719839 0.2217375 
MJM3360    0.3563478 0.3171874 0.0000000 0.3422827 0.3197962 0.2760344 0.3744945 0.4169066 0.4180562 0.3082777 0.3225129 0.3971227 0.3051551 
DrobinSFB  0.2654588 0.1756864 0.3422827 0.0000000 0.2489386 0.3510656 0.3580390 0.3538570 0.3871607 0.1930476 0.2529592 0.3670591 0.2291989 
Neam       0.3163130 0.2532349 0.3197962 0.2489386 0.0000000 0.2927053 0.3322029 0.3521226 0.3617601 0.2712294 0.0078383 0.3781045 0.2036648 
RuprSFB    0.3433621 0.3061106 0.2760344 0.3510656 0.2927053 0.0000000 0.3227000 0.4073847 0.4251060 0.3150581 0.2969613 0.3345658 0.2741197 
Retr       0.3456439 0.3457145 0.3744945 0.3580390 0.3322029 0.3227000 0.0000000 0.3809665 0.4008352 0.3375099 0.3364509 0.1975884 0.3181045 
Beta       0.3697552 0.3683854 0.4169066 0.3538570 0.3521226 0.4073847 0.3809665 0.0000000 0.1257147 0.3610510 0.3553086 0.3882718 0.3307538 
Spol       0.3909877 0.3776798 0.4180562 0.3871607 0.3617601 0.4251060 0.4008352 0.1257147 0.0000000 0.3741345 0.3650390 0.3827904 0.3404478 
MJM1652    0.2661590 0.1105091 0.3082777 0.1930476 0.2712294 0.3150581 0.3375099 0.3610510 0.3741345 0.0000000 0.2714193 0.3580896 0.2326991 
NepSFB     0.3158413 0.2597957 0.3225129 0.2529592 0.0078383 0.2969613 0.3364509 0.3553086 0.3650390 0.2714193 0.0000000 0.3765351 0.2090639 
WPYJ       0.3516133 0.3719839 0.3971227 0.3670591 0.3781045 0.3345658 0.1975884 0.3882718 0.3827904 0.3580896 0.3765351 0.0000000 0.3352249 
MJM2940    0.1804610 0.2217375 0.3051551 0.2291989 0.2036648 0.2741197 0.3181045 0.3307538 0.3404478 0.2326991 0.2090639 0.3352249 0.0000000 
