13
DrolusSFB  0.0000000 0.2428328 0.3400512 0.2708812 0.2301458 0.3369232 0.3346194 0.3132776 0.2824794 0.3012838 0.2326107 0.3608085 0.1827151 
Dino       0.2428328 0.0000000 0.3284717 0.1131964 0.2225381 0.3321435 0.2901881 0.2936368 0.2636281 0.1106671 0.2285276 0.3380121 0.1829457 
MJM3360    0.3400512 0.3284717 0.0000000 0.3706159 0.2654095 0.2302408 0.3420174 0.3126439 0.3073451 0.3299066 0.2717588 0.3556343 0.2797584 
DrobinSFB  0.2708812 0.1131964 0.3706159 0.0000000 0.2630288 0.3627362 0.3341013 0.3024041 0.2870730 0.1415385 0.2720268 0.3697674 0.2263633 
Neam       0.2301458 0.2225381 0.2654095 0.2630288 0.0000000 0.2599645 0.2976198 0.2924511 0.2601381 0.2559523 0.0123925 0.3695981 0.1560575 
RuprSFB    0.3369232 0.3321435 0.2302408 0.3627362 0.2599645 0.0000000 0.3075525 0.3094803 0.2878154 0.3391336 0.2606120 0.4069552 0.2703256 
Retr       0.3346194 0.2901881 0.3420174 0.3341013 0.2976198 0.3075525 0.0000000 0.3223435 0.3225595 0.3384240 0.3004003 0.2214576 0.2859191 
Beta       0.3132776 0.2936368 0.3126439 0.3024041 0.2924511 0.3094803 0.3223435 0.0000000 0.1162115 0.2957987 0.2991712 0.3400019 0.2471550 
Spol       0.2824794 0.2636281 0.3073451 0.2870730 0.2601381 0.2878154 0.3225595 0.1162115 0.0000000 0.2742692 0.2627909 0.3024674 0.2194882 
MJM1652    0.3012838 0.1106671 0.3299066 0.1415385 0.2559523 0.3391336 0.3384240 0.2957987 0.2742692 0.0000000 0.2648297 0.3945837 0.2092574 
NepSFB     0.2326107 0.2285276 0.2717588 0.2720268 0.0123925 0.2606120 0.3004003 0.2991712 0.2627909 0.2648297 0.0000000 0.3651508 0.1546098 
WPYJ       0.3608085 0.3380121 0.3556343 0.3697674 0.3695981 0.4069552 0.2214576 0.3400019 0.3024674 0.3945837 0.3651508 0.0000000 0.3951674 
MJM2940    0.1827151 0.1829457 0.2797584 0.2263633 0.1560575 0.2703256 0.2859191 0.2471550 0.2194882 0.2092574 0.1546098 0.3951674 0.0000000 
