13
DrolusSFB  0.0000000 0.2946633 0.3934071 0.3226454 0.2363264 0.3664889 0.3569649 0.4075280 0.4049618 0.3266194 0.2383972 0.4164482 0.1855257 
Dino       0.2946633 0.0000000 0.4072670 0.1646960 0.2461863 0.3638055 0.3797962 0.4011174 0.4200641 0.1480682 0.2474681 0.4320820 0.2456569 
MJM3360    0.3934071 0.4072670 0.0000000 0.4309364 0.3489532 0.2744011 0.3857064 0.4106947 0.4193195 0.4536043 0.3512716 0.4527317 0.3334572 
DrobinSFB  0.3226454 0.1646960 0.4309364 0.0000000 0.2666579 0.3906325 0.3913357 0.4417985 0.4526995 0.2060709 0.2726594 0.4720972 0.2714866 
Neam       0.2363264 0.2461863 0.3489532 0.2666579 0.0000000 0.3106381 0.3106374 0.3516842 0.3632074 0.2690254 0.0115992 0.3694593 0.1722234 
RuprSFB    0.3664889 0.3638055 0.2744011 0.3906325 0.3106381 0.0000000 0.3591169 0.3928331 0.3869946 0.4162107 0.3131701 0.4436413 0.2968566 
Retr       0.3569649 0.3797962 0.3857064 0.3913357 0.3106374 0.3591169 0.0000000 0.3864896 0.4005642 0.3967835 0.3153285 0.2239331 0.3101627 
Beta       0.4075280 0.4011174 0.4106947 0.4417985 0.3516842 0.3928331 0.3864896 0.0000000 0.1380755 0.4451011 0.3571110 0.4460370 0.3495963 
Spol       0.4049618 0.4200641 0.4193195 0.4526995 0.3632074 0.3869946 0.4005642 0.1380755 0.0000000 0.4475208 0.3687210 0.4401946 0.3469341 
MJM1652    0.3266194 0.1480682 0.4536043 0.2060709 0.2690254 0.4162107 0.3967835 0.4451011 0.4475208 0.0000000 0.2738676 0.4651818 0.2884493 
NepSFB     0.2383972 0.2474681 0.3512716 0.2726594 0.0115992 0.3131701 0.3153285 0.3571110 0.3687210 0.2738676 0.0000000 0.3753245 0.1752456 
WPYJ       0.4164482 0.4320820 0.4527317 0.4720972 0.3694593 0.4436413 0.2239331 0.4460370 0.4401946 0.4651818 0.3753245 0.0000000 0.3588864 
MJM2940    0.1855257 0.2456569 0.3334572 0.2714866 0.1722234 0.2968566 0.3101627 0.3495963 0.3469341 0.2884493 0.1752456 0.3588864 0.0000000 
