13
DrolusSFB  0.0000000 0.3374215 0.3592863 0.4178833 0.3012590 0.3505599 0.3089905 0.4310093 0.4866013 0.3647615 0.2954686 0.3612460 0.1867535 
Dino       0.3374215 0.0000000 0.4143519 0.2149279 0.3207396 0.3866774 0.3077089 0.4836781 0.4803935 0.1705081 0.3086084 0.3659418 0.2965133 
MJM3360    0.3592863 0.4143519 0.0000000 0.4604783 0.4294379 0.2482881 0.3501110 0.4599152 0.4422374 0.4285952 0.3931547 0.3685775 0.3376467 
DrobinSFB  0.4178833 0.2149279 0.4604783 0.0000000 0.4212526 0.4368943 0.4465788 0.5309583 0.5497399 0.2485300 0.3868054 0.4518834 0.3611485 
Neam       0.3012590 0.3207396 0.4294379 0.4212526 0.0000000 0.3902999 0.2947477 0.4650197 0.5276011 0.3723269 0.0137169 0.3454385 0.2351225 
RuprSFB    0.3505599 0.3866774 0.2482881 0.4368943 0.3902999 0.0000000 0.3082485 0.4153024 0.4394455 0.3965742 0.3503344 0.2917536 0.2894185 
Retr       0.3089905 0.3077089 0.3501110 0.4465788 0.2947477 0.3082485 0.0000000 0.3320161 0.3891250 0.4023822 0.2968868 0.1685866 0.2553303 
Beta       0.4310093 0.4836781 0.4599152 0.5309583 0.4650197 0.4153024 0.3320161 0.0000000 0.1505796 0.5157954 0.4235364 0.3993842 0.3957087 
Spol       0.4866013 0.4803935 0.4422374 0.5497399 0.5276011 0.4394455 0.3891250 0.1505796 0.0000000 0.5222229 0.4726930 0.4306507 0.4313919 
MJM1652    0.3647615 0.1705081 0.4285952 0.2485300 0.3723269 0.3965742 0.4023822 0.5157954 0.5222229 0.0000000 0.3534345 0.3801448 0.3211732 
NepSFB     0.2954686 0.3086084 0.3931547 0.3868054 0.0137169 0.3503344 0.2968868 0.4235364 0.4726930 0.3534345 0.0000000 0.3328538 0.2276930 
WPYJ       0.3612460 0.3659418 0.3685775 0.4518834 0.3454385 0.2917536 0.1685866 0.3993842 0.4306507 0.3801448 0.3328538 0.0000000 0.2862960 
MJM2940    0.1867535 0.2965133 0.3376467 0.3611485 0.2351225 0.2894185 0.2553303 0.3957087 0.4313919 0.3211732 0.2276930 0.2862960 0.0000000 
