13
DrolusSFB  0.0000000 0.3650010 0.5210682 0.4360039 0.3258423 0.4087654 0.5051619 0.4096452 0.4116330 0.3856029 0.3252706 0.4596122 0.2513616 
Dino       0.3650010 0.0000000 0.4618148 0.2225506 0.2745481 0.3872964 0.4767830 0.3382045 0.3769656 0.2055523 0.2767275 0.4338586 0.3022175 
MJM3360    0.5210682 0.4618148 0.0000000 0.5032657 0.4497937 0.3608717 0.5657474 0.4475852 0.4755212 0.4900772 0.4489513 0.4959239 0.4482848 
DrobinSFB  0.4360039 0.2225506 0.5032657 0.0000000 0.3722464 0.4551030 0.5239807 0.4291988 0.4658225 0.2858719 0.3682986 0.5028693 0.3742223 
Neam       0.3258423 0.2745481 0.4497937 0.3722464 0.0000000 0.3276559 0.4384498 0.3587138 0.3647986 0.2987075 0.0134968 0.3820892 0.2373672 
RuprSFB    0.4087654 0.3872964 0.3608717 0.4551030 0.3276559 0.0000000 0.4905717 0.4066426 0.4357840 0.4056371 0.3331450 0.4200935 0.3302116 
Retr       0.5051619 0.4767830 0.5657474 0.5239807 0.4384498 0.4905717 0.0000000 0.4623587 0.5032476 0.4841571 0.4429226 0.2007054 0.4547172 
Beta       0.4096452 0.3382045 0.4475852 0.4291988 0.3587138 0.4066426 0.4623587 0.0000000 0.1825043 0.3958259 0.3534321 0.5005222 0.3389208 
Spol       0.4116330 0.3769656 0.4755212 0.4658225 0.3647986 0.4357840 0.5032476 0.1825043 0.0000000 0.4370754 0.3672162 0.5327629 0.3447578 
MJM1652    0.3856029 0.2055523 0.4900772 0.2858719 0.2987075 0.4056371 0.4841571 0.3958259 0.4370754 0.0000000 0.3033839 0.4614554 0.3182816 
NepSFB     0.3252706 0.2767275 0.4489513 0.3682986 0.0134968 0.3331450 0.4429226 0.3534321 0.3672162 0.3033839 0.0000000 0.3863415 0.2389256 
WPYJ       0.4596122 0.4338586 0.4959239 0.5028693 0.3820892 0.4200935 0.2007054 0.5005222 0.5327629 0.4614554 0.3863415 0.0000000 0.3737346 
MJM2940    0.2513616 0.3022175 0.4482848 0.3742223 0.2373672 0.3302116 0.4547172 0.3389208 0.3447578 0.3182816 0.2389256 0.3737346 0.0000000 
