13
DrolusSFB  0.0000000 0.3498066 0.4206345 0.3425724 0.2562111 0.3374182 0.4281898 0.5102188 0.4937005 0.3869187 0.3141345 0.4359623 0.2167425 
Dino       0.3498066 0.0000000 0.3180103 0.2071437 0.2057161 0.2783022 0.3591556 0.4431781 0.4050408 0.1485234 0.2930767 0.4061276 0.2249549 
MJM3360    0.4206345 0.3180103 0.0000000 0.3754208 0.3337753 0.3223924 0.3486510 0.4107644 0.4071863 0.3465148 0.3328280 0.3725289 0.3375993 
DrobinSFB  0.3425724 0.2071437 0.3754208 0.0000000 0.2621513 0.3588135 0.3631926 0.3777975 0.3886425 0.2606838 0.3071380 0.3984008 0.2661528 
Neam       0.2562111 0.2057161 0.3337753 0.2621513 0.0000000 0.2852013 0.2602780 0.3068137 0.3169526 0.2475276 0.0166527 0.3189891 0.1553079 
RuprSFB    0.3374182 0.2783022 0.3223924 0.3588135 0.2852013 0.0000000 0.3100263 0.3738619 0.4004254 0.3178449 0.2825696 0.3560688 0.2435717 
Retr       0.4281898 0.3591556 0.3486510 0.3631926 0.2602780 0.3100263 0.0000000 0.4576086 0.4700234 0.3466450 0.3717764 0.2149045 0.3346570 
Beta       0.5102188 0.4431781 0.4107644 0.3777975 0.3068137 0.3738619 0.4576086 0.0000000 0.1692336 0.4275079 0.4111357 0.5190580 0.3295298 
Spol       0.4937005 0.4050408 0.4071863 0.3886425 0.3169526 0.4004254 0.4700234 0.1692336 0.0000000 0.4171791 0.4117574 0.5260335 0.3461890 
MJM1652    0.3869187 0.1485234 0.3465148 0.2606838 0.2475276 0.3178449 0.3466450 0.4275079 0.4171791 0.0000000 0.3237527 0.4271975 0.2480036 
NepSFB     0.3141345 0.2930767 0.3328280 0.3071380 0.0166527 0.2825696 0.3717764 0.4111357 0.4117574 0.3237527 0.0000000 0.4250188 0.2024474 
WPYJ       0.4359623 0.4061276 0.3725289 0.3984008 0.3189891 0.3560688 0.2149045 0.5190580 0.5260335 0.4271975 0.4250188 0.0000000 0.3375965 
MJM2940    0.2167425 0.2249549 0.3375993 0.2661528 0.1553079 0.2435717 0.3346570 0.3295298 0.3461890 0.2480036 0.2024474 0.3375965 0.0000000 
