13
DrolusSFB  0.0000000 0.2596964 0.3209471 0.2995960 0.2309655 0.3120009 0.2824303 0.2924748 0.2905423 0.3000034 0.2352202 0.2111905 0.1506434 
Dino       0.2596964 0.0000000 0.2851607 0.1381960 0.2003345 0.2862776 0.3219842 0.3108741 0.2941725 0.1312930 0.2000291 0.2362699 0.1971533 
MJM3360    0.3209471 0.2851607 0.0000000 0.3165143 0.2901575 0.2503676 0.3127309 0.3309113 0.3280572 0.3309332 0.2987068 0.2311045 0.2870154 
DrobinSFB  0.2995960 0.1381960 0.3165143 0.0000000 0.2325403 0.3147011 0.3361577 0.3218924 0.3089897 0.1847737 0.2354890 0.2606658 0.2358015 
Neam       0.2309655 0.2003345 0.2901575 0.2325403 0.0000000 0.2785488 0.2623728 0.2784736 0.2911103 0.2510824 0.0089518 0.1931892 0.1798728 
RuprSFB    0.3120009 0.2862776 0.2503676 0.3147011 0.2785488 0.0000000 0.2815066 0.2724045 0.2881328 0.3469922 0.2775170 0.2577842 0.2440424 
Retr       0.2824303 0.3219842 0.3127309 0.3361577 0.2623728 0.2815066 0.0000000 0.3055905 0.3024828 0.3463102 0.2664933 0.1251641 0.2582861 
Beta       0.2924748 0.3108741 0.3309113 0.3218924 0.2784736 0.2724045 0.3055905 0.0000000 0.1252807 0.3380239 0.2766497 0.2608112 0.2648967 
Spol       0.2905423 0.2941725 0.3280572 0.3089897 0.2911103 0.2881328 0.3024828 0.1252807 0.0000000 0.3356416 0.2900159 0.2679789 0.2659061 
MJM1652    0.3000034 0.1312930 0.3309332 0.1847737 0.2510824 0.3469922 0.3463102 0.3380239 0.3356416 0.0000000 0.2548431 0.2827162 0.2407525 
NepSFB     0.2352202 0.2000291 0.2987068 0.2354890 0.0089518 0.2775170 0.2664933 0.2766497 0.2900159 0.2548431 0.0000000 0.2005715 0.1827015 
WPYJ       0.2111905 0.2362699 0.2311045 0.2606658 0.1931892 0.2577842 0.1251641 0.2608112 0.2679789 0.2827162 0.2005715 0.0000000 0.1946068 
MJM2940    0.1506434 0.1971533 0.2870154 0.2358015 0.1798728 0.2440424 0.2582861 0.2648967 0.2659061 0.2407525 0.1827015 0.1946068 0.0000000 
