13
DrolusSFB  0.0000000 0.2566569 0.3267948 0.3034414 0.2325877 0.2995998 0.3549143 0.3601622 0.3902394 0.2655970 0.2357294 0.3664750 0.1747183 
Dino       0.2566569 0.0000000 0.3176433 0.1436349 0.2086705 0.3064350 0.2882911 0.3252236 0.3237824 0.1730091 0.2029415 0.3059136 0.2155609 
MJM3360    0.3267948 0.3176433 0.0000000 0.3569826 0.3078092 0.2706920 0.3246728 0.3548957 0.3583738 0.3235074 0.3069428 0.3394966 0.2941125 
DrobinSFB  0.3034414 0.1436349 0.3569826 0.0000000 0.2337651 0.3409317 0.3218960 0.3224991 0.3568560 0.1974249 0.2277466 0.3345547 0.2354405 
Neam       0.2325877 0.2086705 0.3078092 0.2337651 0.0000000 0.2867694 0.3106693 0.3150221 0.3401984 0.2478320 0.0178970 0.3291045 0.1915254 
RuprSFB    0.2995998 0.3064350 0.2706920 0.3409317 0.2867694 0.0000000 0.3040944 0.3409502 0.3655809 0.3163789 0.2867816 0.3463438 0.2784505 
Retr       0.3549143 0.2882911 0.3246728 0.3218960 0.3106693 0.3040944 0.0000000 0.3368559 0.3386637 0.3223799 0.3047898 0.1666522 0.3122172 
Beta       0.3601622 0.3252236 0.3548957 0.3224991 0.3150221 0.3409502 0.3368559 0.0000000 0.1501343 0.3185395 0.3164590 0.3951732 0.3110642 
Spol       0.3902394 0.3237824 0.3583738 0.3568560 0.3401984 0.3655809 0.3386637 0.1501343 0.0000000 0.3611208 0.3336940 0.3903627 0.3362610 
MJM1652    0.2655970 0.1730091 0.3235074 0.1974249 0.2478320 0.3163789 0.3223799 0.3185395 0.3611208 0.0000000 0.2398740 0.3177798 0.2362526 
NepSFB     0.2357294 0.2029415 0.3069428 0.2277466 0.0178970 0.2867816 0.3047898 0.3164590 0.3336940 0.2398740 0.0000000 0.3241351 0.1902804 
WPYJ       0.3664750 0.3059136 0.3394966 0.3345547 0.3291045 0.3463438 0.1666522 0.3951732 0.3903627 0.3177798 0.3241351 0.0000000 0.3326601 
MJM2940    0.1747183 0.2155609 0.2941125 0.2354405 0.1915254 0.2784505 0.3122172 0.3110642 0.3362610 0.2362526 0.1902804 0.3326601 0.0000000 
