13
DrolusSFB  0.0000000 0.2823942 0.3300606 0.3679655 0.2205094 0.2937036 0.3091425 0.3647083 0.3546705 0.3015707 0.2212554 0.3191955 0.1807335 
Dino       0.2823942 0.0000000 0.3288684 0.2008243 0.2634161 0.2842399 0.3129447 0.3715592 0.3617491 0.1583326 0.2594440 0.3696313 0.2375284 
MJM3360    0.3300606 0.3288684 0.0000000 0.3980798 0.3041960 0.2683952 0.3520937 0.3087448 0.3127180 0.3431672 0.2982167 0.3485634 0.2813438 
DrobinSFB  0.3679655 0.2008243 0.3980798 0.0000000 0.2500987 0.3769965 0.3551090 0.4243278 0.4025827 0.2202726 0.2495289 0.4008889 0.2869497 
Neam       0.2205094 0.2634161 0.3041960 0.2500987 0.0000000 0.2382695 0.2814581 0.3417731 0.3079829 0.2885391 0.0183436 0.3350667 0.1760839 
RuprSFB    0.2937036 0.2842399 0.2683952 0.3769965 0.2382695 0.0000000 0.3032625 0.3442080 0.3392613 0.3140997 0.2405224 0.3072268 0.2224002 
Retr       0.3091425 0.3129447 0.3520937 0.3551090 0.2814581 0.3032625 0.0000000 0.3758756 0.3585440 0.3497299 0.2804558 0.1562573 0.2696257 
Beta       0.3647083 0.3715592 0.3087448 0.4243278 0.3417731 0.3442080 0.3758756 0.0000000 0.1065275 0.4108618 0.3368491 0.3503972 0.2776637 
Spol       0.3546705 0.3617491 0.3127180 0.4025827 0.3079829 0.3392613 0.3585440 0.1065275 0.0000000 0.3745096 0.3020437 0.3672820 0.2920836 
MJM1652    0.3015707 0.1583326 0.3431672 0.2202726 0.2885391 0.3140997 0.3497299 0.4108618 0.3745096 0.0000000 0.2788572 0.3849993 0.2535952 
NepSFB     0.2212554 0.2594440 0.2982167 0.2495289 0.0183436 0.2405224 0.2804558 0.3368491 0.3020437 0.2788572 0.0000000 0.3340421 0.1716721 
WPYJ       0.3191955 0.3696313 0.3485634 0.4008889 0.3350667 0.3072268 0.1562573 0.3503972 0.3672820 0.3849993 0.3340421 0.0000000 0.2901502 
MJM2940    0.1807335 0.2375284 0.2813438 0.2869497 0.1760839 0.2224002 0.2696257 0.2776637 0.2920836 0.2535952 0.1716721 0.2901502 0.0000000 
