13
DrolusSFB  0.0000000 0.3088464 0.3152512 0.3547135 0.1705986 0.3356333 0.3216424 0.3262406 0.3280364 0.3898469 0.2268645 0.3430458 0.1583480 
Dino       0.3088464 0.0000000 0.3281089 0.1844681 0.1922211 0.3743600 0.3521491 0.3769023 0.3729798 0.1619418 0.2492169 0.4141370 0.2746350 
MJM3360    0.3152512 0.3281089 0.0000000 0.3984007 0.2579612 0.2423538 0.3566085 0.2967371 0.3178735 0.3935837 0.2940904 0.3833695 0.3103605 
DrobinSFB  0.3547135 0.1844681 0.3984007 0.0000000 0.2289721 0.4023073 0.3768653 0.3877789 0.3904029 0.2263444 0.3010657 0.4208875 0.3261546 
Neam       0.1705986 0.1922211 0.2579612 0.2289721 0.0000000 0.1846358 0.2536509 0.2386682 0.2357057 0.2391614 0.0111140 0.3016080 0.1480406 
RuprSFB    0.3356333 0.3743600 0.2423538 0.4023073 0.1846358 0.0000000 0.3273542 0.3416275 0.3339057 0.4196338 0.2593466 0.3506038 0.2974213 
Retr       0.3216424 0.3521491 0.3566085 0.3768653 0.2536509 0.3273542 0.0000000 0.3356847 0.3335696 0.3816314 0.2888534 0.1807523 0.3034299 
Beta       0.3262406 0.3769023 0.2967371 0.3877789 0.2386682 0.3416275 0.3356847 0.0000000 0.1190143 0.4342484 0.3168181 0.3725349 0.3116628 
Spol       0.3280364 0.3729798 0.3178735 0.3904029 0.2357057 0.3339057 0.3335696 0.1190143 0.0000000 0.4444026 0.3127159 0.3589756 0.3202992 
MJM1652    0.3898469 0.1619418 0.3935837 0.2263444 0.2391614 0.4196338 0.3816314 0.4342484 0.4444026 0.0000000 0.3137078 0.4511327 0.3369102 
NepSFB     0.2268645 0.2492169 0.2940904 0.3010657 0.0111140 0.2593466 0.2888534 0.3168181 0.3127159 0.3137078 0.0000000 0.3480741 0.1851615 
WPYJ       0.3430458 0.4141370 0.3833695 0.4208875 0.3016080 0.3506038 0.1807523 0.3725349 0.3589756 0.4511327 0.3480741 0.0000000 0.3472744 
MJM2940    0.1583480 0.2746350 0.3103605 0.3261546 0.1480406 0.2974213 0.3034299 0.3116628 0.3202992 0.3369102 0.1851615 0.3472744 0.0000000 
