13
DrolusSFB  0.0000000 0.3201851 0.4194937 0.3014350 0.2312928 0.3470012 0.3677165 0.3700673 0.4013097 0.3084654 0.2361329 0.3958067 0.1661403 
Dino       0.3201851 0.0000000 0.4363738 0.2072820 0.2810371 0.4100991 0.4362960 0.4145198 0.4506872 0.2180157 0.2795147 0.4595402 0.2402368 
MJM3360    0.4194937 0.4363738 0.0000000 0.3638749 0.3776072 0.3015158 0.4542464 0.3955673 0.4477695 0.4485630 0.3778735 0.4941607 0.3035605 
DrobinSFB  0.3014350 0.2072820 0.3638749 0.0000000 0.2436770 0.3391690 0.3714960 0.3698443 0.3515386 0.1948225 0.2501958 0.3744863 0.2757105 
Neam       0.2312928 0.2810371 0.3776072 0.2436770 0.0000000 0.3399236 0.3499197 0.3220704 0.3569264 0.2703873 0.0107057 0.3613993 0.1818451 
RuprSFB    0.3470012 0.4100991 0.3015158 0.3391690 0.3399236 0.0000000 0.3892688 0.3861320 0.4267124 0.3917035 0.3415559 0.4466315 0.2775551 
Retr       0.3677165 0.4362960 0.4542464 0.3714960 0.3499197 0.3892688 0.0000000 0.3879647 0.3879538 0.4087999 0.3480992 0.2040614 0.2772637 
Beta       0.3700673 0.4145198 0.3955673 0.3698443 0.3220704 0.3861320 0.3879647 0.0000000 0.1423268 0.4278483 0.3267273 0.4035274 0.3023197 
Spol       0.4013097 0.4506872 0.4477695 0.3515386 0.3569264 0.4267124 0.3879538 0.1423268 0.0000000 0.4473845 0.3648497 0.4131246 0.3228149 
MJM1652    0.3084654 0.2180157 0.4485630 0.1948225 0.2703873 0.3917035 0.4087999 0.4278483 0.4473845 0.0000000 0.2755926 0.4668423 0.2367933 
NepSFB     0.2361329 0.2795147 0.3778735 0.2501958 0.0107057 0.3415559 0.3480992 0.3267273 0.3648497 0.2755926 0.0000000 0.3589470 0.1849062 
WPYJ       0.3958067 0.4595402 0.4941607 0.3744863 0.3613993 0.4466315 0.2040614 0.4035274 0.4131246 0.4668423 0.3589470 0.0000000 0.2986690 
MJM2940    0.1661403 0.2402368 0.3035605 0.2757105 0.1818451 0.2775551 0.2772637 0.3023197 0.3228149 0.2367933 0.1849062 0.2986690 0.0000000 
