13
DrolusSFB  0.0000000 0.2949060 0.3012259 0.3120820 0.2576363 0.2586309 0.3058220 0.3267339 0.3470540 0.3266787 0.2551359 0.3105213 0.1697660 
Dino       0.2949060 0.0000000 0.3003707 0.1739096 0.2611973 0.2510034 0.2975642 0.3276647 0.3490262 0.1427810 0.2659927 0.3186276 0.2635597 
MJM3360    0.3012259 0.3003707 0.0000000 0.2848562 0.2831830 0.2567756 0.2867858 0.3944681 0.4262524 0.3334904 0.2823478 0.2927200 0.2854732 
DrobinSFB  0.3120820 0.1739096 0.2848562 0.0000000 0.2905272 0.2763675 0.2999373 0.3510919 0.3477362 0.1882074 0.2908019 0.2876242 0.2912676 
Neam       0.2576363 0.2611973 0.2831830 0.2905272 0.0000000 0.2400131 0.2794575 0.3516833 0.3881424 0.2974421 0.0093323 0.3166119 0.2054101 
RuprSFB    0.2586309 0.2510034 0.2567756 0.2763675 0.2400131 0.0000000 0.2437643 0.2997141 0.3370187 0.2984349 0.2386456 0.2669171 0.2374029 
Retr       0.3058220 0.2975642 0.2867858 0.2999373 0.2794575 0.2437643 0.0000000 0.3419710 0.3413058 0.3406930 0.2838275 0.1837103 0.3146462 
Beta       0.3267339 0.3276647 0.3944681 0.3510919 0.3516833 0.2997141 0.3419710 0.0000000 0.1213763 0.3288900 0.3490089 0.3443586 0.3112525 
Spol       0.3470540 0.3490262 0.4262524 0.3477362 0.3881424 0.3370187 0.3413058 0.1213763 0.0000000 0.3451412 0.3890513 0.3654569 0.3418790 
MJM1652    0.3266787 0.1427810 0.3334904 0.1882074 0.2974421 0.2984349 0.3406930 0.3288900 0.3451412 0.0000000 0.2885943 0.3373250 0.3132718 
NepSFB     0.2551359 0.2659927 0.2823478 0.2908019 0.0093323 0.2386456 0.2838275 0.3490089 0.3890513 0.2885943 0.0000000 0.3110927 0.2047783 
WPYJ       0.3105213 0.3186276 0.2927200 0.2876242 0.3166119 0.2669171 0.1837103 0.3443586 0.3654569 0.3373250 0.3110927 0.0000000 0.3158757 
MJM2940    0.1697660 0.2635597 0.2854732 0.2912676 0.2054101 0.2374029 0.3146462 0.3112525 0.3418790 0.3132718 0.2047783 0.3158757 0.0000000 
