13
DrolusSFB  0.0000000 0.2852138 0.3552398 0.2856276 0.2479825 0.2948178 0.2926524 0.3151642 0.3415018 0.3218230 0.2436652 0.3668225 0.1892534 
Dino       0.2852138 0.0000000 0.3475917 0.1673421 0.2306228 0.3030518 0.2981608 0.3339656 0.3424946 0.1181686 0.2238020 0.3806230 0.2320266 
MJM3360    0.3552398 0.3475917 0.0000000 0.3513777 0.3096839 0.2478816 0.3252878 0.3696971 0.3843734 0.3659603 0.3061418 0.3710225 0.3295121 
DrobinSFB  0.2856276 0.1673421 0.3513777 0.0000000 0.2285996 0.3084784 0.2886729 0.3157802 0.3404058 0.1992725 0.2210115 0.3489259 0.2401263 
Neam       0.2479825 0.2306228 0.3096839 0.2285996 0.0000000 0.2640322 0.2699021 0.2853186 0.3145932 0.2522687 0.0153407 0.3210963 0.1965482 
RuprSFB    0.2948178 0.3030518 0.2478816 0.3084784 0.2640322 0.0000000 0.2866962 0.2972222 0.3290439 0.3042014 0.2549815 0.3390272 0.2535217 
Retr       0.2926524 0.2981608 0.3252878 0.2886729 0.2699021 0.2866962 0.0000000 0.3113529 0.3598092 0.3335612 0.2623850 0.1868378 0.2590951 
Beta       0.3151642 0.3339656 0.3696971 0.3157802 0.2853186 0.2972222 0.3113529 0.0000000 0.1390422 0.3600506 0.2819343 0.3862487 0.2892203 
Spol       0.3415018 0.3424946 0.3843734 0.3404058 0.3145932 0.3290439 0.3598092 0.1390422 0.0000000 0.3634675 0.3128945 0.4245866 0.2973937 
MJM1652    0.3218230 0.1181686 0.3659603 0.1992725 0.2522687 0.3042014 0.3335612 0.3600506 0.3634675 0.0000000 0.2454136 0.3715324 0.2638769 
NepSFB     0.2436652 0.2238020 0.3061418 0.2210115 0.0153407 0.2549815 0.2623850 0.2819343 0.3128945 0.2454136 0.0000000 0.3137642 0.1878639 
WPYJ       0.3668225 0.3806230 0.3710225 0.3489259 0.3210963 0.3390272 0.1868378 0.3862487 0.4245866 0.3715324 0.3137642 0.0000000 0.3240799 
MJM2940    0.1892534 0.2320266 0.3295121 0.2401263 0.1965482 0.2535217 0.2590951 0.2892203 0.2973937 0.2638769 0.1878639 0.3240799 0.0000000 
