13
DrolusSFB  0.0000000 0.3769861 0.3924055 0.3875400 0.2789851 0.3664049 0.4293471 0.3943271 0.3717412 0.3962193 0.3038092 0.5955951 0.2226812 
Dino       0.3769861 0.0000000 0.4404391 0.1628478 0.3098467 0.3756103 0.4276359 0.4467460 0.4412172 0.1994940 0.3147934 0.5250024 0.3219732 
MJM3360    0.3924055 0.4404391 0.0000000 0.4756359 0.3569727 0.2948112 0.3950661 0.3678582 0.3602565 0.4633805 0.3602873 0.4897249 0.3392407 
DrobinSFB  0.3875400 0.1628478 0.4756359 0.0000000 0.3240989 0.3815670 0.4527320 0.4488986 0.4205615 0.2259319 0.3127966 0.5200377 0.3152834 
Neam       0.2789851 0.3098467 0.3569727 0.3240989 0.0000000 0.2770344 0.2881968 0.2988993 0.2699596 0.3990123 0.0017405 0.3611413 0.1366987 
RuprSFB    0.3664049 0.3756103 0.2948112 0.3815670 0.2770344 0.0000000 0.3344441 0.3087898 0.3011232 0.4446709 0.2719839 0.3465176 0.2479269 
Retr       0.4293471 0.4276359 0.3950661 0.4527320 0.2881968 0.3344441 0.0000000 0.3903636 0.3745914 0.4822298 0.3337725 0.2181043 0.3220901 
Beta       0.3943271 0.4467460 0.3678582 0.4488986 0.2988993 0.3087898 0.3903636 0.0000000 0.0996689 0.5201057 0.3091886 0.4612258 0.2678150 
Spol       0.3717412 0.4412172 0.3602565 0.4205615 0.2699596 0.3011232 0.3745914 0.0996689 0.0000000 0.4649297 0.2844293 0.4670923 0.2603750 
MJM1652    0.3962193 0.1994940 0.4633805 0.2259319 0.3990123 0.4446709 0.4822298 0.5201057 0.4649297 0.0000000 0.3731957 0.5169500 0.3733779 
NepSFB     0.3038092 0.3147934 0.3602873 0.3127966 0.0017405 0.2719839 0.3337725 0.3091886 0.2844293 0.3731957 0.0000000 0.4100154 0.1651386 
WPYJ       0.5955951 0.5250024 0.4897249 0.5200377 0.3611413 0.3465176 0.2181043 0.4612258 0.4670923 0.5169500 0.4100154 0.0000000 0.4199888 
MJM2940    0.2226812 0.3219732 0.3392407 0.3152834 0.1366987 0.2479269 0.3220901 0.2678150 0.2603750 0.3733779 0.1651386 0.4199888 0.0000000 
