13
DrolusSFB  0.0000000 0.2975816 0.3727795 0.3131279 0.2512419 0.3524898 0.2889315 0.4025873 0.4168887 0.3525347 0.2609913 0.3191517 0.2017108 
Dino       0.2975816 0.0000000 0.3911734 0.1987118 0.2301124 0.3458427 0.2937824 0.4364813 0.4087697 0.1891636 0.2331838 0.3387991 0.2545305 
MJM3360    0.3727795 0.3911734 0.0000000 0.4235960 0.3428576 0.3123022 0.3926040 0.4333311 0.4542283 0.4411924 0.3542468 0.3382718 0.3530240 
DrobinSFB  0.3131279 0.1987118 0.4235960 0.0000000 0.2618706 0.3553804 0.3571560 0.4402083 0.4389319 0.2473264 0.2682432 0.4204715 0.2723644 
Neam       0.2512419 0.2301124 0.3428576 0.2618706 0.0000000 0.3126579 0.2431222 0.3796301 0.3893963 0.2973921 0.0142880 0.3056734 0.2152674 
RuprSFB    0.3524898 0.3458427 0.3123022 0.3553804 0.3126579 0.0000000 0.3139541 0.3931334 0.4120870 0.3883077 0.3274866 0.3267085 0.3190542 
Retr       0.2889315 0.2937824 0.3926040 0.3571560 0.2431222 0.3139541 0.0000000 0.3226897 0.3557904 0.3078483 0.2469582 0.1318404 0.2118210 
Beta       0.4025873 0.4364813 0.4333311 0.4402083 0.3796301 0.3931334 0.3226897 0.0000000 0.1399047 0.4787098 0.3913412 0.3439122 0.3825352 
Spol       0.4168887 0.4087697 0.4542283 0.4389319 0.3893963 0.4120870 0.3557904 0.1399047 0.0000000 0.4784188 0.4042039 0.3826521 0.3849128 
MJM1652    0.3525347 0.1891636 0.4411924 0.2473264 0.2973921 0.3883077 0.3078483 0.4787098 0.4784188 0.0000000 0.3039860 0.3239675 0.3100596 
NepSFB     0.2609913 0.2331838 0.3542468 0.2682432 0.0142880 0.3274866 0.2469582 0.3913412 0.4042039 0.3039860 0.0000000 0.3015552 0.2235055 
WPYJ       0.3191517 0.3387991 0.3382718 0.4204715 0.3056734 0.3267085 0.1318404 0.3439122 0.3826521 0.3239675 0.3015552 0.0000000 0.2929329 
MJM2940    0.2017108 0.2545305 0.3530240 0.2723644 0.2152674 0.3190542 0.2118210 0.3825352 0.3849128 0.3100596 0.2235055 0.2929329 0.0000000 
