13
DrolusSFB  0.0000000 0.2289017 0.2813745 0.2144920 0.2199768 0.2514040 0.3853192 0.3272799 0.2832716 0.2463812 0.2384650 0.4331214 0.1539748 
Dino       0.2289017 0.0000000 0.3006535 0.1592834 0.2592202 0.2758819 0.3740480 0.3228682 0.2942525 0.1486421 0.2880015 0.4056516 0.2114823 
MJM3360    0.2813745 0.3006535 0.0000000 0.3141487 0.3359337 0.2091900 0.3761345 0.2988860 0.3123145 0.3330466 0.3284935 0.4114165 0.3058329 
DrobinSFB  0.2144920 0.1592834 0.3141487 0.0000000 0.2450475 0.3036942 0.3647500 0.2884636 0.2882205 0.1675608 0.2619148 0.3979491 0.1946595 
Neam       0.2199768 0.2592202 0.3359337 0.2450475 0.0000000 0.3021570 0.3902214 0.3063599 0.3098857 0.2953258 0.0224348 0.4141463 0.2066379 
RuprSFB    0.2514040 0.2758819 0.2091900 0.3036942 0.3021570 0.0000000 0.3445683 0.2843067 0.2973549 0.3195090 0.3030490 0.3993154 0.2285641 
Retr       0.3853192 0.3740480 0.3761345 0.3647500 0.3902214 0.3445683 0.0000000 0.4097474 0.3783361 0.3882375 0.4051451 0.2508177 0.4078443 
Beta       0.3272799 0.3228682 0.2988860 0.2884636 0.3063599 0.2843067 0.4097474 0.0000000 0.0930707 0.3295349 0.3088484 0.3974491 0.2876291 
Spol       0.2832716 0.2942525 0.3123145 0.2882205 0.3098857 0.2973549 0.3783361 0.0930707 0.0000000 0.3080404 0.3096558 0.3992075 0.2821130 
MJM1652    0.2463812 0.1486421 0.3330466 0.1675608 0.2953258 0.3195090 0.3882375 0.3295349 0.3080404 0.0000000 0.3166487 0.4452213 0.2293104 
NepSFB     0.2384650 0.2880015 0.3284935 0.2619148 0.0224348 0.3030490 0.4051451 0.3088484 0.3096558 0.3166487 0.0000000 0.4498052 0.2182519 
WPYJ       0.4331214 0.4056516 0.4114165 0.3979491 0.4141463 0.3993154 0.2508177 0.3974491 0.3992075 0.4452213 0.4498052 0.0000000 0.3734090 
MJM2940    0.1539748 0.2114823 0.3058329 0.1946595 0.2066379 0.2285641 0.4078443 0.2876291 0.2821130 0.2293104 0.2182519 0.3734090 0.0000000 
