13
DrolusSFB  0.0000000 0.2942876 0.3169548 0.2679693 0.2505328 0.2959225 0.3164611 0.3412826 0.3348751 0.3370766 0.2478728 0.2672859 0.1642633 
Dino       0.2942876 0.0000000 0.3512945 0.1559788 0.2545893 0.2993114 0.3423158 0.3496605 0.3630938 0.1496285 0.2541755 0.3361812 0.2371472 
MJM3360    0.3169548 0.3512945 0.0000000 0.3634110 0.3004726 0.2578013 0.3055969 0.3135067 0.3144463 0.3915868 0.2946585 0.3153412 0.2795747 
DrobinSFB  0.2679693 0.1559788 0.3634110 0.0000000 0.2430055 0.2980720 0.3159466 0.3274752 0.3199373 0.1711878 0.2412110 0.3496089 0.2320179 
Neam       0.2505328 0.2545893 0.3004726 0.2430055 0.0000000 0.2651301 0.2950554 0.2983221 0.2956725 0.3004767 0.0119292 0.2899804 0.1792623 
RuprSFB    0.2959225 0.2993114 0.2578013 0.2980720 0.2651301 0.0000000 0.2668107 0.2689165 0.2711795 0.3118622 0.2653027 0.2790713 0.2438884 
Retr       0.3164611 0.3423158 0.3055969 0.3159466 0.2950554 0.2668107 0.0000000 0.3170189 0.3253523 0.4052625 0.2863791 0.1515586 0.2570129 
Beta       0.3412826 0.3496605 0.3135067 0.3274752 0.2983221 0.2689165 0.3170189 0.0000000 0.1195782 0.4276468 0.2928590 0.3037549 0.2927130 
Spol       0.3348751 0.3630938 0.3144463 0.3199373 0.2956725 0.2711795 0.3253523 0.1195782 0.0000000 0.4389443 0.2944508 0.2988069 0.2989219 
MJM1652    0.3370766 0.1496285 0.3915868 0.1711878 0.3004767 0.3118622 0.4052625 0.4276468 0.4389443 0.0000000 0.3032002 0.3611732 0.2782964 
NepSFB     0.2478728 0.2541755 0.2946585 0.2412110 0.0119292 0.2653027 0.2863791 0.2928590 0.2944508 0.3032002 0.0000000 0.2918915 0.1746734 
WPYJ       0.2672859 0.3361812 0.3153412 0.3496089 0.2899804 0.2790713 0.1515586 0.3037549 0.2988069 0.3611732 0.2918915 0.0000000 0.2532854 
MJM2940    0.1642633 0.2371472 0.2795747 0.2320179 0.1792623 0.2438884 0.2570129 0.2927130 0.2989219 0.2782964 0.1746734 0.2532854 0.0000000 
