13
DrolusSFB  0.0000000 0.3335875 0.3691403 0.3346748 0.2880177 0.3634810 0.3306356 0.3976740 0.3703571 0.3375493 0.2912094 0.3486141 0.2184100 
Dino       0.3335875 0.0000000 0.3633176 0.2205685 0.2501307 0.3658703 0.3309636 0.4188777 0.3945906 0.1546227 0.2587298 0.3942573 0.2678797 
MJM3360    0.3691403 0.3633176 0.0000000 0.3996643 0.3202907 0.2856879 0.3556514 0.3904379 0.3696989 0.3639525 0.3139246 0.3843992 0.3139652 
DrobinSFB  0.3346748 0.2205685 0.3996643 0.0000000 0.2720474 0.3882062 0.3805529 0.4441385 0.4149006 0.2404205 0.2764363 0.3980991 0.2880897 
Neam       0.2880177 0.2501307 0.3202907 0.2720474 0.0000000 0.2733436 0.2527244 0.3274423 0.3226585 0.2703337 0.0165111 0.3254696 0.1956055 
RuprSFB    0.3634810 0.3658703 0.2856879 0.3882062 0.2733436 0.0000000 0.3428111 0.3705469 0.3570576 0.3290848 0.2746915 0.3505000 0.2942073 
Retr       0.3306356 0.3309636 0.3556514 0.3805529 0.2527244 0.3428111 0.0000000 0.3286988 0.3439174 0.3432635 0.2600518 0.1453700 0.2952128 
Beta       0.3976740 0.4188777 0.3904379 0.4441385 0.3274423 0.3705469 0.3286988 0.0000000 0.1193362 0.4185515 0.3315078 0.3913390 0.3343315 
Spol       0.3703571 0.3945906 0.3696989 0.4149006 0.3226585 0.3570576 0.3439174 0.1193362 0.0000000 0.3967429 0.3252766 0.3505319 0.3155160 
MJM1652    0.3375493 0.1546227 0.3639525 0.2404205 0.2703337 0.3290848 0.3432635 0.4185515 0.3967429 0.0000000 0.2783838 0.4128309 0.2759926 
NepSFB     0.2912094 0.2587298 0.3139246 0.2764363 0.0165111 0.2746915 0.2600518 0.3315078 0.3252766 0.2783838 0.0000000 0.3303022 0.2006778 
WPYJ       0.3486141 0.3942573 0.3843992 0.3980991 0.3254696 0.3505000 0.1453700 0.3913390 0.3505319 0.4128309 0.3303022 0.0000000 0.3190092 
MJM2940    0.2184100 0.2678797 0.3139652 0.2880897 0.1956055 0.2942073 0.2952128 0.3343315 0.3155160 0.2759926 0.2006778 0.3190092 0.0000000 
