13
DrolusSFB  0.0000000 0.3740673 0.5512775 0.3812009 0.3361754 0.4527180 0.4329304 0.4808513 0.5112157 0.4375127 0.3319342 0.5396491 0.2430876 
Dino       0.3740673 0.0000000 0.5094533 0.1850360 0.2764082 0.4350033 0.4374803 0.4339119 0.4476636 0.1581749 0.2811191 0.4909346 0.2936217 
MJM3360    0.5512775 0.5094533 0.0000000 0.5118797 0.4683244 0.3897706 0.4966223 0.4897821 0.4932452 0.5436254 0.4705833 0.5423010 0.4305111 
DrobinSFB  0.3812009 0.1850360 0.5118797 0.0000000 0.3286861 0.4743892 0.4259725 0.4367917 0.4605002 0.2308600 0.3297327 0.4589061 0.3046779 
Neam       0.3361754 0.2764082 0.4683244 0.3286861 0.0000000 0.4032513 0.3776737 0.4197589 0.4315068 0.3384124 0.0183814 0.4491286 0.2511060 
RuprSFB    0.4527180 0.4350033 0.3897706 0.4743892 0.4032513 0.0000000 0.4693914 0.4298259 0.4624353 0.5053235 0.4096075 0.5323382 0.3776381 
Retr       0.4329304 0.4374803 0.4966223 0.4259725 0.3776737 0.4693914 0.0000000 0.4685964 0.4530833 0.4800410 0.3847892 0.2128552 0.3824275 
Beta       0.4808513 0.4339119 0.4897821 0.4367917 0.4197589 0.4298259 0.4685964 0.0000000 0.1370744 0.4827277 0.4217497 0.4938500 0.3954846 
Spol       0.5112157 0.4476636 0.4932452 0.4605002 0.4315068 0.4624353 0.4530833 0.1370744 0.0000000 0.5062536 0.4295937 0.5419326 0.4374562 
MJM1652    0.4375127 0.1581749 0.5436254 0.2308600 0.3384124 0.5053235 0.4800410 0.4827277 0.5062536 0.0000000 0.3356978 0.5427132 0.3360026 
NepSFB     0.3319342 0.2811191 0.4705833 0.3297327 0.0183814 0.4096075 0.3847892 0.4217497 0.4295937 0.3356978 0.0000000 0.4575914 0.2520596 
WPYJ       0.5396491 0.4909346 0.5423010 0.4589061 0.4491286 0.5323382 0.2128552 0.4938500 0.5419326 0.5427132 0.4575914 0.0000000 0.4302414 
MJM2940    0.2430876 0.2936217 0.4305111 0.3046779 0.2511060 0.3776381 0.3824275 0.3954846 0.4374562 0.3360026 0.2520596 0.4302414 0.0000000 
