13
DrolusSFB  0.0000000 0.3379100 0.4890283 0.4097765 0.3036358 0.4016043 0.3934047 0.4838172 0.4685591 0.3983016 0.3008604 0.4264760 0.2445799 
Dino       0.3379100 0.0000000 0.4535327 0.1988274 0.2877750 0.4061970 0.3953346 0.4757758 0.4790674 0.1737637 0.2877440 0.4420655 0.2931711 
MJM3360    0.4890283 0.4535327 0.0000000 0.5037791 0.4297930 0.3583246 0.4446124 0.4924149 0.5066962 0.4961886 0.4337448 0.4692448 0.4209627 
DrobinSFB  0.4097765 0.1988274 0.5037791 0.0000000 0.3429482 0.4714936 0.4393113 0.5159518 0.5236210 0.2529912 0.3415969 0.4732973 0.3619793 
Neam       0.3036358 0.2877750 0.4297930 0.3429482 0.0000000 0.3594937 0.3613392 0.4345878 0.4099173 0.3331945 0.0109947 0.4055227 0.2297060 
RuprSFB    0.4016043 0.4061970 0.3583246 0.4714936 0.3594937 0.0000000 0.4120089 0.4790363 0.4629366 0.4378507 0.3551090 0.4315982 0.3701380 
Retr       0.3934047 0.3953346 0.4446124 0.4393113 0.3613392 0.4120089 0.0000000 0.4566147 0.4534257 0.4393882 0.3582866 0.1957595 0.3728238 
Beta       0.4838172 0.4757758 0.4924149 0.5159518 0.4345878 0.4790363 0.4566147 0.0000000 0.1784562 0.5030421 0.4275648 0.4959690 0.4312946 
Spol       0.4685591 0.4790674 0.5066962 0.5236210 0.4099173 0.4629366 0.4534257 0.1784562 0.0000000 0.5084860 0.4065671 0.4626251 0.4252513 
MJM1652    0.3983016 0.1737637 0.4961886 0.2529912 0.3331945 0.4378507 0.4393882 0.5030421 0.5084860 0.0000000 0.3304224 0.4655022 0.3457566 
NepSFB     0.3008604 0.2877440 0.4337448 0.3415969 0.0109947 0.3551090 0.3582866 0.4275648 0.4065671 0.3304224 0.0000000 0.4004762 0.2285453 
WPYJ       0.4264760 0.4420655 0.4692448 0.4732973 0.4055227 0.4315982 0.1957595 0.4959690 0.4626251 0.4655022 0.4004762 0.0000000 0.4136318 
MJM2940    0.2445799 0.2931711 0.4209627 0.3619793 0.2297060 0.3701380 0.3728238 0.4312946 0.4252513 0.3457566 0.2285453 0.4136318 0.0000000 
