13
DrolusSFB  0.0000000 0.3573897 0.3542501 0.3423897 0.2471968 0.3073341 0.3108640 0.3523827 0.3092228 0.3459328 0.2547821 0.3779363 0.1633356 
Dino       0.3573897 0.0000000 0.4105198 0.1801757 0.3098266 0.3449021 0.3924986 0.4175122 0.3827244 0.1771059 0.3053910 0.4366356 0.2953090 
MJM3360    0.3542501 0.4105198 0.0000000 0.4088875 0.3199137 0.2126102 0.3212335 0.3862832 0.3902253 0.4466637 0.3258027 0.3439556 0.3139843 
DrobinSFB  0.3423897 0.1801757 0.4088875 0.0000000 0.2991987 0.3562210 0.3912225 0.4005284 0.3839999 0.2079703 0.2996827 0.4389580 0.3002785 
Neam       0.2471968 0.3098266 0.3199137 0.2991987 0.0000000 0.2631751 0.2522315 0.3060863 0.3049817 0.3429140 0.0127486 0.3284812 0.1829810 
RuprSFB    0.3073341 0.3449021 0.2126102 0.3562210 0.2631751 0.0000000 0.2709365 0.3350833 0.3097801 0.3560503 0.2710011 0.3054800 0.2439163 
Retr       0.3108640 0.3924986 0.3212335 0.3912225 0.2522315 0.2709365 0.0000000 0.3532746 0.3273578 0.3974338 0.2557725 0.1725106 0.2634063 
Beta       0.3523827 0.4175122 0.3862832 0.4005284 0.3060863 0.3350833 0.3532746 0.0000000 0.1244835 0.4433916 0.3079033 0.3341011 0.2833209 
Spol       0.3092228 0.3827244 0.3902253 0.3839999 0.3049817 0.3097801 0.3273578 0.1244835 0.0000000 0.4096177 0.3059493 0.3338979 0.2772660 
MJM1652    0.3459328 0.1771059 0.4466637 0.2079703 0.3429140 0.3560503 0.3974338 0.4433916 0.4096177 0.0000000 0.3424512 0.4453737 0.3048336 
NepSFB     0.2547821 0.3053910 0.3258027 0.2996827 0.0127486 0.2710011 0.2557725 0.3079033 0.3059493 0.3424512 0.0000000 0.3286104 0.1884010 
WPYJ       0.3779363 0.4366356 0.3439556 0.4389580 0.3284812 0.3054800 0.1725106 0.3341011 0.3338979 0.4453737 0.3286104 0.0000000 0.3258813 
MJM2940    0.1633356 0.2953090 0.3139843 0.3002785 0.1829810 0.2439163 0.2634063 0.2833209 0.2772660 0.3048336 0.1884010 0.3258813 0.0000000 
