13
DrolusSFB  0.0000000 0.2392343 0.3441135 0.2657327 0.1853790 0.3056030 0.2899762 0.3008881 0.3217248 0.2611623 0.1877853 0.3459457 0.1611821 
Dino       0.2392343 0.0000000 0.2993469 0.1424791 0.1798644 0.3030846 0.2889474 0.2951235 0.3179748 0.1108683 0.1818007 0.3501258 0.2054067 
MJM3360    0.3441135 0.2993469 0.0000000 0.3651447 0.2784614 0.2488471 0.3082257 0.3434788 0.3712954 0.3207629 0.2868757 0.3740483 0.2872788 
DrobinSFB  0.2657327 0.1424791 0.3651447 0.0000000 0.2312711 0.3614301 0.3443902 0.3648371 0.3720734 0.1577003 0.2360465 0.4127634 0.2572297 
Neam       0.1853790 0.1798644 0.2784614 0.2312711 0.0000000 0.2509060 0.2544533 0.2564602 0.2709360 0.2010210 0.0077507 0.3058443 0.1455854 
RuprSFB    0.3056030 0.3030846 0.2488471 0.3614301 0.2509060 0.0000000 0.3067954 0.3271701 0.3275652 0.3389391 0.2522943 0.3989147 0.2616558 
Retr       0.2899762 0.2889474 0.3082257 0.3443902 0.2544533 0.3067954 0.0000000 0.3143646 0.3392647 0.3145352 0.2592668 0.1534344 0.2523017 
Beta       0.3008881 0.2951235 0.3434788 0.3648371 0.2564602 0.3271701 0.3143646 0.0000000 0.1179227 0.3150563 0.2617692 0.3902158 0.2509103 
Spol       0.3217248 0.3179748 0.3712954 0.3720734 0.2709360 0.3275652 0.3392647 0.1179227 0.0000000 0.3367920 0.2729665 0.4038470 0.2765107 
MJM1652    0.2611623 0.1108683 0.3207629 0.1577003 0.2010210 0.3389391 0.3145352 0.3150563 0.3367920 0.0000000 0.2044725 0.3579804 0.2217236 
NepSFB     0.1877853 0.1818007 0.2868757 0.2360465 0.0077507 0.2522943 0.2592668 0.2617692 0.2729665 0.2044725 0.0000000 0.3111022 0.1464148 
WPYJ       0.3459457 0.3501258 0.3740483 0.4127634 0.3058443 0.3989147 0.1534344 0.3902158 0.4038470 0.3579804 0.3111022 0.0000000 0.3032777 
MJM2940    0.1611821 0.2054067 0.2872788 0.2572297 0.1455854 0.2616558 0.2523017 0.2509103 0.2765107 0.2217236 0.1464148 0.3032777 0.0000000 
