13
DrolusSFB  0.0000000 0.2900500 0.3611803 0.3331859 0.2586328 0.3571321 0.3573482 0.3375856 0.3991430 0.3157997 0.2623105 0.3824340 0.2073625 
Dino       0.2900500 0.0000000 0.3452379 0.1876513 0.3080527 0.3155403 0.3302988 0.4033290 0.4660652 0.1759776 0.3046324 0.3770527 0.2524578 
MJM3360    0.3611803 0.3452379 0.0000000 0.3742565 0.3557054 0.3373999 0.3545093 0.4017783 0.4607871 0.3788807 0.3530730 0.3818900 0.3396483 
DrobinSFB  0.3331859 0.1876513 0.3742565 0.0000000 0.3058592 0.3359487 0.3864998 0.3856355 0.4147628 0.2285926 0.3149887 0.4085857 0.2926860 
Neam       0.2586328 0.3080527 0.3557054 0.3058592 0.0000000 0.2682883 0.2784234 0.4105396 0.4565622 0.3302039 0.0122747 0.3224962 0.1866422 
RuprSFB    0.3571321 0.3155403 0.3373999 0.3359487 0.2682883 0.0000000 0.3088582 0.3777297 0.3905446 0.3230112 0.2682735 0.3691433 0.3041249 
Retr       0.3573482 0.3302988 0.3545093 0.3864998 0.2784234 0.3088582 0.0000000 0.3545139 0.3876212 0.3790093 0.2707486 0.2138448 0.2806843 
Beta       0.3375856 0.4033290 0.4017783 0.3856355 0.4105396 0.3777297 0.3545139 0.0000000 0.1679763 0.4452671 0.4090254 0.3727000 0.3409907 
Spol       0.3991430 0.4660652 0.4607871 0.4147628 0.4565622 0.3905446 0.3876212 0.1679763 0.0000000 0.4612276 0.4508491 0.4151801 0.3664544 
MJM1652    0.3157997 0.1759776 0.3788807 0.2285926 0.3302039 0.3230112 0.3790093 0.4452671 0.4612276 0.0000000 0.3260736 0.4215037 0.3042780 
NepSFB     0.2623105 0.3046324 0.3530730 0.3149887 0.0122747 0.2682735 0.2707486 0.4090254 0.4508491 0.3260736 0.0000000 0.3247206 0.1910537 
WPYJ       0.3824340 0.3770527 0.3818900 0.4085857 0.3224962 0.3691433 0.2138448 0.3727000 0.4151801 0.4215037 0.3247206 0.0000000 0.3477384 
MJM2940    0.2073625 0.2524578 0.3396483 0.2926860 0.1866422 0.3041249 0.2806843 0.3409907 0.3664544 0.3042780 0.1910537 0.3477384 0.0000000 
