13
DrolusSFB  0.0000000 0.3154056 0.3863109 0.3540274 0.2647439 0.3889384 0.3526899 0.3876497 0.4065731 0.3507834 0.2718833 0.3435031 0.1756371 
Dino       0.3154056 0.0000000 0.3871822 0.1744717 0.2577267 0.3842213 0.3372915 0.3773939 0.3699139 0.1452761 0.2649205 0.3390622 0.2474375 
MJM3360    0.3863109 0.3871822 0.0000000 0.4137461 0.3618485 0.3222904 0.3753237 0.3962219 0.4136835 0.4138061 0.3706952 0.3519495 0.3559408 
DrobinSFB  0.3540274 0.1744717 0.4137461 0.0000000 0.3069702 0.4115508 0.3803118 0.4255377 0.4181951 0.2196198 0.3163588 0.3556296 0.2993203 
Neam       0.2647439 0.2577267 0.3618485 0.3069702 0.0000000 0.3396298 0.3180693 0.3363385 0.3374195 0.2847027 0.0101345 0.3229883 0.2047418 
RuprSFB    0.3889384 0.3842213 0.3222904 0.4115508 0.3396298 0.0000000 0.3518481 0.3736525 0.3768817 0.4144913 0.3450557 0.3190840 0.3255809 
Retr       0.3526899 0.3372915 0.3753237 0.3803118 0.3180693 0.3518481 0.0000000 0.3781176 0.3684511 0.3798830 0.3217438 0.1773639 0.3129480 
Beta       0.3876497 0.3773939 0.3962219 0.4255377 0.3363385 0.3736525 0.3781176 0.0000000 0.1213883 0.4219307 0.3459757 0.3171858 0.3300353 
Spol       0.4065731 0.3699139 0.4136835 0.4181951 0.3374195 0.3768817 0.3684511 0.1213883 0.0000000 0.4136566 0.3453758 0.3231789 0.3453886 
MJM1652    0.3507834 0.1452761 0.4138061 0.2196198 0.2847027 0.4144913 0.3798830 0.4219307 0.4136566 0.0000000 0.2941279 0.3940369 0.2970008 
NepSFB     0.2718833 0.2649205 0.3706952 0.3163588 0.0101345 0.3450557 0.3217438 0.3459757 0.3453758 0.2941279 0.0000000 0.3294585 0.2093893 
WPYJ       0.3435031 0.3390622 0.3519495 0.3556296 0.3229883 0.3190840 0.1773639 0.3171858 0.3231789 0.3940369 0.3294585 0.0000000 0.3129634 
MJM2940    0.1756371 0.2474375 0.3559408 0.2993203 0.2047418 0.3255809 0.3129480 0.3300353 0.3453886 0.2970008 0.2093893 0.3129634 0.0000000 
