13
DrolusSFB  0.0000000 0.2498350 0.3421256 0.3087100 0.1989323 0.2185819 0.3002959 0.2967033 0.3269884 0.2784720 0.1968654 0.2746994 0.1329035 
Dino       0.2498350 0.0000000 0.3863759 0.1961964 0.2605989 0.2523535 0.3110928 0.3482109 0.3854844 0.1479234 0.2671546 0.3207932 0.2397987 
MJM3360    0.3421256 0.3863759 0.0000000 0.4023669 0.3092300 0.3019928 0.3697730 0.3527959 0.3636355 0.3920737 0.3108626 0.3430689 0.3474445 
DrobinSFB  0.3087100 0.1961964 0.4023669 0.0000000 0.3445772 0.2832820 0.3716452 0.4162055 0.4244762 0.2173102 0.3552948 0.3321953 0.3080470 
Neam       0.1989323 0.2605989 0.3092300 0.3445772 0.0000000 0.2288147 0.2523553 0.3152759 0.3225277 0.2978755 0.0107337 0.2827086 0.1761107 
RuprSFB    0.2185819 0.2523535 0.3019928 0.2832820 0.2288147 0.0000000 0.2829622 0.2897615 0.3087617 0.2795988 0.2293818 0.2866528 0.2209321 
Retr       0.3002959 0.3110928 0.3697730 0.3716452 0.2523553 0.2829622 0.0000000 0.3215365 0.3499988 0.3179510 0.2539136 0.1760141 0.2691986 
Beta       0.2967033 0.3482109 0.3527959 0.4162055 0.3152759 0.2897615 0.3215365 0.0000000 0.1324860 0.3606297 0.3220993 0.3034662 0.3130887 
Spol       0.3269884 0.3854844 0.3636355 0.4244762 0.3225277 0.3087617 0.3499988 0.1324860 0.0000000 0.4082274 0.3387143 0.3228826 0.3504839 
MJM1652    0.2784720 0.1479234 0.3920737 0.2173102 0.2978755 0.2795988 0.3179510 0.3606297 0.4082274 0.0000000 0.2993375 0.3101510 0.2773026 
NepSFB     0.1968654 0.2671546 0.3108626 0.3552948 0.0107337 0.2293818 0.2539136 0.3220993 0.3387143 0.2993375 0.0000000 0.2847440 0.1758035 
WPYJ       0.2746994 0.3207932 0.3430689 0.3321953 0.2827086 0.2866528 0.1760141 0.3034662 0.3228826 0.3101510 0.2847440 0.0000000 0.2627205 
MJM2940    0.1329035 0.2397987 0.3474445 0.3080470 0.1761107 0.2209321 0.2691986 0.3130887 0.3504839 0.2773026 0.1758035 0.2627205 0.0000000 
