13
DrolusSFB  0.0000000 0.3466293 0.4617695 0.2758325 0.2577875 0.3058382 0.4250087 0.3276735 0.3608855 0.3035563 0.2586644 0.4156120 0.1773548 
Dino       0.3466293 0.0000000 0.5835987 0.1774133 0.2887354 0.3577356 0.3796780 0.3642746 0.3816435 0.1808180 0.2963922 0.4011532 0.2618433 
MJM3360    0.4617695 0.5835987 0.0000000 0.4719316 0.5112189 0.3986999 0.5401274 0.5583187 0.5134112 0.5263646 0.5045454 0.5290347 0.4202986 
DrobinSFB  0.2758325 0.1774133 0.4719316 0.0000000 0.2405265 0.3005773 0.3366761 0.3734544 0.3717025 0.1841515 0.2465502 0.3940188 0.2086464 
Neam       0.2577875 0.2887354 0.5112189 0.2405265 0.0000000 0.3435563 0.3905514 0.3778011 0.4186210 0.2674565 0.0292271 0.4305440 0.2282961 
RuprSFB    0.3058382 0.3577356 0.3986999 0.3005773 0.3435563 0.0000000 0.3859574 0.3443791 0.3399586 0.3229778 0.3417264 0.3750559 0.2579692 
Retr       0.4250087 0.3796780 0.5401274 0.3366761 0.3905514 0.3859574 0.0000000 0.4054905 0.3953941 0.3671120 0.3898222 0.2665053 0.3350898 
Beta       0.3276735 0.3642746 0.5583187 0.3734544 0.3778011 0.3443791 0.4054905 0.0000000 0.1516926 0.3704650 0.3803845 0.4412316 0.3213161 
Spol       0.3608855 0.3816435 0.5134112 0.3717025 0.4186210 0.3399586 0.3953941 0.1516926 0.0000000 0.4049256 0.4185876 0.4954013 0.3508123 
MJM1652    0.3035563 0.1808180 0.5263646 0.1841515 0.2674565 0.3229778 0.3671120 0.3704650 0.4049256 0.0000000 0.2804436 0.4326086 0.2470541 
NepSFB     0.2586644 0.2963922 0.5045454 0.2465502 0.0292271 0.3417264 0.3898222 0.3803845 0.4185876 0.2804436 0.0000000 0.4589578 0.2384084 
WPYJ       0.4156120 0.4011532 0.5290347 0.3940188 0.4305440 0.3750559 0.2665053 0.4412316 0.4954013 0.4326086 0.4589578 0.0000000 0.3723535 
MJM2940    0.1773548 0.2618433 0.4202986 0.2086464 0.2282961 0.2579692 0.3350898 0.3213161 0.3508123 0.2470541 0.2384084 0.3723535 0.0000000 
