13
DrolusSFB  0.0000000 0.3468882 0.3516958 0.3396035 0.2154334 0.3132200 0.3370271 0.3876324 0.3783477 0.4013666 0.2288241 0.3161034 0.1888802 
Dino       0.3468882 0.0000000 0.4051306 0.1704416 0.2639416 0.3650532 0.3982074 0.4197367 0.4209295 0.2089755 0.2479760 0.3034015 0.2680702 
MJM3360    0.3516958 0.4051306 0.0000000 0.3943834 0.2853793 0.2811449 0.4164455 0.3949690 0.4040595 0.4436845 0.2893813 0.3038751 0.3116496 
DrobinSFB  0.3396035 0.1704416 0.3943834 0.0000000 0.2475914 0.3136432 0.3617294 0.3748581 0.3509263 0.2124230 0.2562122 0.3275797 0.2348260 
Neam       0.2154334 0.2639416 0.2853793 0.2475914 0.0000000 0.2203692 0.2852778 0.2866253 0.2804161 0.3001074 0.0117954 0.2672407 0.1393114 
RuprSFB    0.3132200 0.3650532 0.2811449 0.3136432 0.2203692 0.0000000 0.3008013 0.3298151 0.3480050 0.3956129 0.2530235 0.3168180 0.2197621 
Retr       0.3370271 0.3982074 0.4164455 0.3617294 0.2852778 0.3008013 0.0000000 0.3494443 0.3504229 0.4060383 0.2860395 0.1878692 0.2962587 
Beta       0.3876324 0.4197367 0.3949690 0.3748581 0.2866253 0.3298151 0.3494443 0.0000000 0.1458452 0.4319843 0.3203903 0.3345959 0.2873169 
Spol       0.3783477 0.4209295 0.4040595 0.3509263 0.2804161 0.3480050 0.3504229 0.1458452 0.0000000 0.4207938 0.3053509 0.3243148 0.2857497 
MJM1652    0.4013666 0.2089755 0.4436845 0.2124230 0.3001074 0.3956129 0.4060383 0.4319843 0.4207938 0.0000000 0.3796727 0.3729125 0.3002698 
NepSFB     0.2288241 0.2479760 0.2893813 0.2562122 0.0117954 0.2530235 0.2860395 0.3203903 0.3053509 0.3796727 0.0000000 0.1646759 0.1560370 
WPYJ       0.3161034 0.3034015 0.3038751 0.3275797 0.2672407 0.3168180 0.1878692 0.3345959 0.3243148 0.3729125 0.1646759 0.0000000 0.2754488 
MJM2940    0.1888802 0.2680702 0.3116496 0.2348260 0.1393114 0.2197621 0.2962587 0.2873169 0.2857497 0.3002698 0.1560370 0.2754488 0.0000000 
