13
DrolusSFB  0.0000000 0.3030011 0.3938138 0.3392513 0.2624946 0.3970240 0.3384743 0.3898484 0.4204487 0.3201405 0.2653794 0.3320389 0.1961858 
Dino       0.3030011 0.0000000 0.3816436 0.2136675 0.2146458 0.3374948 0.3475887 0.3597100 0.3741030 0.1408149 0.2219454 0.3706710 0.2395617 
MJM3360    0.3938138 0.3816436 0.0000000 0.4505049 0.3025122 0.2512174 0.3970147 0.4337420 0.4425237 0.3704151 0.3009765 0.3229805 0.3176624 
DrobinSFB  0.3392513 0.2136675 0.4505049 0.0000000 0.2674518 0.3788211 0.4186244 0.3853925 0.4288664 0.2088779 0.2718132 0.4044834 0.2988418 
Neam       0.2624946 0.2146458 0.3025122 0.2674518 0.0000000 0.2791587 0.3147505 0.3370134 0.3617898 0.2319350 0.0072431 0.3809395 0.1760419 
RuprSFB    0.3970240 0.3374948 0.2512174 0.3788211 0.2791587 0.0000000 0.3368843 0.3590012 0.3824254 0.3231036 0.2873997 0.3232782 0.2958878 
Retr       0.3384743 0.3475887 0.3970147 0.4186244 0.3147505 0.3368843 0.0000000 0.3864935 0.3810707 0.3581901 0.3210195 0.1710747 0.3042621 
Beta       0.3898484 0.3597100 0.4337420 0.3853925 0.3370134 0.3590012 0.3864935 0.0000000 0.1172800 0.3851226 0.3460577 0.3833677 0.3561835 
Spol       0.4204487 0.3741030 0.4425237 0.4288664 0.3617898 0.3824254 0.3810707 0.1172800 0.0000000 0.3949667 0.3669779 0.4249367 0.3695898 
MJM1652    0.3201405 0.1408149 0.3704151 0.2088779 0.2319350 0.3231036 0.3581901 0.3851226 0.3949667 0.0000000 0.2394430 0.3891082 0.2613514 
NepSFB     0.2653794 0.2219454 0.3009765 0.2718132 0.0072431 0.2873997 0.3210195 0.3460577 0.3669779 0.2394430 0.0000000 0.3829379 0.1745839 
WPYJ       0.3320389 0.3706710 0.3229805 0.4044834 0.3809395 0.3232782 0.1710747 0.3833677 0.4249367 0.3891082 0.3829379 0.0000000 0.3386766 
MJM2940    0.1961858 0.2395617 0.3176624 0.2988418 0.1760419 0.2958878 0.3042621 0.3561835 0.3695898 0.2613514 0.1745839 0.3386766 0.0000000 
