13
DrolusSFB  0.0000000 0.3122421 0.4395440 0.3347153 0.2693344 0.3066906 0.4643506 0.3794104 0.3731695 0.3412541 0.2650129 0.5030066 0.1813928 
Dino       0.3122421 0.0000000 0.4584970 0.1541970 0.2773574 0.3426308 0.4768941 0.3869384 0.3947709 0.1637356 0.2806732 0.4857519 0.2612182 
MJM3360    0.4395440 0.4584970 0.0000000 0.4643323 0.4180104 0.3155661 0.5431183 0.4882951 0.4786661 0.5188829 0.4163182 0.4992557 0.3885373 
DrobinSFB  0.3347153 0.1541970 0.4643323 0.0000000 0.2842667 0.3576715 0.4721405 0.3914682 0.3802261 0.2033495 0.2857578 0.4878302 0.2783177 
Neam       0.2693344 0.2773574 0.4180104 0.2842667 0.0000000 0.3134681 0.4187954 0.3617848 0.3303322 0.3099045 0.0127165 0.4403900 0.2122733 
RuprSFB    0.3066906 0.3426308 0.3155661 0.3576715 0.3134681 0.0000000 0.4102313 0.3313548 0.3549600 0.3704090 0.3098712 0.4157073 0.2565083 
Retr       0.4643506 0.4768941 0.5431183 0.4721405 0.4187954 0.4102313 0.0000000 0.4631527 0.4763970 0.4764613 0.4246453 0.3110652 0.4040393 
Beta       0.3794104 0.3869384 0.4882951 0.3914682 0.3617848 0.3313548 0.4631527 0.0000000 0.1549757 0.4190912 0.3594548 0.4455584 0.3391081 
Spol       0.3731695 0.3947709 0.4786661 0.3802261 0.3303322 0.3549600 0.4763970 0.1549757 0.0000000 0.4216701 0.3339636 0.4761333 0.3478872 
MJM1652    0.3412541 0.1637356 0.5188829 0.2033495 0.3099045 0.3704090 0.4764613 0.4190912 0.4216701 0.0000000 0.3133776 0.5019059 0.2912387 
NepSFB     0.2650129 0.2806732 0.4163182 0.2857578 0.0127165 0.3098712 0.4246453 0.3594548 0.3339636 0.3133776 0.0000000 0.4408156 0.2137094 
WPYJ       0.5030066 0.4857519 0.4992557 0.4878302 0.4403900 0.4157073 0.3110652 0.4455584 0.4761333 0.5019059 0.4408156 0.0000000 0.4280262 
MJM2940    0.1813928 0.2612182 0.3885373 0.2783177 0.2122733 0.2565083 0.4040393 0.3391081 0.3478872 0.2912387 0.2137094 0.4280262 0.0000000 
