13
DrolusSFB  0.0000000 0.3370963 0.5031164 0.3892686 0.3114616 0.4517131 0.4381242 0.4797126 0.4595036 0.3687713 0.3090788 0.4497087 0.2240061 
Dino       0.3370963 0.0000000 0.4886936 0.2134824 0.2805925 0.4246348 0.4321499 0.4247695 0.4339135 0.1836094 0.2782860 0.4587100 0.2758376 
MJM3360    0.5031164 0.4886936 0.0000000 0.5193651 0.4905087 0.3953046 0.4920236 0.5685098 0.5620390 0.5205644 0.4861051 0.5140273 0.4777235 
DrobinSFB  0.3892686 0.2134824 0.5193651 0.0000000 0.3283350 0.4614094 0.4553683 0.5145694 0.5212435 0.2614470 0.3260171 0.4783848 0.3130174 
Neam       0.3114616 0.2805925 0.4905087 0.3283350 0.0000000 0.4028149 0.3734653 0.4234328 0.4263129 0.3350506 0.0109505 0.4042855 0.2170248 
RuprSFB    0.4517131 0.4246348 0.3953046 0.4614094 0.4028149 0.0000000 0.3960767 0.4415998 0.4395154 0.4677003 0.4048741 0.4331563 0.3695592 
Retr       0.4381242 0.4321499 0.4920236 0.4553683 0.3734653 0.3960767 0.0000000 0.4241335 0.4428853 0.4726335 0.3650168 0.2406819 0.3579352 
Beta       0.4797126 0.4247695 0.5685098 0.5145694 0.4234328 0.4415998 0.4241335 0.0000000 0.1482921 0.5143373 0.4226755 0.4890336 0.4039953 
Spol       0.4595036 0.4339135 0.5620390 0.5212435 0.4263129 0.4395154 0.4428853 0.1482921 0.0000000 0.5133617 0.4268025 0.4978978 0.3988580 
MJM1652    0.3687713 0.1836094 0.5205644 0.2614470 0.3350506 0.4677003 0.4726335 0.5143373 0.5133617 0.0000000 0.3353300 0.4995096 0.3223631 
NepSFB     0.3090788 0.2782860 0.4861051 0.3260171 0.0109505 0.4048741 0.3650168 0.4226755 0.4268025 0.3353300 0.0000000 0.4034997 0.2182723 
WPYJ       0.4497087 0.4587100 0.5140273 0.4783848 0.4042855 0.4331563 0.2406819 0.4890336 0.4978978 0.4995096 0.4034997 0.0000000 0.3888116 
MJM2940    0.2240061 0.2758376 0.4777235 0.3130174 0.2170248 0.3695592 0.3579352 0.4039953 0.3988580 0.3223631 0.2182723 0.3888116 0.0000000 
