13
DrolusSFB  0.0000000 0.2997612 0.3071069 0.3294232 0.3032865 0.3374886 0.3588145 0.3830677 0.4199469 0.3774199 0.3054883 0.3478312 0.2580770 
Dino       0.2997612 0.0000000 0.2782854 0.1963181 0.2973189 0.2835438 0.3032768 0.3724011 0.4131026 0.1974138 0.3020810 0.3968944 0.2918815 
MJM3360    0.3071069 0.2782854 0.0000000 0.3233426 0.2682440 0.2071794 0.3656367 0.3638274 0.3715970 0.2756666 0.2844076 0.4224044 0.2743532 
DrobinSFB  0.3294232 0.1963181 0.3233426 0.0000000 0.3055967 0.3230493 0.3014501 0.3610200 0.4277776 0.2331580 0.3084392 0.3457138 0.3094436 
Neam       0.3032865 0.2973189 0.2682440 0.3055967 0.0000000 0.2522976 0.3574631 0.3693731 0.4188508 0.3403147 0.0160420 0.3744412 0.2528693 
RuprSFB    0.3374886 0.2835438 0.2071794 0.3230493 0.2522976 0.0000000 0.2913865 0.3548606 0.3719252 0.2893568 0.2673938 0.3665558 0.2903690 
Retr       0.3588145 0.3032768 0.3656367 0.3014501 0.3574631 0.2913865 0.0000000 0.3191069 0.3423327 0.4029236 0.3682343 0.2113317 0.3477042 
Beta       0.3830677 0.3724011 0.3638274 0.3610200 0.3693731 0.3548606 0.3191069 0.0000000 0.1665802 0.3728104 0.3776402 0.3563372 0.4039668 
Spol       0.4199469 0.4131026 0.3715970 0.4277776 0.4188508 0.3719252 0.3423327 0.1665802 0.0000000 0.4307192 0.4337224 0.3883073 0.4381835 
MJM1652    0.3774199 0.1974138 0.2756666 0.2331580 0.3403147 0.2893568 0.4029236 0.3728104 0.4307192 0.0000000 0.3407780 0.4336060 0.3381880 
NepSFB     0.3054883 0.3020810 0.2844076 0.3084392 0.0160420 0.2673938 0.3682343 0.3776402 0.4337224 0.3407780 0.0000000 0.4190008 0.2562290 
WPYJ       0.3478312 0.3968944 0.4224044 0.3457138 0.3744412 0.3665558 0.2113317 0.3563372 0.3883073 0.4336060 0.4190008 0.0000000 0.3927473 
MJM2940    0.2580770 0.2918815 0.2743532 0.3094436 0.2528693 0.2903690 0.3477042 0.4039668 0.4381835 0.3381880 0.2562290 0.3927473 0.0000000 
