13
DrolusSFB  0.0000000 0.3797916 0.4455632 0.3753009 0.3067241 0.3920249 0.4268368 0.4342101 0.5367470 0.3741164 0.3197698 0.4152407 0.2126297 
Dino       0.3797916 0.0000000 0.3945124 0.2138896 0.3151752 0.3682329 0.3760460 0.3992844 0.5204017 0.1678825 0.3154559 0.4061718 0.2733584 
MJM3360    0.4455632 0.3945124 0.0000000 0.3832671 0.3770633 0.3763905 0.3952794 0.4673409 0.5000529 0.4339449 0.3766523 0.4474408 0.3751217 
DrobinSFB  0.3753009 0.2138896 0.3832671 0.0000000 0.3289985 0.3783475 0.3912879 0.4254506 0.4973752 0.2233503 0.3378021 0.4071445 0.2892346 
Neam       0.3067241 0.3151752 0.3770633 0.3289985 0.0000000 0.3501723 0.3745570 0.3804066 0.4783834 0.3393587 0.0212673 0.3803190 0.2242832 
RuprSFB    0.3920249 0.3682329 0.3763905 0.3783475 0.3501723 0.0000000 0.4108192 0.3558934 0.4615690 0.4258707 0.3687041 0.4045674 0.2966207 
Retr       0.4268368 0.3760460 0.3952794 0.3912879 0.3745570 0.4108192 0.0000000 0.3867170 0.4591796 0.4320171 0.3750600 0.1931681 0.3337504 
Beta       0.4342101 0.3992844 0.4673409 0.4254506 0.3804066 0.3558934 0.3867170 0.0000000 0.2226947 0.4145064 0.3852538 0.4716308 0.3459342 
Spol       0.5367470 0.5204017 0.5000529 0.4973752 0.4783834 0.4615690 0.4591796 0.2226947 0.0000000 0.5250234 0.4833010 0.5451078 0.4327792 
MJM1652    0.3741164 0.1678825 0.4339449 0.2233503 0.3393587 0.4258707 0.4320171 0.4145064 0.5250234 0.0000000 0.3407245 0.4505002 0.2827834 
NepSFB     0.3197698 0.3154559 0.3766523 0.3378021 0.0212673 0.3687041 0.3750600 0.3852538 0.4833010 0.3407245 0.0000000 0.3875208 0.2353401 
WPYJ       0.4152407 0.4061718 0.4474408 0.4071445 0.3803190 0.4045674 0.1931681 0.4716308 0.5451078 0.4505002 0.3875208 0.0000000 0.3563358 
MJM2940    0.2126297 0.2733584 0.3751217 0.2892346 0.2242832 0.2966207 0.3337504 0.3459342 0.4327792 0.2827834 0.2353401 0.3563358 0.0000000 
