13
DrolusSFB  0.0000000 0.3206603 0.2524149 0.2722535 0.1561584 0.2356311 0.2527790 0.4785420 0.4905789 0.1772298 0.3456189 0.2397683 0.2440018 
Dino       0.3206603 0.0000000 0.2439698 0.1740476 0.1771511 0.1866872 0.2763107 0.4311909 0.4496163 0.0911239 0.3915328 0.2374353 0.2566504 
MJM3360    0.2524149 0.2439698 0.0000000 0.3098964 0.2271637 0.2101018 0.2920233 0.3190106 0.3032356 0.2265135 0.2888427 0.2938216 0.2430037 
DrobinSFB  0.2722535 0.1740476 0.3098964 0.0000000 0.2543983 0.2813035 0.3510189 0.2912579 0.3256138 0.1892239 0.3272405 0.3000985 0.2367079 
Neam       0.1561584 0.1771511 0.2271637 0.2543983 0.0000000 0.2350484 0.2607836 0.2077849 0.2160282 0.1776788 0.0067357 0.2837333 0.1001616 
RuprSFB    0.2356311 0.1866872 0.2101018 0.2813035 0.2350484 0.0000000 0.3282212 0.3177345 0.3056321 0.1912587 0.2744382 0.3211965 0.2475246 
Retr       0.2527790 0.2763107 0.2920233 0.3510189 0.2607836 0.3282212 0.0000000 0.3144367 0.3588675 0.3111946 0.3496349 0.1336047 0.2684914 
Beta       0.4785420 0.4311909 0.3190106 0.2912579 0.2077849 0.3177345 0.3144367 0.0000000 0.1672973 0.2443516 0.5425868 0.2621590 0.3826437 
Spol       0.4905789 0.4496163 0.3032356 0.3256138 0.2160282 0.3056321 0.3588675 0.1672973 0.0000000 0.2828631 0.5405274 0.3482688 0.4019441 
MJM1652    0.1772298 0.0911239 0.2265135 0.1892239 0.1776788 0.1912587 0.3111946 0.2443516 0.2828631 0.0000000 0.2148589 0.2330929 0.1899733 
NepSFB     0.3456189 0.3915328 0.2888427 0.3272405 0.0067357 0.2744382 0.3496349 0.5425868 0.5405274 0.2148589 0.0000000 0.3590670 0.2364523 
WPYJ       0.2397683 0.2374353 0.2938216 0.3000985 0.2837333 0.3211965 0.1336047 0.2621590 0.3482688 0.2330929 0.3590670 0.0000000 0.2698105 
MJM2940    0.2440018 0.2566504 0.2430037 0.2367079 0.1001616 0.2475246 0.2684914 0.3826437 0.4019441 0.1899733 0.2364523 0.2698105 0.0000000 
