13
DrolusSFB  0.0000000 0.3301569 0.3904270 0.3317108 0.2127105 0.3075250 0.3161937 0.3078534 0.3001648 0.3145712 0.2220857 0.3070984 0.1731224 
Dino       0.3301569 0.0000000 0.4566640 0.2112514 0.3039174 0.3964058 0.3639655 0.4244471 0.4328950 0.1770115 0.3124352 0.3690465 0.2678109 
MJM3360    0.3904270 0.4566640 0.0000000 0.4395644 0.3573565 0.3166231 0.3636648 0.4031060 0.4077194 0.4298896 0.3646923 0.3830809 0.3114404 
DrobinSFB  0.3317108 0.2112514 0.4395644 0.0000000 0.3237007 0.3757592 0.3674950 0.4329508 0.4257947 0.2128988 0.3288685 0.3547607 0.2875943 
Neam       0.2127105 0.3039174 0.3573565 0.3237007 0.0000000 0.2724393 0.2571682 0.3386160 0.3292919 0.2901836 0.0184074 0.2629068 0.1639239 
RuprSFB    0.3075250 0.3964058 0.3166231 0.3757592 0.2724393 0.0000000 0.2942902 0.3317360 0.3229888 0.3746716 0.2793360 0.3088494 0.2714326 
Retr       0.3161937 0.3639655 0.3636648 0.3674950 0.2571682 0.2942902 0.0000000 0.3116664 0.3129961 0.3472476 0.2719163 0.1609730 0.2639837 
Beta       0.3078534 0.4244471 0.4031060 0.4329508 0.3386160 0.3317360 0.3116664 0.0000000 0.1453728 0.4215178 0.3487679 0.3239442 0.2908784 
Spol       0.3001648 0.4328950 0.4077194 0.4257947 0.3292919 0.3229888 0.3129961 0.1453728 0.0000000 0.4136385 0.3396157 0.3339447 0.2833435 
MJM1652    0.3145712 0.1770115 0.4298896 0.2128988 0.2901836 0.3746716 0.3472476 0.4215178 0.4136385 0.0000000 0.2987661 0.3641030 0.2565109 
NepSFB     0.2220857 0.3124352 0.3646923 0.3288685 0.0184074 0.2793360 0.2719163 0.3487679 0.3396157 0.2987661 0.0000000 0.2720612 0.1716048 
WPYJ       0.3070984 0.3690465 0.3830809 0.3547607 0.2629068 0.3088494 0.1609730 0.3239442 0.3339447 0.3641030 0.2720612 0.0000000 0.2719590 
MJM2940    0.1731224 0.2678109 0.3114404 0.2875943 0.1639239 0.2714326 0.2639837 0.2908784 0.2833435 0.2565109 0.1716048 0.2719590 0.0000000 
