13
DrolusSFB  0.0000000 0.2966882 0.2838706 0.3384410 0.2248264 0.2660728 0.2925433 0.3653384 0.3228145 0.3793851 0.2282515 0.2427343 0.1488181 
Dino       0.2966882 0.0000000 0.3819202 0.1705143 0.2583325 0.3198572 0.3402641 0.3912788 0.3622331 0.1529837 0.2609306 0.3086563 0.2700124 
MJM3360    0.2838706 0.3819202 0.0000000 0.3932044 0.3196102 0.2565412 0.3276078 0.3538043 0.3184210 0.4345388 0.3232637 0.2794839 0.3351907 
DrobinSFB  0.3384410 0.1705143 0.3932044 0.0000000 0.3294009 0.3516927 0.4119845 0.4393769 0.4149819 0.2186954 0.3295438 0.3781286 0.2804911 
Neam       0.2248264 0.2583325 0.3196102 0.3294009 0.0000000 0.2938564 0.2839895 0.3305457 0.3164203 0.3107483 0.0097764 0.2414244 0.2054061 
RuprSFB    0.2660728 0.3198572 0.2565412 0.3516927 0.2938564 0.0000000 0.2967226 0.3495124 0.3155956 0.3793123 0.2964037 0.2454703 0.2873045 
Retr       0.2925433 0.3402641 0.3276078 0.4119845 0.2839895 0.2967226 0.0000000 0.3228117 0.3142338 0.3927155 0.2838167 0.1338386 0.2984557 
Beta       0.3653384 0.3912788 0.3538043 0.4393769 0.3305457 0.3495124 0.3228117 0.0000000 0.1400375 0.4178682 0.3362510 0.2582583 0.3718320 
Spol       0.3228145 0.3622331 0.3184210 0.4149819 0.3164203 0.3155956 0.3142338 0.1400375 0.0000000 0.4128909 0.3115662 0.2807899 0.3475520 
MJM1652    0.3793851 0.1529837 0.4345388 0.2186954 0.3107483 0.3793123 0.3927155 0.4178682 0.4128909 0.0000000 0.3123104 0.3727415 0.3536172 
NepSFB     0.2282515 0.2609306 0.3232637 0.3295438 0.0097764 0.2964037 0.2838167 0.3362510 0.3115662 0.3123104 0.0000000 0.2427969 0.2053226 
WPYJ       0.2427343 0.3086563 0.2794839 0.3781286 0.2414244 0.2454703 0.1338386 0.2582583 0.2807899 0.3727415 0.2427969 0.0000000 0.2656364 
MJM2940    0.1488181 0.2700124 0.3351907 0.2804911 0.2054061 0.2873045 0.2984557 0.3718320 0.3475520 0.3536172 0.2053226 0.2656364 0.0000000 
