13
DrolusSFB  0.0000000 0.3122126 0.4074307 0.3143952 0.2223810 0.3271340 0.3589685 0.3662740 0.4147001 0.3320496 0.2265681 0.3111967 0.1652093 
Dino       0.3122126 0.0000000 0.4098896 0.1709575 0.2472982 0.3558659 0.4207501 0.3971313 0.4809552 0.1719026 0.2458683 0.3619547 0.2718816 
MJM3360    0.4074307 0.4098896 0.0000000 0.4225818 0.3715551 0.3294285 0.4835138 0.4496797 0.4654961 0.4505587 0.3681362 0.3028187 0.3440912 
DrobinSFB  0.3143952 0.1709575 0.4225818 0.0000000 0.2552259 0.3578337 0.4276183 0.3966807 0.4706767 0.2097899 0.2570092 0.3437551 0.2926586 
Neam       0.2223810 0.2472982 0.3715551 0.2552259 0.0000000 0.2704091 0.3391602 0.3173574 0.3863586 0.2834513 0.0073453 0.2568232 0.1959106 
RuprSFB    0.3271340 0.3558659 0.3294285 0.3578337 0.2704091 0.0000000 0.4086972 0.3871967 0.4314504 0.4012860 0.2689258 0.2922056 0.2962590 
Retr       0.3589685 0.4207501 0.4835138 0.4276183 0.3391602 0.4086972 0.0000000 0.4454248 0.5018168 0.4409795 0.3397422 0.1587588 0.3384792 
Beta       0.3662740 0.3971313 0.4496797 0.3966807 0.3173574 0.3871967 0.4454248 0.0000000 0.1331590 0.3937030 0.3208839 0.3132251 0.3331941 
Spol       0.4147001 0.4809552 0.4654961 0.4706767 0.3863586 0.4314504 0.5018168 0.1331590 0.0000000 0.4564175 0.3882226 0.3307867 0.3793336 
MJM1652    0.3320496 0.1719026 0.4505587 0.2097899 0.2834513 0.4012860 0.4409795 0.3937030 0.4564175 0.0000000 0.2841136 0.3427737 0.2905599 
NepSFB     0.2265681 0.2458683 0.3681362 0.2570092 0.0073453 0.2689258 0.3397422 0.3208839 0.3882226 0.2841136 0.0000000 0.2561673 0.1929211 
WPYJ       0.3111967 0.3619547 0.3028187 0.3437551 0.2568232 0.2922056 0.1587588 0.3132251 0.3307867 0.3427737 0.2561673 0.0000000 0.2855945 
MJM2940    0.1652093 0.2718816 0.3440912 0.2926586 0.1959106 0.2962590 0.3384792 0.3331941 0.3793336 0.2905599 0.1929211 0.2855945 0.0000000 
