13
DrolusSFB  0.0000000 0.4207767 0.3546300 0.4584558 0.3195535 0.3940170 0.3674818 0.4592204 0.4700487 0.4813125 0.3215120 0.5178181 0.2298568 
Dino       0.4207767 0.0000000 0.3885233 0.2132616 0.3054915 0.4118865 0.3919677 0.5248545 0.5515587 0.1867511 0.3067864 0.5916620 0.3194742 
MJM3360    0.3546300 0.3885233 0.0000000 0.4051957 0.3443058 0.2955648 0.4609978 0.4092801 0.4295834 0.4398933 0.3508128 0.4498790 0.3273743 
DrobinSFB  0.4584558 0.2132616 0.4051957 0.0000000 0.3366919 0.4159119 0.4090243 0.5267314 0.5439009 0.2544054 0.3392819 0.5845666 0.3570304 
Neam       0.3195535 0.3054915 0.3443058 0.3366919 0.0000000 0.3189591 0.3166359 0.4035724 0.4440837 0.3535327 0.0061326 0.4603373 0.2198351 
RuprSFB    0.3940170 0.4118865 0.2955648 0.4159119 0.3189591 0.0000000 0.3584000 0.4417047 0.4670294 0.4407146 0.3237323 0.4505296 0.3048049 
Retr       0.3674818 0.3919677 0.4609978 0.4090243 0.3166359 0.3584000 0.0000000 0.4117880 0.4380724 0.4335634 0.3268662 0.2083888 0.3261652 
Beta       0.4592204 0.5248545 0.4092801 0.5267314 0.4035724 0.4417047 0.4117880 0.0000000 0.1828459 0.5631780 0.4061915 0.5666406 0.3787587 
Spol       0.4700487 0.5515587 0.4295834 0.5439009 0.4440837 0.4670294 0.4380724 0.1828459 0.0000000 0.5649180 0.4437596 0.5879705 0.3895636 
MJM1652    0.4813125 0.1867511 0.4398933 0.2544054 0.3535327 0.4407146 0.4335634 0.5631780 0.5649180 0.0000000 0.3516151 0.6297157 0.3716461 
NepSFB     0.3215120 0.3067864 0.3508128 0.3392819 0.0061326 0.3237323 0.3268662 0.4061915 0.4437596 0.3516151 0.0000000 0.4600739 0.2219798 
WPYJ       0.5178181 0.5916620 0.4498790 0.5845666 0.4603373 0.4505296 0.2083888 0.5666406 0.5879705 0.6297157 0.4600739 0.0000000 0.4363052 
MJM2940    0.2298568 0.3194742 0.3273743 0.3570304 0.2198351 0.3048049 0.3261652 0.3787587 0.3895636 0.3716461 0.2219798 0.4363052 0.0000000 
