13
DrolusSFB  0.0000000 0.2856453 0.4237058 0.4121044 0.3155205 0.3408701 0.3399328 0.4582741 0.4562355 0.3466184 0.3300366 0.3462407 0.1963071 
Dino       0.2856453 0.0000000 0.3976237 0.2134734 0.2500663 0.2795648 0.3388716 0.3586921 0.3677012 0.1422852 0.2566520 0.3668035 0.2546693 
MJM3360    0.4237058 0.3976237 0.0000000 0.5018720 0.3719674 0.3011120 0.3777295 0.4596937 0.5385817 0.4440236 0.3821114 0.4112861 0.3864740 
DrobinSFB  0.4121044 0.2134734 0.5018720 0.0000000 0.3601901 0.4100284 0.3747704 0.4721324 0.5035780 0.2039157 0.3687763 0.3821199 0.3789092 
Neam       0.3155205 0.2500663 0.3719674 0.3601901 0.0000000 0.3386726 0.2726023 0.4586540 0.4609810 0.3077783 0.0110852 0.2707277 0.2395230 
RuprSFB    0.3408701 0.2795648 0.3011120 0.4100284 0.3386726 0.0000000 0.3886505 0.3830591 0.4241887 0.3176985 0.3401975 0.3663830 0.3178790 
Retr       0.3399328 0.3388716 0.3777295 0.3747704 0.2726023 0.3886505 0.0000000 0.3400507 0.3791076 0.3880244 0.2813337 0.1744384 0.3015987 
Beta       0.4582741 0.3586921 0.4596937 0.4721324 0.4586540 0.3830591 0.3400507 0.0000000 0.1755572 0.4519854 0.4655995 0.3449826 0.4333370 
Spol       0.4562355 0.3677012 0.5385817 0.5035780 0.4609810 0.4241887 0.3791076 0.1755572 0.0000000 0.4583499 0.4736955 0.3748493 0.4614176 
MJM1652    0.3466184 0.1422852 0.4440236 0.2039157 0.3077783 0.3176985 0.3880244 0.4519854 0.4583499 0.0000000 0.3083036 0.3789804 0.2904928 
NepSFB     0.3300366 0.2566520 0.3821114 0.3687763 0.0110852 0.3401975 0.2813337 0.4655995 0.4736955 0.3083036 0.0000000 0.2770275 0.2453574 
WPYJ       0.3462407 0.3668035 0.4112861 0.3821199 0.2707277 0.3663830 0.1744384 0.3449826 0.3748493 0.3789804 0.2770275 0.0000000 0.3178979 
MJM2940    0.1963071 0.2546693 0.3864740 0.3789092 0.2395230 0.3178790 0.3015987 0.4333370 0.4614176 0.2904928 0.2453574 0.3178979 0.0000000 
