13
DrolusSFB  0.0000000 0.3042082 0.4251033 0.3681404 0.2818680 0.3474655 0.3900253 0.4368609 0.4260686 0.3414114 0.2987425 0.4652972 0.2020807 
Dino       0.3042082 0.0000000 0.4498694 0.2479237 0.2799571 0.3505267 0.3240449 0.4533198 0.4308166 0.1906224 0.2864578 0.4402505 0.2740065 
MJM3360    0.4251033 0.4498694 0.0000000 0.4649058 0.3854490 0.3666841 0.4667742 0.5166228 0.5525370 0.4809457 0.4287359 0.5654006 0.4125868 
DrobinSFB  0.3681404 0.2479237 0.4649058 0.0000000 0.3237688 0.3981722 0.3731459 0.4679141 0.4742642 0.2913530 0.3507709 0.4727099 0.3233058 
Neam       0.2818680 0.2799571 0.3854490 0.3237688 0.0000000 0.2950989 0.2910866 0.3947223 0.3986318 0.3233599 0.0139359 0.3609345 0.2198612 
RuprSFB    0.3474655 0.3505267 0.3666841 0.3981722 0.2950989 0.0000000 0.3556838 0.4430874 0.4360148 0.3844980 0.3053922 0.4484351 0.3113934 
Retr       0.3900253 0.3240449 0.4667742 0.3731459 0.2910866 0.3556838 0.0000000 0.4538449 0.4568002 0.3857104 0.3097908 0.2474036 0.3163944 
Beta       0.4368609 0.4533198 0.5166228 0.4679141 0.3947223 0.4430874 0.4538449 0.0000000 0.1843914 0.4618286 0.4089586 0.5144517 0.4138562 
Spol       0.4260686 0.4308166 0.5525370 0.4742642 0.3986318 0.4360148 0.4568002 0.1843914 0.0000000 0.4936957 0.4087019 0.5351348 0.3991650 
MJM1652    0.3414114 0.1906224 0.4809457 0.2913530 0.3233599 0.3844980 0.3857104 0.4618286 0.4936957 0.0000000 0.3159384 0.4917806 0.3331779 
NepSFB     0.2987425 0.2864578 0.4287359 0.3507709 0.0139359 0.3053922 0.3097908 0.4089586 0.4087019 0.3159384 0.0000000 0.3776935 0.2381583 
WPYJ       0.4652972 0.4402505 0.5654006 0.4727099 0.3609345 0.4484351 0.2474036 0.5144517 0.5351348 0.4917806 0.3776935 0.0000000 0.4225306 
MJM2940    0.2020807 0.2740065 0.4125868 0.3233058 0.2198612 0.3113934 0.3163944 0.4138562 0.3991650 0.3331779 0.2381583 0.4225306 0.0000000 
