13
DrolusSFB  0.0000000 0.4133558 0.4012320 0.4249224 0.2787203 0.3711383 0.3998499 0.4009139 0.4580216 0.4260669 0.2775916 0.4559727 0.1897583 
Dino       0.4133558 0.0000000 0.4724130 0.2187387 0.4038850 0.4443251 0.4965069 0.5560615 0.5996193 0.2042715 0.4064286 0.5592305 0.3937130 
MJM3360    0.4012320 0.4724130 0.0000000 0.4873827 0.3828955 0.3129045 0.4356306 0.4198271 0.4651705 0.4680974 0.3892622 0.4619020 0.3819432 
DrobinSFB  0.4249224 0.2187387 0.4873827 0.0000000 0.4096611 0.4444701 0.5010755 0.5898957 0.6154732 0.2400549 0.4121178 0.5452506 0.4021860 
Neam       0.2787203 0.4038850 0.3828955 0.4096611 0.0000000 0.3335916 0.3625607 0.4412363 0.4692511 0.4327234 0.0114387 0.3863616 0.2511896 
RuprSFB    0.3711383 0.4443251 0.3129045 0.4444701 0.3335916 0.0000000 0.4188954 0.3745203 0.4353149 0.4221544 0.3369510 0.4244189 0.3421142 
Retr       0.3998499 0.4965069 0.4356306 0.5010755 0.3625607 0.4188954 0.0000000 0.4617742 0.5222026 0.4824650 0.3652091 0.2108190 0.3945556 
Beta       0.4009139 0.5560615 0.4198271 0.5898957 0.4412363 0.3745203 0.4617742 0.0000000 0.1878083 0.5732462 0.4459322 0.4799910 0.4170409 
Spol       0.4580216 0.5996193 0.4651705 0.6154732 0.4692511 0.4353149 0.5222026 0.1878083 0.0000000 0.6299992 0.4757909 0.5709908 0.4470410 
MJM1652    0.4260669 0.2042715 0.4680974 0.2400549 0.4327234 0.4221544 0.4824650 0.5732462 0.6299992 0.0000000 0.4363976 0.5615192 0.4328408 
NepSFB     0.2775916 0.4064286 0.3892622 0.4121178 0.0114387 0.3369510 0.3652091 0.4459322 0.4757909 0.4363976 0.0000000 0.3833948 0.2540394 
WPYJ       0.4559727 0.5592305 0.4619020 0.5452506 0.3863616 0.4244189 0.2108190 0.4799910 0.5709908 0.5615192 0.3833948 0.0000000 0.4054480 
MJM2940    0.1897583 0.3937130 0.3819432 0.4021860 0.2511896 0.3421142 0.3945556 0.4170409 0.4470410 0.4328408 0.2540394 0.4054480 0.0000000 
