13
DrolusSFB  0.0000000 0.3538126 0.4956377 0.3471771 0.2759297 0.3832165 0.4121265 0.3959483 0.4288763 0.3508782 0.2806203 0.4605787 0.2076629 
Dino       0.3538126 0.0000000 0.5007498 0.2236839 0.2827975 0.4247172 0.4354616 0.4402725 0.4810844 0.1742985 0.2839807 0.4663255 0.2828676 
MJM3360    0.4956377 0.5007498 0.0000000 0.5354272 0.4139762 0.3630158 0.4736126 0.5003046 0.5230881 0.5194915 0.4096708 0.4973321 0.4254068 
DrobinSFB  0.3471771 0.2236839 0.5354272 0.0000000 0.3014904 0.4223830 0.4502420 0.4347570 0.4725932 0.2628432 0.3034589 0.4781853 0.3186621 
Neam       0.2759297 0.2827975 0.4139762 0.3014904 0.0000000 0.3329329 0.3561047 0.3673792 0.4167523 0.3037326 0.0149832 0.3931604 0.2063787 
RuprSFB    0.3832165 0.4247172 0.3630158 0.4223830 0.3329329 0.0000000 0.4097671 0.4403486 0.4472075 0.4284972 0.3332113 0.4468785 0.3462783 
Retr       0.4121265 0.4354616 0.4736126 0.4502420 0.3561047 0.4097671 0.0000000 0.4171552 0.4589306 0.4385950 0.3545245 0.2330846 0.3787039 
Beta       0.3959483 0.4402725 0.5003046 0.4347570 0.3673792 0.4403486 0.4171552 0.0000000 0.1760968 0.4276983 0.3726580 0.4505049 0.3547209 
Spol       0.4288763 0.4810844 0.5230881 0.4725932 0.4167523 0.4472075 0.4589306 0.1760968 0.0000000 0.4635038 0.4171697 0.4971067 0.3857725 
MJM1652    0.3508782 0.1742985 0.5194915 0.2628432 0.3037326 0.4284972 0.4385950 0.4276983 0.4635038 0.0000000 0.3092452 0.4455770 0.3025899 
NepSFB     0.2806203 0.2839807 0.4096708 0.3034589 0.0149832 0.3332113 0.3545245 0.3726580 0.4171697 0.3092452 0.0000000 0.4010546 0.2075610 
WPYJ       0.4605787 0.4663255 0.4973321 0.4781853 0.3931604 0.4468785 0.2330846 0.4505049 0.4971067 0.4455770 0.4010546 0.0000000 0.4166150 
MJM2940    0.2076629 0.2828676 0.4254068 0.3186621 0.2063787 0.3462783 0.3787039 0.3547209 0.3857725 0.3025899 0.2075610 0.4166150 0.0000000 
