13
DrolusSFB  0.0000000 0.3389554 0.3956392 0.4282326 0.2606060 0.3840746 0.4900429 0.4837714 0.4916715 0.4063818 0.2646044 0.4764469 0.2434166 
Dino       0.3389554 0.0000000 0.4542148 0.1800286 0.3055797 0.4366118 0.4405372 0.5068923 0.5040736 0.1805476 0.3057164 0.4604084 0.3157882 
MJM3360    0.3956392 0.4542148 0.0000000 0.5062003 0.3301375 0.3393613 0.4946335 0.4588659 0.4324069 0.5193909 0.3258058 0.4458239 0.3931483 
DrobinSFB  0.4282326 0.1800286 0.5062003 0.0000000 0.3512682 0.5122674 0.5496386 0.6044630 0.5677269 0.2718126 0.3497748 0.5143953 0.3634210 
Neam       0.2606060 0.3055797 0.3301375 0.3512682 0.0000000 0.3550258 0.4353009 0.4276589 0.4026591 0.3949730 0.0068020 0.4050338 0.2285945 
RuprSFB    0.3840746 0.4366118 0.3393613 0.5122674 0.3550258 0.0000000 0.4439164 0.4729381 0.4445828 0.5387946 0.3588598 0.4360473 0.3752920 
Retr       0.4900429 0.4405372 0.4946335 0.5496386 0.4353009 0.4439164 0.0000000 0.5769894 0.5102633 0.5668535 0.4353009 0.2683522 0.4212671 
Beta       0.4837714 0.5068923 0.4588659 0.6044630 0.4276589 0.4729381 0.5769894 0.0000000 0.1795277 0.6001377 0.4241022 0.5713651 0.5070043 
Spol       0.4916715 0.5040736 0.4324069 0.5677269 0.4026591 0.4445828 0.5102633 0.1795277 0.0000000 0.6068004 0.3991908 0.5501979 0.4777703 
MJM1652    0.4063818 0.1805476 0.5193909 0.2718126 0.3949730 0.5387946 0.5668535 0.6001377 0.6068004 0.0000000 0.3970399 0.5542026 0.4017040 
NepSFB     0.2646044 0.3057164 0.3258058 0.3497748 0.0068020 0.3588598 0.4353009 0.4241022 0.3991908 0.3970399 0.0000000 0.4081183 0.2238167 
WPYJ       0.4764469 0.4604084 0.4458239 0.5143953 0.4050338 0.4360473 0.2683522 0.5713651 0.5501979 0.5542026 0.4081183 0.0000000 0.4492633 
MJM2940    0.2434166 0.3157882 0.3931483 0.3634210 0.2285945 0.3752920 0.4212671 0.5070043 0.4777703 0.4017040 0.2238167 0.4492633 0.0000000 
