13
DrolusSFB  0.0000000 0.3106911 0.3331782 0.3330966 0.2312904 0.2746483 0.2768579 0.3452308 0.3329412 0.3089479 0.2390108 0.3403797 0.1371881 
Dino       0.3106911 0.0000000 0.3865835 0.1918531 0.2745354 0.4104878 0.3107091 0.3953224 0.4024650 0.1161907 0.2761295 0.4307930 0.2650510 
MJM3360    0.3331782 0.3865835 0.0000000 0.3613825 0.2875514 0.2583831 0.3250280 0.3846075 0.3418130 0.3726221 0.2986245 0.4058917 0.2773245 
DrobinSFB  0.3330966 0.1918531 0.3613825 0.0000000 0.2769126 0.4038651 0.3543212 0.3684734 0.3906908 0.2268244 0.3002010 0.4672117 0.2639069 
Neam       0.2312904 0.2745354 0.2875514 0.2769126 0.0000000 0.2795952 0.2252892 0.3340304 0.3117079 0.2766439 0.0980419 0.3605837 0.1685903 
RuprSFB    0.2746483 0.4104878 0.2583831 0.4038651 0.2795952 0.0000000 0.3062485 0.3566794 0.3400076 0.3980394 0.2907518 0.4088347 0.2628706 
Retr       0.2768579 0.3107091 0.3250280 0.3543212 0.2252892 0.3062485 0.0000000 0.3048874 0.3052827 0.3041479 0.2492946 0.1953348 0.2251608 
Beta       0.3452308 0.3953224 0.3846075 0.3684734 0.3340304 0.3566794 0.3048874 0.0000000 0.1323750 0.4349503 0.3415778 0.3681748 0.2946981 
Spol       0.3329412 0.4024650 0.3418130 0.3906908 0.3117079 0.3400076 0.3052827 0.1323750 0.0000000 0.4440617 0.3161214 0.3496317 0.2943973 
MJM1652    0.3089479 0.1161907 0.3726221 0.2268244 0.2766439 0.3980394 0.3041479 0.4349503 0.4440617 0.0000000 0.2567904 0.4460371 0.2618211 
NepSFB     0.2390108 0.2761295 0.2986245 0.3002010 0.0980419 0.2907518 0.2492946 0.3415778 0.3161214 0.2567904 0.0000000 0.3692178 0.1895674 
WPYJ       0.3403797 0.4307930 0.4058917 0.4672117 0.3605837 0.4088347 0.1953348 0.3681748 0.3496317 0.4460371 0.3692178 0.0000000 0.3102449 
MJM2940    0.1371881 0.2650510 0.2773245 0.2639069 0.1685903 0.2628706 0.2251608 0.2946981 0.2943973 0.2618211 0.1895674 0.3102449 0.0000000 
