13
DrolusSFB  0.0000000 0.3512929 0.3736594 0.3992721 0.2871607 0.3565748 0.4497329 0.4443828 0.4932824 0.3764306 0.2873043 0.3783136 0.1959903 
Dino       0.3512929 0.0000000 0.3850327 0.2175634 0.2846780 0.3264008 0.5057247 0.4434779 0.4636518 0.2082247 0.2874218 0.4441216 0.2799021 
MJM3360    0.3736594 0.3850327 0.0000000 0.4088186 0.3590433 0.3211459 0.4642209 0.4896096 0.4503480 0.3947033 0.3617698 0.4133200 0.3745276 
DrobinSFB  0.3992721 0.2175634 0.4088186 0.0000000 0.3353164 0.3506394 0.6136994 0.4875718 0.5065987 0.2002494 0.3359528 0.4962661 0.3300501 
Neam       0.2871607 0.2846780 0.3590433 0.3353164 0.0000000 0.2732587 0.4230273 0.3811230 0.4206989 0.3385937 0.0107512 0.3827666 0.2049865 
RuprSFB    0.3565748 0.3264008 0.3211459 0.3506394 0.2732587 0.0000000 0.4352387 0.3923208 0.3798233 0.3338114 0.2753050 0.3729541 0.2810313 
Retr       0.4497329 0.5057247 0.4642209 0.6136994 0.4230273 0.4352387 0.0000000 0.5722634 0.5412582 0.5427777 0.4305053 0.2313620 0.4944117 
Beta       0.4443828 0.4434779 0.4896096 0.4875718 0.3811230 0.3923208 0.5722634 0.0000000 0.1375109 0.4927397 0.3857574 0.5294506 0.4009579 
Spol       0.4932824 0.4636518 0.4503480 0.5065987 0.4206989 0.3798233 0.5412582 0.1375109 0.0000000 0.5022336 0.4271102 0.4979210 0.4299065 
MJM1652    0.3764306 0.2082247 0.3947033 0.2002494 0.3385937 0.3338114 0.5427777 0.4927397 0.5022336 0.0000000 0.3326619 0.4595896 0.3305947 
NepSFB     0.2873043 0.2874218 0.3617698 0.3359528 0.0107512 0.2753050 0.4305053 0.3857574 0.4271102 0.3326619 0.0000000 0.3868963 0.2070041 
WPYJ       0.3783136 0.4441216 0.4133200 0.4962661 0.3827666 0.3729541 0.2313620 0.5294506 0.4979210 0.4595896 0.3868963 0.0000000 0.3807600 
MJM2940    0.1959903 0.2799021 0.3745276 0.3300501 0.2049865 0.2810313 0.4944117 0.4009579 0.4299065 0.3305947 0.2070041 0.3807600 0.0000000 
