13
DrolusSFB  0.0000000 0.2635603 0.3493571 0.2913147 0.2633128 0.2516018 0.2473856 0.3158160 0.3019017 0.2985954 0.2681147 0.2896863 0.1616546 
Dino       0.2635603 0.0000000 0.3485944 0.1924990 0.2774187 0.2808201 0.2942569 0.3217866 0.2848952 0.2209758 0.2709415 0.3035701 0.2192801 
MJM3360    0.3493571 0.3485944 0.0000000 0.3890497 0.4347908 0.3036672 0.3414513 0.3569386 0.3593995 0.3676002 0.4271983 0.3652310 0.3136790 
DrobinSFB  0.2913147 0.1924990 0.3890497 0.0000000 0.3090401 0.3138545 0.3116048 0.3218635 0.3210584 0.2119202 0.3177551 0.3495542 0.2604593 
Neam       0.2633128 0.2774187 0.4347908 0.3090401 0.0000000 0.3277978 0.3179633 0.3115947 0.3374712 0.3426178 0.0193833 0.3402226 0.2088638 
RuprSFB    0.2516018 0.2808201 0.3036672 0.3138545 0.3277978 0.0000000 0.2485500 0.3663774 0.3218567 0.2877282 0.3269695 0.3079807 0.2511827 
Retr       0.2473856 0.2942569 0.3414513 0.3116048 0.3179633 0.2485500 0.0000000 0.2700747 0.2744567 0.3105883 0.3088403 0.1959943 0.2306999 
Beta       0.3158160 0.3217866 0.3569386 0.3218635 0.3115947 0.3663774 0.2700747 0.0000000 0.1488516 0.3557549 0.3174669 0.2812464 0.2614040 
Spol       0.3019017 0.2848952 0.3593995 0.3210584 0.3374712 0.3218567 0.2744567 0.1488516 0.0000000 0.3547365 0.3363741 0.3076985 0.2539705 
MJM1652    0.2985954 0.2209758 0.3676002 0.2119202 0.3426178 0.2877282 0.3105883 0.3557549 0.3547365 0.0000000 0.3493393 0.3381126 0.2713798 
NepSFB     0.2681147 0.2709415 0.4271983 0.3177551 0.0193833 0.3269695 0.3088403 0.3174669 0.3363741 0.3493393 0.0000000 0.3410284 0.2055923 
WPYJ       0.2896863 0.3035701 0.3652310 0.3495542 0.3402226 0.3079807 0.1959943 0.2812464 0.3076985 0.3381126 0.3410284 0.0000000 0.2456428 
MJM2940    0.1616546 0.2192801 0.3136790 0.2604593 0.2088638 0.2511827 0.2306999 0.2614040 0.2539705 0.2713798 0.2055923 0.2456428 0.0000000 
