13
DrolusSFB  0.0000000 0.2570122 0.3128510 0.2828864 0.2185462 0.2619979 0.3182878 0.3504912 0.3539483 0.3375951 0.2157008 0.3141806 0.1662874 
Dino       0.2570122 0.0000000 0.3608116 0.1563469 0.2204800 0.2963818 0.3397173 0.3744754 0.3858202 0.1522163 0.2214896 0.3245758 0.2103774 
MJM3360    0.3128510 0.3608116 0.0000000 0.3997223 0.3121089 0.2690953 0.3288142 0.4105364 0.4115266 0.4647511 0.3170320 0.3629322 0.3101195 
DrobinSFB  0.2828864 0.1563469 0.3997223 0.0000000 0.2665143 0.3357452 0.3661665 0.4183570 0.4137285 0.2048432 0.2693471 0.3507560 0.2625538 
Neam       0.2185462 0.2204800 0.3121089 0.2665143 0.0000000 0.2613834 0.2746296 0.3340064 0.3361048 0.2925434 0.0106675 0.3085333 0.1649440 
RuprSFB    0.2619979 0.2963818 0.2690953 0.3357452 0.2613834 0.0000000 0.2819065 0.4009706 0.4180573 0.3954113 0.2607614 0.3147735 0.2574998 
Retr       0.3182878 0.3397173 0.3288142 0.3661665 0.2746296 0.2819065 0.0000000 0.3697835 0.3819432 0.4224945 0.2764470 0.1855741 0.2974333 
Beta       0.3504912 0.3744754 0.4105364 0.4183570 0.3340064 0.4009706 0.3697835 0.0000000 0.1538688 0.4623761 0.3372847 0.3872392 0.3100542 
Spol       0.3539483 0.3858202 0.4115266 0.4137285 0.3361048 0.4180573 0.3819432 0.1538688 0.0000000 0.4849504 0.3358312 0.4067790 0.3226689 
MJM1652    0.3375951 0.1522163 0.4647511 0.2048432 0.2925434 0.3954113 0.4224945 0.4623761 0.4849504 0.0000000 0.2947536 0.4131614 0.2982489 
NepSFB     0.2157008 0.2214896 0.3170320 0.2693471 0.0106675 0.2607614 0.2764470 0.3372847 0.3358312 0.2947536 0.0000000 0.3028699 0.1656306 
WPYJ       0.3141806 0.3245758 0.3629322 0.3507560 0.3085333 0.3147735 0.1855741 0.3872392 0.4067790 0.4131614 0.3028699 0.0000000 0.2854506 
MJM2940    0.1662874 0.2103774 0.3101195 0.2625538 0.1649440 0.2574998 0.2974333 0.3100542 0.3226689 0.2982489 0.1656306 0.2854506 0.0000000 
