13
DrolusSFB  0.0000000 0.3063545 0.3984484 0.3757048 0.2788806 0.3853174 0.4180582 0.4329411 0.4395879 0.3075000 0.2802223 0.3932865 0.1729848 
Dino       0.3063545 0.0000000 0.4360757 0.2349963 0.2668569 0.3882300 0.3860566 0.3817365 0.3942910 0.1148928 0.2730351 0.4173798 0.2622874 
MJM3360    0.3984484 0.4360757 0.0000000 0.4545965 0.3735325 0.3241121 0.4680581 0.4465387 0.4499452 0.4064450 0.3703250 0.4436179 0.3969480 
DrobinSFB  0.3757048 0.2349963 0.4545965 0.0000000 0.3268822 0.4622632 0.4467487 0.4748811 0.4694941 0.2450669 0.3339135 0.4521161 0.3432770 
Neam       0.2788806 0.2668569 0.3735325 0.3268822 0.0000000 0.3539081 0.3575406 0.3706723 0.3729534 0.2748310 0.0158399 0.3669430 0.2383295 
RuprSFB    0.3853174 0.3882300 0.3241121 0.4622632 0.3539081 0.0000000 0.4363614 0.4204957 0.4037275 0.3791626 0.3564412 0.4603554 0.3653445 
Retr       0.4180582 0.3860566 0.4680581 0.4467487 0.3575406 0.4363614 0.0000000 0.4053940 0.4231232 0.4167712 0.3525929 0.2320544 0.3623810 
Beta       0.4329411 0.3817365 0.4465387 0.4748811 0.3706723 0.4204957 0.4053940 0.0000000 0.1543887 0.3889316 0.3629808 0.4384834 0.3943303 
Spol       0.4395879 0.3942910 0.4499452 0.4694941 0.3729534 0.4037275 0.4231232 0.1543887 0.0000000 0.3855005 0.3644180 0.4239614 0.4104280 
MJM1652    0.3075000 0.1148928 0.4064450 0.2450669 0.2748310 0.3791626 0.4167712 0.3889316 0.3855005 0.0000000 0.2794314 0.4178011 0.2731820 
NepSFB     0.2802223 0.2730351 0.3703250 0.3339135 0.0158399 0.3564412 0.3525929 0.3629808 0.3644180 0.2794314 0.0000000 0.3797379 0.2358142 
WPYJ       0.3932865 0.4173798 0.4436179 0.4521161 0.3669430 0.4603554 0.2320544 0.4384834 0.4239614 0.4178011 0.3797379 0.0000000 0.3792711 
MJM2940    0.1729848 0.2622874 0.3969480 0.3432770 0.2383295 0.3653445 0.3623810 0.3943303 0.4104280 0.2731820 0.2358142 0.3792711 0.0000000 
