13
DrolusSFB  0.0000000 0.3232160 0.4260570 0.3832348 0.2570824 0.3522524 0.3901305 0.3417470 0.4048482 0.4003688 0.2604552 0.4036845 0.1785756 
Dino       0.3232160 0.0000000 0.4557084 0.2372889 0.2441303 0.3243556 0.4176464 0.3629755 0.3944997 0.1805257 0.2446996 0.4218916 0.3095135 
MJM3360    0.4260570 0.4557084 0.0000000 0.5264349 0.4373345 0.3594608 0.4411245 0.4686699 0.4639007 0.5174168 0.4329075 0.4860423 0.4266535 
DrobinSFB  0.3832348 0.2372889 0.5264349 0.0000000 0.3253645 0.3818311 0.4730434 0.4458852 0.4973502 0.2677135 0.3263637 0.4920002 0.3503628 
Neam       0.2570824 0.2441303 0.4373345 0.3253645 0.0000000 0.3235032 0.3571863 0.3390065 0.3471320 0.3176231 0.0105314 0.3838619 0.2162833 
RuprSFB    0.3522524 0.3243556 0.3594608 0.3818311 0.3235032 0.0000000 0.3613988 0.3487068 0.4092484 0.4222509 0.3252161 0.3783031 0.3232295 
Retr       0.3901305 0.4176464 0.4411245 0.4730434 0.3571863 0.3613988 0.0000000 0.3732718 0.4000208 0.4710722 0.3625842 0.2339049 0.3410583 
Beta       0.3417470 0.3629755 0.4686699 0.4458852 0.3390065 0.3487068 0.3732718 0.0000000 0.1617156 0.4479005 0.3454671 0.4463845 0.3214567 
Spol       0.4048482 0.3944997 0.4639007 0.4973502 0.3471320 0.4092484 0.4000208 0.1617156 0.0000000 0.4783613 0.3547597 0.4436822 0.3543907 
MJM1652    0.4003688 0.1805257 0.5174168 0.2677135 0.3176231 0.4222509 0.4710722 0.4479005 0.4783613 0.0000000 0.3222615 0.5026206 0.3699921 
NepSFB     0.2604552 0.2446996 0.4329075 0.3263637 0.0105314 0.3252161 0.3625842 0.3454671 0.3547597 0.3222615 0.0000000 0.3822102 0.2155755 
WPYJ       0.4036845 0.4218916 0.4860423 0.4920002 0.3838619 0.3783031 0.2339049 0.4463845 0.4436822 0.5026206 0.3822102 0.0000000 0.3748822 
MJM2940    0.1785756 0.3095135 0.4266535 0.3503628 0.2162833 0.3232295 0.3410583 0.3214567 0.3543907 0.3699921 0.2155755 0.3748822 0.0000000 
