13
DrolusSFB  0.0000000 0.2694072 0.3815790 0.2880437 0.2650923 0.3330312 0.3414720 0.3992421 0.4165842 0.2933549 0.2785388 0.4180941 0.1709533 
Dino       0.2694072 0.0000000 0.3221305 0.1982312 0.2546957 0.3220758 0.3234413 0.3457936 0.3847187 0.1229732 0.2850728 0.4214595 0.2361976 
MJM3360    0.3815790 0.3221305 0.0000000 0.3615462 0.3295187 0.2505790 0.4084478 0.4149995 0.4183329 0.3049076 0.3517807 0.4059831 0.3592258 
DrobinSFB  0.2880437 0.1982312 0.3615462 0.0000000 0.2615613 0.3003444 0.3985346 0.3907406 0.4442308 0.2321938 0.3079275 0.4449728 0.2652014 
Neam       0.2650923 0.2546957 0.3295187 0.2615613 0.0000000 0.2904014 0.3509688 0.2950683 0.3302970 0.2567061 0.0106032 0.3818431 0.1985632 
RuprSFB    0.3330312 0.3220758 0.2505790 0.3003444 0.2904014 0.0000000 0.3319232 0.3332263 0.3718848 0.3078565 0.3090716 0.3526195 0.2710180 
Retr       0.3414720 0.3234413 0.4084478 0.3985346 0.3509688 0.3319232 0.0000000 0.3431895 0.3598555 0.3130139 0.3512141 0.2002799 0.2872595 
Beta       0.3992421 0.3457936 0.4149995 0.3907406 0.2950683 0.3332263 0.3431895 0.0000000 0.1202608 0.3528270 0.3182517 0.4051760 0.3153879 
Spol       0.4165842 0.3847187 0.4183329 0.4442308 0.3302970 0.3718848 0.3598555 0.1202608 0.0000000 0.3645803 0.3625171 0.4266797 0.3551508 
MJM1652    0.2933549 0.1229732 0.3049076 0.2321938 0.2567061 0.3078565 0.3130139 0.3528270 0.3645803 0.0000000 0.2879583 0.3774074 0.2472674 
NepSFB     0.2785388 0.2850728 0.3517807 0.3079275 0.0106032 0.3090716 0.3512141 0.3182517 0.3625171 0.2879583 0.0000000 0.3941222 0.2168260 
WPYJ       0.4180941 0.4214595 0.4059831 0.4449728 0.3818431 0.3526195 0.2002799 0.4051760 0.4266797 0.3774074 0.3941222 0.0000000 0.3455087 
MJM2940    0.1709533 0.2361976 0.3592258 0.2652014 0.1985632 0.2710180 0.2872595 0.3153879 0.3551508 0.2472674 0.2168260 0.3455087 0.0000000 
