13
DrolusSFB  0.0000000 0.2954436 0.3160874 0.3540677 0.2338983 0.2964901 0.3081490 0.3731615 0.3536153 0.3352810 0.2283359 0.3560255 0.1851074 
Dino       0.2954436 0.0000000 0.2899570 0.1827100 0.2240764 0.2902695 0.3155176 0.4092290 0.3554299 0.1729457 0.2263192 0.3470765 0.2689577 
MJM3360    0.3160874 0.2899570 0.0000000 0.3477826 0.2787063 0.2227707 0.3170628 0.3536196 0.3838232 0.3267030 0.2877524 0.3626777 0.3023012 
DrobinSFB  0.3540677 0.1827100 0.3477826 0.0000000 0.3084943 0.3572567 0.3713809 0.4405866 0.3998832 0.2361984 0.3158391 0.3895915 0.3135038 
Neam       0.2338983 0.2240764 0.2787063 0.3084943 0.0000000 0.2766612 0.2460848 0.3657292 0.3589525 0.2881070 0.0186327 0.3095191 0.2100399 
RuprSFB    0.2964901 0.2902695 0.2227707 0.3572567 0.2766612 0.0000000 0.2830161 0.3533539 0.3173460 0.3020141 0.2828004 0.3494166 0.2629325 
Retr       0.3081490 0.3155176 0.3170628 0.3713809 0.2460848 0.2830161 0.0000000 0.3110070 0.3119958 0.3255778 0.2538610 0.1906443 0.2459207 
Beta       0.3731615 0.4092290 0.3536196 0.4405866 0.3657292 0.3533539 0.3110070 0.0000000 0.1215884 0.4036565 0.3589654 0.4094407 0.3267350 
Spol       0.3536153 0.3554299 0.3838232 0.3998832 0.3589525 0.3173460 0.3119958 0.1215884 0.0000000 0.3683055 0.3500293 0.3865648 0.3168606 
MJM1652    0.3352810 0.1729457 0.3267030 0.2361984 0.2881070 0.3020141 0.3255778 0.4036565 0.3683055 0.0000000 0.2930216 0.4006678 0.3394480 
NepSFB     0.2283359 0.2263192 0.2877524 0.3158391 0.0186327 0.2828004 0.2538610 0.3589654 0.3500293 0.2930216 0.0000000 0.3204962 0.2161192 
WPYJ       0.3560255 0.3470765 0.3626777 0.3895915 0.3095191 0.3494166 0.1906443 0.4094407 0.3865648 0.4006678 0.3204962 0.0000000 0.2677335 
MJM2940    0.1851074 0.2689577 0.3023012 0.3135038 0.2100399 0.2629325 0.2459207 0.3267350 0.3168606 0.3394480 0.2161192 0.2677335 0.0000000 
