13
DrolusSFB  0.0000000 0.2276770 0.2927649 0.2626090 0.1852408 0.2665384 0.1908718 0.2663684 0.2761260 0.2557330 0.2018685 0.2284241 0.1394997 
Dino       0.2276770 0.0000000 0.3252587 0.1685155 0.2112703 0.2781644 0.2201573 0.3212444 0.3360890 0.1523276 0.2082616 0.2721803 0.2079320 
MJM3360    0.2927649 0.3252587 0.0000000 0.3682660 0.2803767 0.2402889 0.2297804 0.3190104 0.3247545 0.3463435 0.3121999 0.2825919 0.2651136 
DrobinSFB  0.2626090 0.1685155 0.3682660 0.0000000 0.2487692 0.3129464 0.2404613 0.3244068 0.3477979 0.1848586 0.2588147 0.2883545 0.2446757 
Neam       0.1852408 0.2112703 0.2803767 0.2487692 0.0000000 0.2442475 0.1832051 0.2870779 0.3033935 0.2342611 0.0066327 0.2429551 0.1661401 
RuprSFB    0.2665384 0.2781644 0.2402889 0.3129464 0.2442475 0.0000000 0.2075200 0.2981140 0.2877061 0.3127146 0.2573447 0.2559927 0.2359553 
Retr       0.1908718 0.2201573 0.2297804 0.2404613 0.1832051 0.2075200 0.0000000 0.2076065 0.2001671 0.2205377 0.1789421 0.1086801 0.1628370 
Beta       0.2663684 0.3212444 0.3190104 0.3244068 0.2870779 0.2981140 0.2076065 0.0000000 0.1316678 0.3258057 0.2675590 0.2840909 0.2679935 
Spol       0.2761260 0.3360890 0.3247545 0.3477979 0.3033935 0.2877061 0.2001671 0.1316678 0.0000000 0.3510708 0.2871337 0.2841578 0.2775785 
MJM1652    0.2557330 0.1523276 0.3463435 0.1848586 0.2342611 0.3127146 0.2205377 0.3258057 0.3510708 0.0000000 0.2310339 0.2828027 0.2503598 
NepSFB     0.2018685 0.2082616 0.3121999 0.2588147 0.0066327 0.2573447 0.1789421 0.2675590 0.2871337 0.2310339 0.0000000 0.2231322 0.1720141 
WPYJ       0.2284241 0.2721803 0.2825919 0.2883545 0.2429551 0.2559927 0.1086801 0.2840909 0.2841578 0.2828027 0.2231322 0.0000000 0.2312020 
MJM2940    0.1394997 0.2079320 0.2651136 0.2446757 0.1661401 0.2359553 0.1628370 0.2679935 0.2775785 0.2503598 0.1720141 0.2312020 0.0000000 
