13
DrolusSFB  0.0000000 0.3069641 0.3717721 0.3647894 0.2932378 0.3428302 0.3695982 0.3260341 0.3363103 0.3496326 0.2951987 0.3255800 0.2087068 
Dino       0.3069641 0.0000000 0.4146439 0.2336126 0.3001095 0.3343337 0.3531956 0.4380203 0.4290434 0.1758339 0.3069570 0.3456121 0.2620469 
MJM3360    0.3717721 0.4146439 0.0000000 0.4058555 0.3646643 0.2822705 0.3777935 0.3630967 0.3550786 0.4022465 0.3654366 0.4144881 0.3333904 
DrobinSFB  0.3647894 0.2336126 0.4058555 0.0000000 0.3679564 0.3684717 0.3691260 0.4578405 0.4499124 0.2822701 0.3776591 0.4096295 0.3324691 
Neam       0.2932378 0.3001095 0.3646643 0.3679564 0.0000000 0.3041666 0.3498738 0.3847332 0.3607082 0.3687328 0.0133487 0.3556835 0.2066666 
RuprSFB    0.3428302 0.3343337 0.2822705 0.3684717 0.3041666 0.0000000 0.3541955 0.3442209 0.3469364 0.3661625 0.3086842 0.3542428 0.2804099 
Retr       0.3695982 0.3531956 0.3777935 0.3691260 0.3498738 0.3541955 0.0000000 0.3806803 0.3776546 0.4098617 0.3603718 0.2331065 0.3293433 
Beta       0.3260341 0.4380203 0.3630967 0.4578405 0.3847332 0.3442209 0.3806803 0.0000000 0.1482653 0.4638486 0.3938163 0.4413641 0.3429159 
Spol       0.3363103 0.4290434 0.3550786 0.4499124 0.3607082 0.3469364 0.3776546 0.1482653 0.0000000 0.4640810 0.3637409 0.4541243 0.3221918 
MJM1652    0.3496326 0.1758339 0.4022465 0.2822701 0.3687328 0.3661625 0.4098617 0.4638486 0.4640810 0.0000000 0.3716425 0.4341057 0.2916179 
NepSFB     0.2951987 0.3069570 0.3654366 0.3776591 0.0133487 0.3086842 0.3603718 0.3938163 0.3637409 0.3716425 0.0000000 0.3547302 0.2094987 
WPYJ       0.3255800 0.3456121 0.4144881 0.4096295 0.3556835 0.3542428 0.2331065 0.4413641 0.4541243 0.4341057 0.3547302 0.0000000 0.3420187 
MJM2940    0.2087068 0.2620469 0.3333904 0.3324691 0.2066666 0.2804099 0.3293433 0.3429159 0.3221918 0.2916179 0.2094987 0.3420187 0.0000000 
