13
DrolusSFB  0.0000000 0.2691065 0.3752859 0.3496164 0.2451949 0.3790950 0.3632211 0.3654914 0.3656439 0.2929867 0.2364328 0.3807396 0.1669075 
Dino       0.2691065 0.0000000 0.3875624 0.2341869 0.2538186 0.3853911 0.3048796 0.3697456 0.3765524 0.1240032 0.2508193 0.3551615 0.2178958 
MJM3360    0.3752859 0.3875624 0.0000000 0.4861382 0.3494428 0.3128695 0.3770444 0.4544078 0.4265920 0.4170028 0.3354410 0.4623906 0.3474846 
DrobinSFB  0.3496164 0.2341869 0.4861382 0.0000000 0.3217296 0.4596390 0.3608626 0.4295310 0.4090585 0.2446947 0.3204837 0.4099972 0.3013212 
Neam       0.2451949 0.2538186 0.3494428 0.3217296 0.0000000 0.3081687 0.3187043 0.3311923 0.3266526 0.2813367 0.0102910 0.3451718 0.2007053 
RuprSFB    0.3790950 0.3853911 0.3128695 0.4596390 0.3081687 0.0000000 0.3860665 0.4345961 0.3917551 0.3726171 0.3027198 0.4585439 0.3318506 
Retr       0.3632211 0.3048796 0.3770444 0.3608626 0.3187043 0.3860665 0.0000000 0.4603206 0.4476204 0.3436315 0.3160000 0.1527549 0.3256962 
Beta       0.3654914 0.3697456 0.4544078 0.4295310 0.3311923 0.4345961 0.4603206 0.0000000 0.1571245 0.4230199 0.3296862 0.4289624 0.3059280 
Spol       0.3656439 0.3765524 0.4265920 0.4090585 0.3266526 0.3917551 0.4476204 0.1571245 0.0000000 0.4058134 0.3215243 0.4362101 0.3195967 
MJM1652    0.2929867 0.1240032 0.4170028 0.2446947 0.2813367 0.3726171 0.3436315 0.4230199 0.4058134 0.0000000 0.2765110 0.4015567 0.2496961 
NepSFB     0.2364328 0.2508193 0.3354410 0.3204837 0.0102910 0.3027198 0.3160000 0.3296862 0.3215243 0.2765110 0.0000000 0.3460048 0.1912473 
WPYJ       0.3807396 0.3551615 0.4623906 0.4099972 0.3451718 0.4585439 0.1527549 0.4289624 0.4362101 0.4015567 0.3460048 0.0000000 0.3241866 
MJM2940    0.1669075 0.2178958 0.3474846 0.3013212 0.2007053 0.3318506 0.3256962 0.3059280 0.3195967 0.2496961 0.1912473 0.3241866 0.0000000 
