13
DrolusSFB  0.0000000 0.2651882 0.3803559 0.2953221 0.1921497 0.2638299 0.3027492 0.3357888 0.3949771 0.2919547 0.1917692 0.3806645 0.1590730 
Dino       0.2651882 0.0000000 0.4690993 0.2396416 0.2349312 0.3343963 0.3418235 0.3475953 0.4536203 0.1620967 0.2348682 0.4714740 0.2363776 
MJM3360    0.3803559 0.4690993 0.0000000 0.4866719 0.3406507 0.3745096 0.4454706 0.4837628 0.5678962 0.4532147 0.3338020 0.5475638 0.4017926 
DrobinSFB  0.2953221 0.2396416 0.4866719 0.0000000 0.2803147 0.3898322 0.3851642 0.4371111 0.5965641 0.2494938 0.2802326 0.4659359 0.3094588 
Neam       0.1921497 0.2349312 0.3406507 0.2803147 0.0000000 0.2664642 0.2495138 0.2908727 0.3368611 0.2394299 0.0030689 0.3718089 0.1650730 
RuprSFB    0.2638299 0.3343963 0.3745096 0.3898322 0.2664642 0.0000000 0.3287610 0.3549802 0.4505096 0.3569616 0.2717308 0.4282459 0.2996631 
Retr       0.3027492 0.3418235 0.4454706 0.3851642 0.2495138 0.3287610 0.0000000 0.4063025 0.5405084 0.3687769 0.2489758 0.2752892 0.3110891 
Beta       0.3357888 0.3475953 0.4837628 0.4371111 0.2908727 0.3549802 0.4063025 0.0000000 0.2275771 0.4287963 0.2907828 0.4931870 0.3403720 
Spol       0.3949771 0.4536203 0.5678962 0.5965641 0.3368611 0.4505096 0.5405084 0.2275771 0.0000000 0.4726884 0.3367480 0.6204924 0.4205884 
MJM1652    0.2919547 0.1620967 0.4532147 0.2494938 0.2394299 0.3569616 0.3687769 0.4287963 0.4726884 0.0000000 0.2393658 0.4819426 0.2898681 
NepSFB     0.1917692 0.2348682 0.3338020 0.2802326 0.0030689 0.2717308 0.2489758 0.2907828 0.3367480 0.2393658 0.0000000 0.3716794 0.1647530 
WPYJ       0.3806645 0.4714740 0.5475638 0.4659359 0.3718089 0.4282459 0.2752892 0.4931870 0.6204924 0.4819426 0.3716794 0.0000000 0.3874904 
MJM2940    0.1590730 0.2363776 0.4017926 0.3094588 0.1650730 0.2996631 0.3110891 0.3403720 0.4205884 0.2898681 0.1647530 0.3874904 0.0000000 
