13
DrolusSFB  0.0000000 0.2269011 0.3302938 0.2746658 0.2320296 0.3871237 0.2705888 0.3641095 0.3440611 0.2891725 0.2394265 0.3189272 0.1582402 
Dino       0.2269011 0.0000000 0.3466178 0.1823670 0.1835598 0.3461093 0.2802077 0.3134555 0.2989192 0.1385494 0.1887646 0.3133425 0.1799262 
MJM3360    0.3302938 0.3466178 0.0000000 0.3623054 0.3064728 0.3651677 0.3228294 0.3964707 0.3738381 0.3884582 0.3192007 0.3435848 0.3096742 
DrobinSFB  0.2746658 0.1823670 0.3623054 0.0000000 0.2291091 0.3745226 0.3090024 0.3593345 0.3508760 0.2429929 0.2356746 0.3481637 0.2464727 
Neam       0.2320296 0.1835598 0.3064728 0.2291091 0.0000000 0.3205105 0.2590676 0.3535082 0.3435950 0.2545543 0.0129510 0.2910836 0.1756039 
RuprSFB    0.3871237 0.3461093 0.3651677 0.3745226 0.3205105 0.0000000 0.3437596 0.4262219 0.4008346 0.4030485 0.3213264 0.3863938 0.3180812 
Retr       0.2705888 0.2802077 0.3228294 0.3090024 0.2590676 0.3437596 0.0000000 0.3355453 0.3068676 0.3405476 0.2667190 0.1699372 0.2427079 
Beta       0.3641095 0.3134555 0.3964707 0.3593345 0.3535082 0.4262219 0.3355453 0.0000000 0.1480519 0.3899820 0.3619417 0.3715192 0.3223815 
Spol       0.3440611 0.2989192 0.3738381 0.3508760 0.3435950 0.4008346 0.3068676 0.1480519 0.0000000 0.3609639 0.3496364 0.3434235 0.3158605 
MJM1652    0.2891725 0.1385494 0.3884582 0.2429929 0.2545543 0.4030485 0.3405476 0.3899820 0.3609639 0.0000000 0.2665065 0.3620777 0.2444787 
NepSFB     0.2394265 0.1887646 0.3192007 0.2356746 0.0129510 0.3213264 0.2667190 0.3619417 0.3496364 0.2665065 0.0000000 0.2898881 0.1801401 
WPYJ       0.3189272 0.3133425 0.3435848 0.3481637 0.2910836 0.3863938 0.1699372 0.3715192 0.3434235 0.3620777 0.2898881 0.0000000 0.2960235 
MJM2940    0.1582402 0.1799262 0.3096742 0.2464727 0.1756039 0.3180812 0.2427079 0.3223815 0.3158605 0.2444787 0.1801401 0.2960235 0.0000000 
