13
DrolusSFB  0.0000000 0.3213272 0.3897587 0.3101604 0.2156193 0.2966368 0.3531159 0.3627359 0.3698375 0.3372085 0.2245523 0.3794320 0.1516205 
Dino       0.3213272 0.0000000 0.4425501 0.2012522 0.2634900 0.3503213 0.4162533 0.4071282 0.4139613 0.1690224 0.2595569 0.4816657 0.2568506 
MJM3360    0.3897587 0.4425501 0.0000000 0.4496942 0.3715414 0.2374342 0.3794799 0.4284091 0.4258497 0.4382940 0.3750677 0.4447219 0.3462742 
DrobinSFB  0.3101604 0.2012522 0.4496942 0.0000000 0.2797449 0.3674347 0.4604354 0.4283293 0.4462804 0.2176577 0.2820075 0.5262341 0.2533702 
Neam       0.2156193 0.2634900 0.3715414 0.2797449 0.0000000 0.2610728 0.3553073 0.3791237 0.3990298 0.2711445 0.0083097 0.3954966 0.1708441 
RuprSFB    0.2966368 0.3503213 0.2374342 0.3674347 0.2610728 0.0000000 0.3175311 0.4030917 0.3817103 0.3812557 0.2676976 0.3744476 0.2797473 
Retr       0.3531159 0.4162533 0.3794799 0.4604354 0.3553073 0.3175311 0.0000000 0.4355757 0.3638005 0.4129356 0.3515736 0.1856301 0.3212431 
Beta       0.3627359 0.4071282 0.4284091 0.4283293 0.3791237 0.4030917 0.4355757 0.0000000 0.1889234 0.4626178 0.3784526 0.4793123 0.3400642 
Spol       0.3698375 0.4139613 0.4258497 0.4462804 0.3990298 0.3817103 0.3638005 0.1889234 0.0000000 0.4659067 0.3911939 0.4113324 0.3603227 
MJM1652    0.3372085 0.1690224 0.4382940 0.2176577 0.2711445 0.3812557 0.4129356 0.4626178 0.4659067 0.0000000 0.2744417 0.4283526 0.2719942 
NepSFB     0.2245523 0.2595569 0.3750677 0.2820075 0.0083097 0.2676976 0.3515736 0.3784526 0.3911939 0.2744417 0.0000000 0.3987933 0.1748302 
WPYJ       0.3794320 0.4816657 0.4447219 0.5262341 0.3954966 0.3744476 0.1856301 0.4793123 0.4113324 0.4283526 0.3987933 0.0000000 0.3726708 
MJM2940    0.1516205 0.2568506 0.3462742 0.2533702 0.1708441 0.2797473 0.3212431 0.3400642 0.3603227 0.2719942 0.1748302 0.3726708 0.0000000 
