13
DrolusSFB  0.0000000 0.2843432 0.3972265 0.2970868 0.2513297 0.2626974 0.3156369 0.3533581 0.3762920 0.2854143 0.2488674 0.3317564 0.1652494 
Dino       0.2843432 0.0000000 0.4331579 0.1675882 0.2378189 0.2926430 0.3564918 0.3913609 0.3769366 0.1476623 0.2395454 0.3553218 0.2278186 
MJM3360    0.3972265 0.4331579 0.0000000 0.4494210 0.3922370 0.3018207 0.4030203 0.4137777 0.4276660 0.4477640 0.3963097 0.4320806 0.3507112 
DrobinSFB  0.2970868 0.1675882 0.4494210 0.0000000 0.2675241 0.3331780 0.3548882 0.3698697 0.3708630 0.2055045 0.2646921 0.3694367 0.2442695 
Neam       0.2513297 0.2378189 0.3922370 0.2675241 0.0000000 0.2636714 0.3048593 0.3505639 0.3647583 0.2441384 0.0099473 0.3412473 0.1799619 
RuprSFB    0.2626974 0.2926430 0.3018207 0.3331780 0.2636714 0.0000000 0.3443056 0.3089827 0.3327571 0.3175611 0.2627658 0.3619803 0.2309211 
Retr       0.3156369 0.3564918 0.4030203 0.3548882 0.3048593 0.3443056 0.0000000 0.3335932 0.3365670 0.3438706 0.3093938 0.1904511 0.2871189 
Beta       0.3533581 0.3913609 0.4137777 0.3698697 0.3505639 0.3089827 0.3335932 0.0000000 0.1604676 0.3976058 0.3580408 0.3742467 0.3399727 
Spol       0.3762920 0.3769366 0.4276660 0.3708630 0.3647583 0.3327571 0.3365670 0.1604676 0.0000000 0.4045846 0.3627425 0.3620130 0.3276995 
MJM1652    0.2854143 0.1476623 0.4477640 0.2055045 0.2441384 0.3175611 0.3438706 0.3976058 0.4045846 0.0000000 0.2490320 0.3573124 0.2334974 
NepSFB     0.2488674 0.2395454 0.3963097 0.2646921 0.0099473 0.2627658 0.3093938 0.3580408 0.3627425 0.2490320 0.0000000 0.3491019 0.1800108 
WPYJ       0.3317564 0.3553218 0.4320806 0.3694367 0.3412473 0.3619803 0.1904511 0.3742467 0.3620130 0.3573124 0.3491019 0.0000000 0.3073872 
MJM2940    0.1652494 0.2278186 0.3507112 0.2442695 0.1799619 0.2309211 0.2871189 0.3399727 0.3276995 0.2334974 0.1800108 0.3073872 0.0000000 
