13
DrolusSFB  0.0000000 0.3005727 0.3549097 0.3337239 0.2469040 0.3364458 0.3283793 0.3774836 0.4009908 0.3278071 0.2532819 0.3879736 0.1880620 
Dino       0.3005727 0.0000000 0.3627797 0.1766874 0.2213150 0.3168725 0.3111607 0.3692461 0.3725453 0.1373560 0.2322206 0.3952919 0.2310654 
MJM3360    0.3549097 0.3627797 0.0000000 0.3917021 0.3341200 0.2538163 0.3131351 0.4168454 0.4327940 0.3779170 0.3466237 0.3859009 0.3234648 
DrobinSFB  0.3337239 0.1766874 0.3917021 0.0000000 0.2660829 0.3572711 0.3562428 0.3772699 0.3984301 0.2235330 0.2762289 0.4204324 0.2713594 
Neam       0.2469040 0.2213150 0.3341200 0.2660829 0.0000000 0.2932517 0.2694795 0.3517279 0.3513303 0.2382268 0.0159674 0.3430827 0.1720391 
RuprSFB    0.3364458 0.3168725 0.2538163 0.3572711 0.2932517 0.0000000 0.2856979 0.3876420 0.3972069 0.3367727 0.3036431 0.3662547 0.3113561 
Retr       0.3283793 0.3111607 0.3131351 0.3562428 0.2694795 0.2856979 0.0000000 0.3856198 0.4036778 0.3488269 0.2757044 0.1868589 0.2797826 
Beta       0.3774836 0.3692461 0.4168454 0.3772699 0.3517279 0.3876420 0.3856198 0.0000000 0.1303912 0.3933804 0.3561093 0.4642955 0.3192558 
Spol       0.4009908 0.3725453 0.4327940 0.3984301 0.3513303 0.3972069 0.4036778 0.1303912 0.0000000 0.3985763 0.3562454 0.4669663 0.3404457 
MJM1652    0.3278071 0.1373560 0.3779170 0.2235330 0.2382268 0.3367727 0.3488269 0.3933804 0.3985763 0.0000000 0.2521385 0.4244753 0.2559554 
NepSFB     0.2532819 0.2322206 0.3466237 0.2762289 0.0159674 0.3036431 0.2757044 0.3561093 0.3562454 0.2521385 0.0000000 0.3412733 0.1771484 
WPYJ       0.3879736 0.3952919 0.3859009 0.4204324 0.3430827 0.3662547 0.1868589 0.4642955 0.4669663 0.4244753 0.3412733 0.0000000 0.3573485 
MJM2940    0.1880620 0.2310654 0.3234648 0.2713594 0.1720391 0.3113561 0.2797826 0.3192558 0.3404457 0.2559554 0.1771484 0.3573485 0.0000000 
