13
DrolusSFB  0.0000000 0.4077021 0.5222440 0.4181473 0.2446137 0.4494262 0.4435212 0.4694408 0.4873544 0.3643411 0.3387369 0.3961813 0.2264941 
Dino       0.4077021 0.0000000 0.4995979 0.2352262 0.2938353 0.5108835 0.4419200 0.4931039 0.5023263 0.1830224 0.3474244 0.4158411 0.3615593 
MJM3360    0.5222440 0.4995979 0.0000000 0.5376359 0.3435706 0.3560288 0.4765792 0.4712486 0.5189195 0.4133749 0.4385769 0.4425019 0.4909706 
DrobinSFB  0.4181473 0.2352262 0.5376359 0.0000000 0.2945186 0.5264494 0.4877662 0.5334828 0.5396532 0.2312131 0.3704361 0.4669431 0.3732629 
Neam       0.2446137 0.2938353 0.3435706 0.2945186 0.0000000 0.3251896 0.3018835 0.3630880 0.3685845 0.3302763 0.0064332 0.3448735 0.2050199 
RuprSFB    0.4494262 0.5108835 0.3560288 0.5264494 0.3251896 0.0000000 0.4422075 0.4673499 0.4769383 0.3843773 0.4136327 0.4166148 0.3955342 
Retr       0.4435212 0.4419200 0.4765792 0.4877662 0.3018835 0.4422075 0.0000000 0.4171066 0.4309781 0.3731848 0.3713808 0.2337057 0.3834852 
Beta       0.4694408 0.4931039 0.4712486 0.5334828 0.3630880 0.4673499 0.4171066 0.0000000 0.1501623 0.4317658 0.4021940 0.4311172 0.4233426 
Spol       0.4873544 0.5023263 0.5189195 0.5396532 0.3685845 0.4769383 0.4309781 0.1501623 0.0000000 0.4025591 0.4376569 0.4543966 0.4210883 
MJM1652    0.3643411 0.1830224 0.4133749 0.2312131 0.3302763 0.3843773 0.3731848 0.4317658 0.4025591 0.0000000 0.3321047 0.4510559 0.3067335 
NepSFB     0.3387369 0.3474244 0.4385769 0.3704361 0.0064332 0.4136327 0.3713808 0.4021940 0.4376569 0.3321047 0.0000000 0.3435415 0.2708499 
WPYJ       0.3961813 0.4158411 0.4425019 0.4669431 0.3448735 0.4166148 0.2337057 0.4311172 0.4543966 0.4510559 0.3435415 0.0000000 0.3671215 
MJM2940    0.2264941 0.3615593 0.4909706 0.3732629 0.2050199 0.3955342 0.3834852 0.4233426 0.4210883 0.3067335 0.2708499 0.3671215 0.0000000 
