13
DrolusSFB  0.0000000 0.3639853 0.3728027 0.3338149 0.3233963 0.3175524 0.3051273 0.3406694 0.3728372 0.4351292 0.3201205 0.3280517 0.2118383 
Dino       0.3639853 0.0000000 0.3608754 0.2107730 0.3343744 0.3280810 0.3195271 0.3382524 0.3791162 0.2260073 0.3282885 0.3544935 0.3233103 
MJM3360    0.3728027 0.3608754 0.0000000 0.4038136 0.3116878 0.2965105 0.3342507 0.3776699 0.4629829 0.4105633 0.3027907 0.3649333 0.3158321 
DrobinSFB  0.3338149 0.2107730 0.4038136 0.0000000 0.3096899 0.3526335 0.3488198 0.3852230 0.4381994 0.2557196 0.3009007 0.3620575 0.3142319 
Neam       0.3233963 0.3343744 0.3116878 0.3096899 0.0000000 0.2587045 0.2446797 0.3388932 0.3635595 0.4032129 0.0159282 0.3164279 0.2262097 
RuprSFB    0.3175524 0.3280810 0.2965105 0.3526335 0.2587045 0.0000000 0.2840152 0.3231045 0.3716243 0.4019297 0.2579705 0.3227509 0.2359210 
Retr       0.3051273 0.3195271 0.3342507 0.3488198 0.2446797 0.2840152 0.0000000 0.3116551 0.3569651 0.3458570 0.2440606 0.1822964 0.2176618 
Beta       0.3406694 0.3382524 0.3776699 0.3852230 0.3388932 0.3231045 0.3116551 0.0000000 0.1445311 0.4151331 0.3301105 0.3763713 0.3370429 
Spol       0.3728372 0.3791162 0.4629829 0.4381994 0.3635595 0.3716243 0.3569651 0.1445311 0.0000000 0.4555363 0.3616190 0.4339063 0.3900305 
MJM1652    0.4351292 0.2260073 0.4105633 0.2557196 0.4032129 0.4019297 0.3458570 0.4151331 0.4555363 0.0000000 0.4041455 0.3985720 0.3936661 
NepSFB     0.3201205 0.3282885 0.3027907 0.3009007 0.0159282 0.2579705 0.2440606 0.3301105 0.3616190 0.4041455 0.0000000 0.3110165 0.2272370 
WPYJ       0.3280517 0.3544935 0.3649333 0.3620575 0.3164279 0.3227509 0.1822964 0.3763713 0.4339063 0.3985720 0.3110165 0.0000000 0.2875548 
MJM2940    0.2118383 0.3233103 0.3158321 0.3142319 0.2262097 0.2359210 0.2176618 0.3370429 0.3900305 0.3936661 0.2272370 0.2875548 0.0000000 
