13
DrolusSFB  0.0000000 0.2487532 0.2812805 0.2586754 0.1756234 0.2695307 0.3063608 0.2874188 0.2872369 0.2730686 0.1776211 0.3503666 0.1381660 
Dino       0.2487532 0.0000000 0.3148810 0.1805168 0.1967036 0.3152235 0.3664712 0.3329042 0.3474250 0.1418575 0.2025613 0.3249648 0.2313379 
MJM3360    0.2812805 0.3148810 0.0000000 0.4035882 0.3170752 0.2729527 0.4909112 0.3847446 0.3706743 0.4007494 0.3220712 9.0000000 0.3210643 
DrobinSFB  0.2586754 0.1805168 0.4035882 0.0000000 0.2589958 0.3757897 0.3600067 0.3867605 0.3886459 0.2299211 0.2523784 0.3658126 0.2610344 
Neam       0.1756234 0.1967036 0.3170752 0.2589958 0.0000000 0.2845899 0.2923274 0.3136379 0.3154046 0.2596037 0.0091013 0.2824708 0.1600918 
RuprSFB    0.2695307 0.3152235 0.2729527 0.3757897 0.2845899 0.0000000 0.3383688 0.3556120 0.3666335 0.3741562 0.2812134 0.3450931 0.2971179 
Retr       0.3063608 0.3664712 0.4909112 0.3600067 0.2923274 0.3383688 0.0000000 0.3577989 0.3742926 0.3589120 0.2627742 0.1676856 0.2673407 
Beta       0.2874188 0.3329042 0.3847446 0.3867605 0.3136379 0.3556120 0.3577989 0.0000000 0.1064221 0.3893412 0.3021791 0.3167702 0.3011940 
Spol       0.2872369 0.3474250 0.3706743 0.3886459 0.3154046 0.3666335 0.3742926 0.1064221 0.0000000 0.3861193 0.3034152 0.3447273 0.3018833 
MJM1652    0.2730686 0.1418575 0.4007494 0.2299211 0.2596037 0.3741562 0.3589120 0.3893412 0.3861193 0.0000000 0.2573156 0.3725135 0.2678105 
NepSFB     0.1776211 0.2025613 0.3220712 0.2523784 0.0091013 0.2812134 0.2627742 0.3021791 0.3034152 0.2573156 0.0000000 0.2890207 0.1591434 
WPYJ       0.3503666 0.3249648 9.0000000 0.3658126 0.2824708 0.3450931 0.1676856 0.3167702 0.3447273 0.3725135 0.2890207 0.0000000 0.3025610 
MJM2940    0.1381660 0.2313379 0.3210643 0.2610344 0.1600918 0.2971179 0.2673407 0.3011940 0.3018833 0.2678105 0.1591434 0.3025610 0.0000000 
