13
DrolusSFB  0.0000000 0.2882118 0.3820791 0.3236653 0.2640263 0.3592040 0.3375490 0.3718525 0.3694890 0.3228936 0.2635055 0.3511208 0.1731813 
Dino       0.2882118 0.0000000 0.3935591 0.2020492 0.2554693 0.3695774 0.3302861 0.3753647 0.3912727 0.1373490 0.2569042 0.4069899 0.2381408 
MJM3360    0.3820791 0.3935591 0.0000000 0.4462943 0.3672552 0.3321095 0.3768806 0.4239619 0.4371337 0.4186962 0.3448471 0.4227211 0.3625905 
DrobinSFB  0.3236653 0.2020492 0.4462943 0.0000000 0.2994663 0.4847757 0.3637527 0.4886420 0.4911875 0.2395001 0.2789095 0.4332048 0.3241590 
Neam       0.2640263 0.2554693 0.3672552 0.2994663 0.0000000 0.3350311 0.3197505 0.3551349 0.3610901 0.2793133 0.0099881 0.3949920 0.1965697 
RuprSFB    0.3592040 0.3695774 0.3321095 0.4847757 0.3350311 0.0000000 0.3411936 0.4599170 0.4702297 0.3988523 0.3163082 0.3715269 0.3776524 
Retr       0.3375490 0.3302861 0.3768806 0.3637527 0.3197505 0.3411936 0.0000000 0.3542196 0.3529605 0.3409650 0.3239178 0.2150791 0.2773859 
Beta       0.3718525 0.3753647 0.4239619 0.4886420 0.3551349 0.4599170 0.3542196 0.0000000 0.1443357 0.4005164 0.3359143 0.3843419 0.3899315 
Spol       0.3694890 0.3912727 0.4371337 0.4911875 0.3610901 0.4702297 0.3529605 0.1443357 0.0000000 0.4274709 0.3488772 0.3813986 0.4012886 
MJM1652    0.3228936 0.1373490 0.4186962 0.2395001 0.2793133 0.3988523 0.3409650 0.4005164 0.4274709 0.0000000 0.2796125 0.3861157 0.2653406 
NepSFB     0.2635055 0.2569042 0.3448471 0.2789095 0.0099881 0.3163082 0.3239178 0.3359143 0.3488772 0.2796125 0.0000000 0.3968136 0.1804179 
WPYJ       0.3511208 0.4069899 0.4227211 0.4332048 0.3949920 0.3715269 0.2150791 0.3843419 0.3813986 0.3861157 0.3968136 0.0000000 0.2800943 
MJM2940    0.1731813 0.2381408 0.3625905 0.3241590 0.1965697 0.3776524 0.2773859 0.3899315 0.4012886 0.2653406 0.1804179 0.2800943 0.0000000 
