13
DrolusSFB  0.0000000 0.2742460 0.3451349 0.2891532 0.2324805 0.2649676 0.3764360 0.3941460 0.3476995 0.2860239 0.2325263 0.4180389 0.1843731 
Dino       0.2742460 0.0000000 0.3061920 0.1737338 0.2105025 0.2623954 0.3873746 0.3881631 0.3231233 0.1370573 0.2066810 0.4058693 0.2027190 
MJM3360    0.3451349 0.3061920 0.0000000 0.3268185 0.2898034 0.2905467 0.3710082 0.3384337 0.3432904 0.3220500 0.2859068 0.3618014 0.2935795 
DrobinSFB  0.2891532 0.1737338 0.3268185 0.0000000 0.2413569 0.2860125 0.3814831 0.3564629 0.3331548 0.1802761 0.2414370 0.3917380 0.2132642 
Neam       0.2324805 0.2105025 0.2898034 0.2413569 0.0000000 0.2313495 0.3422003 0.2805256 0.2619922 0.2335865 0.0150790 0.3247013 0.1840130 
RuprSFB    0.2649676 0.2623954 0.2905467 0.2860125 0.2313495 0.0000000 0.2915311 0.2639668 0.2563180 0.2688932 0.2286161 0.2758457 0.2458568 
Retr       0.3764360 0.3873746 0.3710082 0.3814831 0.3422003 0.2915311 0.0000000 0.3707946 0.3980958 0.3536387 0.3438988 0.2093457 0.3364209 
Beta       0.3941460 0.3881631 0.3384337 0.3564629 0.2805256 0.2639668 0.3707946 0.0000000 0.1554644 0.3365635 0.2852119 0.3731293 0.3123391 
Spol       0.3476995 0.3231233 0.3432904 0.3331548 0.2619922 0.2563180 0.3980958 0.1554644 0.0000000 0.3157971 0.2563394 0.3640018 0.3025828 
MJM1652    0.2860239 0.1370573 0.3220500 0.1802761 0.2335865 0.2688932 0.3536387 0.3365635 0.3157971 0.0000000 0.2360824 0.3370989 0.2111540 
NepSFB     0.2325263 0.2066810 0.2859068 0.2414370 0.0150790 0.2286161 0.3438988 0.2852119 0.2563394 0.2360824 0.0000000 0.3259357 0.1818815 
WPYJ       0.4180389 0.4058693 0.3618014 0.3917380 0.3247013 0.2758457 0.2093457 0.3731293 0.3640018 0.3370989 0.3259357 0.0000000 0.3525849 
MJM2940    0.1843731 0.2027190 0.2935795 0.2132642 0.1840130 0.2458568 0.3364209 0.3123391 0.3025828 0.2111540 0.1818815 0.3525849 0.0000000 
