13
DrolusSFB  0.0000000 0.2795083 0.2906057 0.3238829 0.2712972 0.2601371 0.3458994 0.4039984 0.3916124 0.3133830 0.2852853 0.3041377 0.1904885 
Dino       0.2795083 0.0000000 0.2826747 0.0957196 0.2061640 0.2429765 0.3258235 0.3474811 0.3206560 0.1303541 0.2101299 0.3529524 0.2338547 
MJM3360    0.2906057 0.2826747 0.0000000 0.3276061 0.2629731 0.1939574 0.3353276 0.3048000 0.3240258 0.3476838 0.2630916 0.3340050 0.2532764 
DrobinSFB  0.3238829 0.0957196 0.3276061 0.0000000 0.2464264 0.2840423 0.3452077 0.4068613 0.3632684 0.1187908 0.2464597 0.3712984 0.2851402 
Neam       0.2712972 0.2061640 0.2629731 0.2464264 0.0000000 0.2239434 0.2973863 0.3429030 0.3239465 0.2374180 0.0131193 0.3162041 0.2059642 
RuprSFB    0.2601371 0.2429765 0.1939574 0.2840423 0.2239434 0.0000000 0.2707354 0.3145718 0.3157772 0.2919491 0.2270202 0.2574905 0.2318555 
Retr       0.3458994 0.3258235 0.3353276 0.3452077 0.2973863 0.2707354 0.0000000 0.3923475 0.4128013 0.3196306 0.3101776 0.1879203 0.3292533 
Beta       0.4039984 0.3474811 0.3048000 0.4068613 0.3429030 0.3145718 0.3923475 0.0000000 0.1303101 0.4296311 0.3491304 0.3822194 0.3402429 
Spol       0.3916124 0.3206560 0.3240258 0.3632684 0.3239465 0.3157772 0.4128013 0.1303101 0.0000000 0.4073282 0.3193911 0.3826324 0.3019415 
MJM1652    0.3133830 0.1303541 0.3476838 0.1187908 0.2374180 0.2919491 0.3196306 0.4296311 0.4073282 0.0000000 0.2421543 0.3640614 0.3107101 
NepSFB     0.2852853 0.2101299 0.2630916 0.2464597 0.0131193 0.2270202 0.3101776 0.3491304 0.3193911 0.2421543 0.0000000 0.3243879 0.2141837 
WPYJ       0.3041377 0.3529524 0.3340050 0.3712984 0.3162041 0.2574905 0.1879203 0.3822194 0.3826324 0.3640614 0.3243879 0.0000000 0.3410907 
MJM2940    0.1904885 0.2338547 0.2532764 0.2851402 0.2059642 0.2318555 0.3292533 0.3402429 0.3019415 0.3107101 0.2141837 0.3410907 0.0000000 
