13
DrolusSFB  0.0000000 0.3817821 0.4510704 0.4210036 0.2984197 0.3810667 0.3733922 0.4498614 0.4569112 0.4197715 0.2968330 0.3142377 0.2324180 
Dino       0.3817821 0.0000000 0.4942852 0.2034856 0.3149121 0.3971623 0.4211779 0.4991041 0.5238158 0.1731322 0.3168605 0.3413740 0.3457820 
MJM3360    0.4510704 0.4942852 0.0000000 0.5299844 0.3916937 0.3581121 0.4623959 0.4874706 0.5125965 0.4991532 0.3852692 0.4050067 0.4067458 
DrobinSFB  0.4210036 0.2034856 0.5299844 0.0000000 0.3413906 0.4484233 0.4550573 0.5203381 0.5099056 0.2426882 0.3459489 0.3775120 0.3555234 
Neam       0.2984197 0.3149121 0.3916937 0.3413906 0.0000000 0.3611623 0.3588393 0.4142817 0.4368546 0.3515540 0.0146028 0.3160462 0.2411616 
RuprSFB    0.3810667 0.3971623 0.3581121 0.4484233 0.3611623 0.0000000 0.3860154 0.3880110 0.4234901 0.4310384 0.3576418 0.3100724 0.3382556 
Retr       0.3733922 0.4211779 0.4623959 0.4550573 0.3588393 0.3860154 0.0000000 0.3779651 0.3963942 0.4879397 0.3569231 0.1869272 0.3420743 
Beta       0.4498614 0.4991041 0.4874706 0.5203381 0.4142817 0.3880110 0.3779651 0.0000000 0.1661779 0.5240692 0.4143588 0.3438985 0.4088325 
Spol       0.4569112 0.5238158 0.5125965 0.5099056 0.4368546 0.4234901 0.3963942 0.1661779 0.0000000 0.5544800 0.4354510 0.3523479 0.4297765 
MJM1652    0.4197715 0.1731322 0.4991532 0.2426882 0.3515540 0.4310384 0.4879397 0.5240692 0.5544800 0.0000000 0.3506578 0.3778982 0.3691120 
NepSFB     0.2968330 0.3168605 0.3852692 0.3459489 0.0146028 0.3576418 0.3569231 0.4143588 0.4354510 0.3506578 0.0000000 0.3030406 0.2415443 
WPYJ       0.3142377 0.3413740 0.4050067 0.3775120 0.3160462 0.3100724 0.1869272 0.3438985 0.3523479 0.3778982 0.3030406 0.0000000 0.2852518 
MJM2940    0.2324180 0.3457820 0.4067458 0.3555234 0.2411616 0.3382556 0.3420743 0.4088325 0.4297765 0.3691120 0.2415443 0.2852518 0.0000000 
