13
DrolusSFB  0.0000000 0.3621042 0.3594307 0.3772389 0.2783019 0.3464853 0.3849826 0.3405919 0.3166667 0.3730668 0.2739991 0.4128722 0.1932742 
Dino       0.3621042 0.0000000 0.4119194 0.1844065 0.2390320 0.3483977 0.3738558 0.3056079 0.3472760 0.1517655 0.2393549 0.4021497 0.2579514 
MJM3360    0.3594307 0.4119194 0.0000000 0.4047993 0.3795325 0.2507151 0.3482784 0.3250012 0.3511657 0.4123447 0.3852558 0.3477536 0.3524894 
DrobinSFB  0.3772389 0.1844065 0.4047993 0.0000000 0.3176450 0.3829225 0.4846582 0.3589802 0.4160468 0.2603007 0.3235077 0.5110094 0.3441576 
Neam       0.2783019 0.2390320 0.3795325 0.3176450 0.0000000 0.3092476 0.3507100 0.3136689 0.3227703 0.2882583 0.0077501 0.3996617 0.2210318 
RuprSFB    0.3464853 0.3483977 0.2507151 0.3829225 0.3092476 0.0000000 0.2862841 0.3198464 0.3039153 0.3580990 0.3117494 0.3183715 0.2747451 
Retr       0.3849826 0.3738558 0.3482784 0.4846582 0.3507100 0.2862841 0.0000000 0.3109864 0.3450820 0.3976308 0.3464633 0.2002802 0.3021146 
Beta       0.3405919 0.3056079 0.3250012 0.3589802 0.3136689 0.3198464 0.3109864 0.0000000 0.1556547 0.3462895 0.3162187 0.4216496 0.2833749 
Spol       0.3166667 0.3472760 0.3511657 0.4160468 0.3227703 0.3039153 0.3450820 0.1556547 0.0000000 0.3809217 0.3310362 0.4092978 0.3053009 
MJM1652    0.3730668 0.1517655 0.4123447 0.2603007 0.2882583 0.3580990 0.3976308 0.3462895 0.3809217 0.0000000 0.2936901 0.4123580 0.2937978 
NepSFB     0.2739991 0.2393549 0.3852558 0.3235077 0.0077501 0.3117494 0.3464633 0.3162187 0.3310362 0.2936901 0.0000000 0.4028031 0.2231410 
WPYJ       0.4128722 0.4021497 0.3477536 0.5110094 0.3996617 0.3183715 0.2002802 0.4216496 0.4092978 0.4123580 0.4028031 0.0000000 0.3488476 
MJM2940    0.1932742 0.2579514 0.3524894 0.3441576 0.2210318 0.2747451 0.3021146 0.2833749 0.3053009 0.2937978 0.2231410 0.3488476 0.0000000 
