13
DrolusSFB  0.0000000 0.3285109 0.3924049 0.3340212 0.2934697 0.3657521 0.3646853 0.3990965 0.4295527 0.3344711 0.2967336 0.4058586 0.1842348 
Dino       0.3285109 0.0000000 0.4531904 0.1808648 0.2662401 0.3494819 0.3481129 0.4460240 0.4685249 0.2011765 0.2686610 0.4312467 0.2612500 
MJM3360    0.3924049 0.4531904 0.0000000 0.4801102 0.3881052 0.3027040 0.3913033 0.4200039 0.4317134 0.4187925 0.4015485 0.5235018 0.3575033 
DrobinSFB  0.3340212 0.1808648 0.4801102 0.0000000 0.3065721 0.4121638 0.4081329 0.4622668 0.4514705 0.2585525 0.3156497 0.4839205 0.3061800 
Neam       0.2934697 0.2662401 0.3881052 0.3065721 0.0000000 0.3148598 0.2975834 0.3684863 0.4280928 0.2749712 0.0073423 0.4031815 0.2024099 
RuprSFB    0.3657521 0.3494819 0.3027040 0.4121638 0.3148598 0.0000000 0.3251957 0.3926388 0.3986924 0.3804226 0.3210100 0.4091167 0.3088027 
Retr       0.3646853 0.3481129 0.3913033 0.4081329 0.2975834 0.3251957 0.0000000 0.4018869 0.4009574 0.3604408 0.2964236 0.1877001 0.2931018 
Beta       0.3990965 0.4460240 0.4200039 0.4622668 0.3684863 0.3926388 0.4018869 0.0000000 0.1266033 0.4392209 0.3670678 0.4856778 0.3751017 
Spol       0.4295527 0.4685249 0.4317134 0.4514705 0.4280928 0.3986924 0.4009574 0.1266033 0.0000000 0.4738342 0.4349510 0.5099623 0.4076726 
MJM1652    0.3344711 0.2011765 0.4187925 0.2585525 0.2749712 0.3804226 0.3604408 0.4392209 0.4738342 0.0000000 0.2742977 0.4482015 0.2794514 
NepSFB     0.2967336 0.2686610 0.4015485 0.3156497 0.0073423 0.3210100 0.2964236 0.3670678 0.4349510 0.2742977 0.0000000 0.4099273 0.2040311 
WPYJ       0.4058586 0.4312467 0.5235018 0.4839205 0.4031815 0.4091167 0.1877001 0.4856778 0.5099623 0.4482015 0.4099273 0.0000000 0.3887990 
MJM2940    0.1842348 0.2612500 0.3575033 0.3061800 0.2024099 0.3088027 0.2931018 0.3751017 0.4076726 0.2794514 0.2040311 0.3887990 0.0000000 
