13
DrolusSFB  0.0000000 0.3096001 0.3550391 0.3241892 0.2379452 0.3059304 0.3322050 0.4043596 0.3768807 0.3458679 0.2390673 0.3812700 0.1825823 
Dino       0.3096001 0.0000000 0.3336646 0.1726126 0.2139980 0.3144627 0.3043704 0.3707247 0.3871728 0.1163014 0.2130998 0.3341793 0.2476615 
MJM3360    0.3550391 0.3336646 0.0000000 0.3693867 0.2366890 0.2174706 0.3013240 0.3756079 0.3435343 0.3728999 0.2332176 0.3438631 0.3200290 
DrobinSFB  0.3241892 0.1726126 0.3693867 0.0000000 0.2296340 0.3339421 0.3191077 0.3988366 0.3877557 0.2112362 0.2277515 0.3759443 0.2784735 
Neam       0.2379452 0.2139980 0.2366890 0.2296340 0.0000000 0.2115140 0.2321061 0.2792409 0.2932596 0.2383094 0.0120234 0.2599374 0.1648207 
RuprSFB    0.3059304 0.3144627 0.2174706 0.3339421 0.2115140 0.0000000 0.2603892 0.3342219 0.2919459 0.3529276 0.2098498 0.2860411 0.2859217 
Retr       0.3322050 0.3043704 0.3013240 0.3191077 0.2321061 0.2603892 0.0000000 0.3035069 0.3366932 0.3390919 0.2299287 0.1497109 0.2757705 
Beta       0.4043596 0.3707247 0.3756079 0.3988366 0.2792409 0.3342219 0.3035069 0.0000000 0.1627129 0.3987124 0.2866420 0.3349351 0.3362603 
Spol       0.3768807 0.3871728 0.3435343 0.3877557 0.2932596 0.2919459 0.3366932 0.1627129 0.0000000 0.4238144 0.2975240 0.3727223 0.3170324 
MJM1652    0.3458679 0.1163014 0.3728999 0.2112362 0.2383094 0.3529276 0.3390919 0.3987124 0.4238144 0.0000000 0.2389310 0.3528714 0.2761441 
NepSFB     0.2390673 0.2130998 0.2332176 0.2277515 0.0120234 0.2098498 0.2299287 0.2866420 0.2975240 0.2389310 0.0000000 0.2602676 0.1673904 
WPYJ       0.3812700 0.3341793 0.3438631 0.3759443 0.2599374 0.2860411 0.1497109 0.3349351 0.3727223 0.3528714 0.2602676 0.0000000 0.3197816 
MJM2940    0.1825823 0.2476615 0.3200290 0.2784735 0.1648207 0.2859217 0.2757705 0.3362603 0.3170324 0.2761441 0.1673904 0.3197816 0.0000000 
