13
DrolusSFB  0.0000000 0.3050442 0.3591139 0.3085964 0.2381485 0.2853973 0.3260632 0.3739126 0.3818191 0.3027757 0.1906723 0.3622454 0.1677445 
Dino       0.3050442 0.0000000 0.4142493 0.2569058 0.2662717 0.3394342 0.3659484 0.3924395 0.3910959 0.1604185 0.2570135 0.4255344 0.2541443 
MJM3360    0.3591139 0.4142493 0.0000000 0.4930103 0.3422409 0.2649404 0.4422562 0.4088225 0.3795697 0.4393611 0.3340439 0.4701590 0.3788586 
DrobinSFB  0.3085964 0.2569058 0.4930103 0.0000000 0.3257232 0.4256766 0.4577881 0.4326403 0.4532214 0.2909904 0.2918416 0.4733105 0.3123185 
Neam       0.2381485 0.2662717 0.3422409 0.3257232 0.0000000 0.3148611 0.3467174 0.3481835 0.3401608 0.2848814 0.0092696 0.3636501 0.1957322 
RuprSFB    0.2853973 0.3394342 0.2649404 0.4256766 0.3148611 0.0000000 0.3539121 0.3327164 0.3349083 0.3860627 0.3236084 0.3957849 0.2831100 
Retr       0.3260632 0.3659484 0.4422562 0.4577881 0.3467174 0.3539121 0.0000000 0.3466781 0.3825979 0.3934455 0.3636860 0.2185632 0.2943342 
Beta       0.3739126 0.3924395 0.4088225 0.4326403 0.3481835 0.3327164 0.3466781 0.0000000 0.1435804 0.3972046 0.3382490 0.4178928 0.3466578 
Spol       0.3818191 0.3910959 0.3795697 0.4532214 0.3401608 0.3349083 0.3825979 0.1435804 0.0000000 0.4065465 0.3506582 0.4436172 0.3485564 
MJM1652    0.3027757 0.1604185 0.4393611 0.2909904 0.2848814 0.3860627 0.3934455 0.3972046 0.4065465 0.0000000 0.3043102 0.4346489 0.2693189 
NepSFB     0.1906723 0.2570135 0.3340439 0.2918416 0.0092696 0.3236084 0.3636860 0.3382490 0.3506582 0.3043102 0.0000000 0.3938811 0.1923402 
WPYJ       0.3622454 0.4255344 0.4701590 0.4733105 0.3636501 0.3957849 0.2185632 0.4178928 0.4436172 0.4346489 0.3938811 0.0000000 0.3499154 
MJM2940    0.1677445 0.2541443 0.3788586 0.3123185 0.1957322 0.2831100 0.2943342 0.3466578 0.3485564 0.2693189 0.1923402 0.3499154 0.0000000 
