13
DrolusSFB  0.0000000 0.3473514 0.4563162 0.3771806 0.2897015 0.4010281 0.3373569 0.4906225 0.4759027 0.3645592 0.2967474 0.3830582 0.2184102 
Dino       0.3473514 0.0000000 0.4383255 0.2155133 0.2744700 0.3930092 0.3151970 0.4477536 0.4474364 0.1644509 0.2813746 0.3420822 0.3068397 
MJM3360    0.4563162 0.4383255 0.0000000 0.4415719 0.3981763 0.2844368 0.2765327 0.4280097 0.4177627 0.4449811 0.3975510 0.3127926 0.3910823 
DrobinSFB  0.3771806 0.2155133 0.4415719 0.0000000 0.3005465 0.4187625 0.3633822 0.4833508 0.4598499 0.2606904 0.3087830 0.3906645 0.3477830 
Neam       0.2897015 0.2744700 0.3981763 0.3005465 0.0000000 0.3733845 0.2719131 0.3978545 0.4024822 0.3120599 0.0121346 0.3245508 0.2432989 
RuprSFB    0.4010281 0.3930092 0.2844368 0.4187625 0.3733845 0.0000000 0.2966993 0.3944661 0.3899800 0.4225623 0.3693604 0.3452267 0.3456948 
Retr       0.3373569 0.3151970 0.2765327 0.3633822 0.2719131 0.2966993 0.0000000 0.3407003 0.3359710 0.3217534 0.2765916 0.1848534 0.3056917 
Beta       0.4906225 0.4477536 0.4280097 0.4833508 0.3978545 0.3944661 0.3407003 0.0000000 0.1378156 0.4746767 0.4053067 0.3547782 0.4041183 
Spol       0.4759027 0.4474364 0.4177627 0.4598499 0.4024822 0.3899800 0.3359710 0.1378156 0.0000000 0.4705320 0.4098772 0.3337941 0.3874574 
MJM1652    0.3645592 0.1644509 0.4449811 0.2606904 0.3120599 0.4225623 0.3217534 0.4746767 0.4705320 0.0000000 0.3196039 0.3511655 0.3275743 
NepSFB     0.2967474 0.2813746 0.3975510 0.3087830 0.0121346 0.3693604 0.2765916 0.4053067 0.4098772 0.3196039 0.0000000 0.3337632 0.2423166 
WPYJ       0.3830582 0.3420822 0.3127926 0.3906645 0.3245508 0.3452267 0.1848534 0.3547782 0.3337941 0.3511655 0.3337632 0.0000000 0.3363908 
MJM2940    0.2184102 0.3068397 0.3910823 0.3477830 0.2432989 0.3456948 0.3056917 0.4041183 0.3874574 0.3275743 0.2423166 0.3363908 0.0000000 
