13
DrolusSFB  0.0000000 0.3658248 0.3502629 0.4166198 0.3247921 0.3453742 0.3340863 0.4762643 0.5163838 0.4078928 0.3339320 0.3468588 0.2145199 
Dino       0.3658248 0.0000000 0.3617967 0.2315164 0.3175965 0.3339958 0.3140296 0.5255667 0.5420660 0.1897729 0.3181564 0.3192921 0.3112767 
MJM3360    0.3502629 0.3617967 0.0000000 0.4023935 0.3618487 0.2458364 0.4029167 0.4062199 0.4356469 0.4088334 0.3488921 0.3118207 0.3285869 
DrobinSFB  0.4166198 0.2315164 0.4023935 0.0000000 0.3555371 0.3608617 0.3823069 0.5646742 0.5451159 0.2907532 0.3611258 0.3157896 0.3612168 
Neam       0.3247921 0.3175965 0.3618487 0.3555371 0.0000000 0.2947402 0.3112827 0.4676105 0.4805937 0.3559574 0.0142035 0.3171954 0.2208137 
RuprSFB    0.3453742 0.3339958 0.2458364 0.3608617 0.2947402 0.0000000 0.3402408 0.3901988 0.4230027 0.3616798 0.2875684 0.3165613 0.2875127 
Retr       0.3340863 0.3140296 0.4029167 0.3823069 0.3112827 0.3402408 0.0000000 0.4266763 0.4290572 0.3428525 0.3098722 0.1719194 0.2684883 
Beta       0.4762643 0.5255667 0.4062199 0.5646742 0.4676105 0.3901988 0.4266763 0.0000000 0.1989553 0.5707705 0.4712303 0.3649869 0.4595249 
Spol       0.5163838 0.5420660 0.4356469 0.5451159 0.4805937 0.4230027 0.4290572 0.1989553 0.0000000 0.5604138 0.4810903 0.3428636 0.4809798 
MJM1652    0.4078928 0.1897729 0.4088334 0.2907532 0.3559574 0.3616798 0.3428525 0.5707705 0.5604138 0.0000000 0.3574000 0.3325669 0.3697701 
NepSFB     0.3339320 0.3181564 0.3488921 0.3611258 0.0142035 0.2875684 0.3098722 0.4712303 0.4810903 0.3574000 0.0000000 0.3039377 0.2189861 
WPYJ       0.3468588 0.3192921 0.3118207 0.3157896 0.3171954 0.3165613 0.1719194 0.3649869 0.3428636 0.3325669 0.3039377 0.0000000 0.2740174 
MJM2940    0.2145199 0.3112767 0.3285869 0.3612168 0.2208137 0.2875127 0.2684883 0.4595249 0.4809798 0.3697701 0.2189861 0.2740174 0.0000000 
