13
DrolusSFB  0.0000000 0.2527492 0.2938032 0.3093057 0.2199828 0.2975048 0.3598727 0.3087790 0.2969776 0.2685812 0.2101235 0.3411447 0.1477670 
Dino       0.2527492 0.0000000 0.3996124 0.2024970 0.2606922 0.3353031 0.3986196 0.3369563 0.3455165 0.1371686 0.2470428 0.3453248 0.2313798 
MJM3360    0.2938032 0.3996124 0.0000000 0.3911912 0.3312304 0.3247711 0.3462501 0.3852808 0.3819790 0.3593300 0.3328061 0.3792039 0.2651736 
DrobinSFB  0.3093057 0.2024970 0.3911912 0.0000000 0.3139302 0.3592250 0.4613161 0.3860448 0.3973497 0.2351778 0.3036067 0.3997373 0.2797769 
Neam       0.2199828 0.2606922 0.3312304 0.3139302 0.0000000 0.2477562 0.3670860 0.3272849 0.3296071 0.2450515 0.0101566 0.3490883 0.1556106 
RuprSFB    0.2975048 0.3353031 0.3247711 0.3592250 0.2477562 0.0000000 0.3259467 0.2670677 0.3115586 0.3326992 0.2600535 0.3176972 0.2349385 
Retr       0.3598727 0.3986196 0.3462501 0.4613161 0.3670860 0.3259467 0.0000000 0.3485433 0.3770960 0.3674527 0.3647740 0.1952953 0.2946217 
Beta       0.3087790 0.3369563 0.3852808 0.3860448 0.3272849 0.2670677 0.3485433 0.0000000 0.1210679 0.3304502 0.3264146 0.3984342 0.2567795 
Spol       0.2969776 0.3455165 0.3819790 0.3973497 0.3296071 0.3115586 0.3770960 0.1210679 0.0000000 0.3519496 0.3260591 0.3862635 0.2716448 
MJM1652    0.2685812 0.1371686 0.3593300 0.2351778 0.2450515 0.3326992 0.3674527 0.3304502 0.3519496 0.0000000 0.2387324 0.3889927 0.2300389 
NepSFB     0.2101235 0.2470428 0.3328061 0.3036067 0.0101566 0.2600535 0.3647740 0.3264146 0.3260591 0.2387324 0.0000000 0.3544102 0.1529269 
WPYJ       0.3411447 0.3453248 0.3792039 0.3997373 0.3490883 0.3176972 0.1952953 0.3984342 0.3862635 0.3889927 0.3544102 0.0000000 0.2799714 
MJM2940    0.1477670 0.2313798 0.2651736 0.2797769 0.1556106 0.2349385 0.2946217 0.2567795 0.2716448 0.2300389 0.1529269 0.2799714 0.0000000 
