13
DrolusSFB  0.0000000 0.3040438 0.4716977 0.3321697 0.2619369 0.3783323 0.3621088 0.4482498 0.4205340 0.3655315 0.2715897 0.3955022 0.2266314 
Dino       0.3040438 0.0000000 0.4023772 0.1899372 0.2619039 0.3135083 0.2812448 0.4192880 0.3932442 0.1545370 0.2676323 0.3024104 0.2595064 
MJM3360    0.4716977 0.4023772 0.0000000 0.4265110 0.4105966 0.2690407 0.4061715 0.4457027 0.4410077 0.3680508 0.4244207 0.4069321 0.3745162 
DrobinSFB  0.3321697 0.1899372 0.4265110 0.0000000 0.3037387 0.3491487 0.3492261 0.4776399 0.4596374 0.2213513 0.3054844 0.3145087 0.2974128 
Neam       0.2619369 0.2619039 0.4105966 0.3037387 0.0000000 0.3105044 0.3292881 0.4478773 0.4199216 0.3366019 0.0094303 0.3200163 0.2136462 
RuprSFB    0.3783323 0.3135083 0.2690407 0.3491487 0.3105044 0.0000000 0.3558732 0.3152344 0.3737718 0.3466017 0.3130565 0.3063424 0.3009182 
Retr       0.3621088 0.2812448 0.4061715 0.3492261 0.3292881 0.3558732 0.0000000 0.3579765 0.3532813 0.3509077 0.3288063 0.1461296 0.2843808 
Beta       0.4482498 0.4192880 0.4457027 0.4776399 0.4478773 0.3152344 0.3579765 0.0000000 0.1674845 0.4473675 0.4525188 0.3114305 0.3802121 
Spol       0.4205340 0.3932442 0.4410077 0.4596374 0.4199216 0.3737718 0.3532813 0.1674845 0.0000000 0.4451078 0.4293043 0.3032922 0.3745502 
MJM1652    0.3655315 0.1545370 0.3680508 0.2213513 0.3366019 0.3466017 0.3509077 0.4473675 0.4451078 0.0000000 0.3412023 0.3523058 0.3065937 
NepSFB     0.2715897 0.2676323 0.4244207 0.3054844 0.0094303 0.3130565 0.3288063 0.4525188 0.4293043 0.3412023 0.0000000 0.3153927 0.2149711 
WPYJ       0.3955022 0.3024104 0.4069321 0.3145087 0.3200163 0.3063424 0.1461296 0.3114305 0.3032922 0.3523058 0.3153927 0.0000000 0.2842800 
MJM2940    0.2266314 0.2595064 0.3745162 0.2974128 0.2136462 0.3009182 0.2843808 0.3802121 0.3745502 0.3065937 0.2149711 0.2842800 0.0000000 
