13
DrolusSFB  0.0000000 0.2357309 0.2964547 0.2867358 0.2031675 0.2775169 0.2655072 0.3130887 0.3204488 0.2871159 0.2036376 0.3454609 0.1557187 
Dino       0.2357309 0.0000000 0.3192936 0.1481139 0.2458546 0.2795931 0.2699798 0.3664752 0.4154959 0.1353380 0.2452148 0.3322509 0.1936003 
MJM3360    0.2964547 0.3192936 0.0000000 0.3756483 0.2685607 0.2483062 0.3006847 0.3451654 0.3656935 0.3493921 0.2679351 0.3775281 0.2653578 
DrobinSFB  0.2867358 0.1481139 0.3756483 0.0000000 0.2442575 0.3254917 0.2980853 0.3618783 0.3839218 0.1565347 0.2504326 0.3774478 0.2378479 
Neam       0.2031675 0.2458546 0.2685607 0.2442575 0.0000000 0.2452512 0.2374133 0.3327499 0.3442014 0.2647839 0.0073598 0.3257051 0.1474380 
RuprSFB    0.2775169 0.2795931 0.2483062 0.3254917 0.2452512 0.0000000 0.2933790 0.3226617 0.3303698 0.3134188 0.2417250 0.3852869 0.2360786 
Retr       0.2655072 0.2699798 0.3006847 0.2980853 0.2374133 0.2933790 0.0000000 0.3233913 0.3320766 0.2936199 0.2350908 0.1972072 0.2338111 
Beta       0.3130887 0.3664752 0.3451654 0.3618783 0.3327499 0.3226617 0.3233913 0.0000000 0.1257116 0.4094389 0.3324788 0.3945138 0.2818635 
Spol       0.3204488 0.4154959 0.3656935 0.3839218 0.3442014 0.3303698 0.3320766 0.1257116 0.0000000 0.4376020 0.3456661 0.4255388 0.3032967 
MJM1652    0.2871159 0.1353380 0.3493921 0.1565347 0.2647839 0.3134188 0.2936199 0.4094389 0.4376020 0.0000000 0.2665074 0.3891049 0.2380823 
NepSFB     0.2036376 0.2452148 0.2679351 0.2504326 0.0073598 0.2417250 0.2350908 0.3324788 0.3456661 0.2665074 0.0000000 0.3243476 0.1511261 
WPYJ       0.3454609 0.3322509 0.3775281 0.3774478 0.3257051 0.3852869 0.1972072 0.3945138 0.4255388 0.3891049 0.3243476 0.0000000 0.3167743 
MJM2940    0.1557187 0.1936003 0.2653578 0.2378479 0.1474380 0.2360786 0.2338111 0.2818635 0.3032967 0.2380823 0.1511261 0.3167743 0.0000000 
