13
DrolusSFB  0.0000000 0.2999531 0.3578339 0.3344259 0.3105261 0.3186099 0.2962273 0.4411037 0.4626954 0.3403722 0.3161981 0.3423621 0.1865272 
Dino       0.2999531 0.0000000 0.4117793 0.1921445 0.3082395 0.3502028 0.3705624 0.4536090 0.4645687 0.1524234 0.3146193 0.4515619 0.2807221 
MJM3360    0.3578339 0.4117793 0.0000000 0.4370849 0.3896015 0.2782688 0.4769122 0.3793614 0.2782577 0.4420728 0.3874910 0.4527268 0.3607704 
DrobinSFB  0.3344259 0.1921445 0.4370849 0.0000000 0.3188395 0.3590446 0.3908176 0.4613986 0.4536049 0.2147584 0.3112287 0.4542537 0.3131146 
Neam       0.3105261 0.3082395 0.3896015 0.3188395 0.0000000 0.2959501 0.4374147 0.4107875 0.4144282 0.3522167 0.0148693 0.5423082 0.2425476 
RuprSFB    0.3186099 0.3502028 0.2782688 0.3590446 0.2959501 0.0000000 0.3596013 0.3817648 0.3448421 0.3657177 0.3014891 0.4020852 0.2982045 
Retr       0.2962273 0.3705624 0.4769122 0.3908176 0.4374147 0.3596013 0.0000000 0.4702268 0.5612499 0.4492655 0.4473635 0.1975770 0.3069050 
Beta       0.4411037 0.4536090 0.3793614 0.4613986 0.4107875 0.3817648 0.4702268 0.0000000 0.1511275 0.5009765 0.4183587 0.4643432 0.4098405 
Spol       0.4626954 0.4645687 0.2782577 0.4536049 0.4144282 0.3448421 0.5612499 0.1511275 0.0000000 0.5204109 0.4243455 0.5877677 0.4223800 
MJM1652    0.3403722 0.1524234 0.4420728 0.2147584 0.3522167 0.3657177 0.4492655 0.5009765 0.5204109 0.0000000 0.3530925 0.4904935 0.3273761 
NepSFB     0.3161981 0.3146193 0.3874910 0.3112287 0.0148693 0.3014891 0.4473635 0.4183587 0.4243455 0.3530925 0.0000000 0.5513568 0.2488400 
WPYJ       0.3423621 0.4515619 0.4527268 0.4542537 0.5423082 0.4020852 0.1975770 0.4643432 0.5877677 0.4904935 0.5513568 0.0000000 0.3128853 
MJM2940    0.1865272 0.2807221 0.3607704 0.3131146 0.2425476 0.2982045 0.3069050 0.4098405 0.4223800 0.3273761 0.2488400 0.3128853 0.0000000 
