13
DrolusSFB  0.0000000 0.2905268 0.3980852 0.3880585 0.2956495 0.3885865 0.3751015 0.3170295 0.3555400 0.3524100 0.2897739 0.3854518 0.1538492 
Dino       0.2905268 0.0000000 0.3899814 0.2242537 0.2901899 0.3607187 0.3684511 0.3481746 0.3730474 0.1267922 0.2743259 0.3995980 0.2258165 
MJM3360    0.3980852 0.3899814 0.0000000 0.5010951 0.4171916 0.3621509 0.4169317 0.4770026 0.4654319 0.4301947 0.3988046 0.4520415 0.3704818 
DrobinSFB  0.3880585 0.2242537 0.5010951 0.0000000 0.3424093 0.4205895 0.4648493 0.4428039 0.4712785 0.2644238 0.3337586 0.4929087 0.3469273 
Neam       0.2956495 0.2901899 0.4171916 0.3424093 0.0000000 0.3767261 0.3872400 0.3916599 0.4038112 0.3094970 0.0145230 0.3693465 0.2232324 
RuprSFB    0.3885865 0.3607187 0.3621509 0.4205895 0.3767261 0.0000000 0.4771426 0.4751574 0.4825979 0.3461887 0.3661446 0.4178106 0.3894869 
Retr       0.3751015 0.3684511 0.4169317 0.4648493 0.3872400 0.4771426 0.0000000 0.4205211 0.4672203 0.3729943 0.3832554 0.1674625 0.3531470 
Beta       0.3170295 0.3481746 0.4770026 0.4428039 0.3916599 0.4751574 0.4205211 0.0000000 0.1708855 0.3781838 0.3914297 0.4528014 0.3175224 
Spol       0.3555400 0.3730474 0.4654319 0.4712785 0.4038112 0.4825979 0.4672203 0.1708855 0.0000000 0.4297359 0.3998788 0.4957417 0.3240132 
MJM1652    0.3524100 0.1267922 0.4301947 0.2644238 0.3094970 0.3461887 0.3729943 0.3781838 0.4297359 0.0000000 0.2947738 0.4063559 0.2727807 
NepSFB     0.2897739 0.2743259 0.3988046 0.3337586 0.0145230 0.3661446 0.3832554 0.3914297 0.3998788 0.2947738 0.0000000 0.3618732 0.2175083 
WPYJ       0.3854518 0.3995980 0.4520415 0.4929087 0.3693465 0.4178106 0.1674625 0.4528014 0.4957417 0.4063559 0.3618732 0.0000000 0.3815869 
MJM2940    0.1538492 0.2258165 0.3704818 0.3469273 0.2232324 0.3894869 0.3531470 0.3175224 0.3240132 0.2727807 0.2175083 0.3815869 0.0000000 
