13
DrolusSFB  0.0000000 0.3277890 0.4292599 0.3612123 0.2744883 0.3348708 0.3695330 0.3766898 0.3557817 0.3440094 0.2778384 0.3721945 0.2083079 
Dino       0.3277890 0.0000000 0.4338167 0.2397468 0.2932761 0.3390106 0.3455038 0.4696747 0.4415364 0.1536651 0.2940694 0.3611790 0.2559837 
MJM3360    0.4292599 0.4338167 0.0000000 0.4193676 0.4299228 0.3284245 0.4189744 0.4629395 0.4708183 0.4404306 0.4294606 0.4151734 0.3891689 
DrobinSFB  0.3612123 0.2397468 0.4193676 0.0000000 0.3274034 0.3928946 0.3912449 0.3907367 0.3777490 0.2226616 0.3293177 0.3804145 0.2848478 
Neam       0.2744883 0.2932761 0.4299228 0.3274034 0.0000000 0.2866865 0.3397339 0.4019969 0.4153608 0.2987571 0.0169670 0.3764833 0.2432386 
RuprSFB    0.3348708 0.3390106 0.3284245 0.3928946 0.2866865 0.0000000 0.3806241 0.4056925 0.4250442 0.3525483 0.2945479 0.3937308 0.2828255 
Retr       0.3695330 0.3455038 0.4189744 0.3912449 0.3397339 0.3806241 0.0000000 0.3690813 0.3630066 0.4019787 0.3412575 0.1767797 0.2867418 
Beta       0.3766898 0.4696747 0.4629395 0.3907367 0.4019969 0.4056925 0.3690813 0.0000000 0.1610500 0.4150376 0.4029699 0.3646697 0.3377093 
Spol       0.3557817 0.4415364 0.4708183 0.3777490 0.4153608 0.4250442 0.3630066 0.1610500 0.0000000 0.4325334 0.4211427 0.3823315 0.3511997 
MJM1652    0.3440094 0.1536651 0.4404306 0.2226616 0.2987571 0.3525483 0.4019787 0.4150376 0.4325334 0.0000000 0.3009684 0.3894075 0.2802381 
NepSFB     0.2778384 0.2940694 0.4294606 0.3293177 0.0169670 0.2945479 0.3412575 0.4029699 0.4211427 0.3009684 0.0000000 0.3733150 0.2463882 
WPYJ       0.3721945 0.3611790 0.4151734 0.3804145 0.3764833 0.3937308 0.1767797 0.3646697 0.3823315 0.3894075 0.3733150 0.0000000 0.3491657 
MJM2940    0.2083079 0.2559837 0.3891689 0.2848478 0.2432386 0.2828255 0.2867418 0.3377093 0.3511997 0.2802381 0.2463882 0.3491657 0.0000000 
