13
DrolusSFB  0.0000000 0.3203364 0.4173767 0.3581223 0.2815090 0.3617239 0.3080106 0.4056857 0.4070263 0.3511108 0.2750146 0.3520637 0.2035693 
Dino       0.3203364 0.0000000 0.3276633 0.1808394 0.2386704 0.3069829 0.2624421 0.3559766 0.3549989 0.1215283 0.2300915 0.2916934 0.2261621 
MJM3360    0.4173767 0.3276633 0.0000000 0.4022000 0.2832325 0.2541230 0.2742439 0.3986659 0.3665168 0.3024872 0.2804669 0.2831430 0.3214898 
DrobinSFB  0.3581223 0.1808394 0.4022000 0.0000000 0.2719873 0.4026083 0.2760636 0.4499714 0.4433948 0.1977857 0.2742272 0.3049205 0.2672697 
Neam       0.2815090 0.2386704 0.2832325 0.2719873 0.0000000 0.2917276 0.2328104 0.3002748 0.3108215 0.2616776 0.0125521 0.2477790 0.2040756 
RuprSFB    0.3617239 0.3069829 0.2541230 0.4026083 0.2917276 0.0000000 0.3030050 0.3998042 0.3819506 0.3423269 0.2949296 0.3196545 0.2876098 
Retr       0.3080106 0.2624421 0.2742439 0.2760636 0.2328104 0.3030050 0.0000000 0.3250592 0.3314295 0.2612706 0.2272966 0.1493658 0.2247182 
Beta       0.4056857 0.3559766 0.3986659 0.4499714 0.3002748 0.3998042 0.3250592 0.0000000 0.1139678 0.3791642 0.2995407 0.3333953 0.3390253 
Spol       0.4070263 0.3549989 0.3665168 0.4433948 0.3108215 0.3819506 0.3314295 0.1139678 0.0000000 0.3726768 0.3080904 0.3437522 0.3400180 
MJM1652    0.3511108 0.1215283 0.3024872 0.1977857 0.2616776 0.3423269 0.2612706 0.3791642 0.3726768 0.0000000 0.2536329 0.2950672 0.2454649 
NepSFB     0.2750146 0.2300915 0.2804669 0.2742272 0.0125521 0.2949296 0.2272966 0.2995407 0.3080904 0.2536329 0.0000000 0.2575376 0.2049460 
WPYJ       0.3520637 0.2916934 0.2831430 0.3049205 0.2477790 0.3196545 0.1493658 0.3333953 0.3437522 0.2950672 0.2575376 0.0000000 0.2349058 
MJM2940    0.2035693 0.2261621 0.3214898 0.2672697 0.2040756 0.2876098 0.2247182 0.3390253 0.3400180 0.2454649 0.2049460 0.2349058 0.0000000 
