13
DrolusSFB  0.0000000 0.3093528 0.3377111 0.3497570 0.2455548 0.3418730 0.2877037 0.3253776 0.3044218 0.3540754 0.2655627 0.3337723 0.1669963 
Dino       0.3093528 0.0000000 0.3273496 0.1902380 0.2142059 0.3219306 0.3238380 0.3196893 0.2995529 0.1422231 0.2799815 0.3343131 0.2395721 
MJM3360    0.3377111 0.3273496 0.0000000 0.4137046 0.2818560 0.2806794 0.3241368 0.3591938 0.2966826 0.3683285 0.3241206 0.3424234 0.3006822 
DrobinSFB  0.3497570 0.1902380 0.4137046 0.0000000 0.2949778 0.3875264 0.4001974 0.4089680 0.3934172 0.2577237 0.3485174 0.4258497 0.3044920 
Neam       0.2455548 0.2142059 0.2818560 0.2949778 0.0000000 0.2771263 0.2958691 0.2883371 0.2603791 0.2622154 0.0255274 0.2807442 0.1628198 
RuprSFB    0.3418730 0.3219306 0.2806794 0.3875264 0.2771263 0.0000000 0.3626755 0.3541871 0.3423325 0.3629012 0.2885997 0.3627118 0.2816200 
Retr       0.2877037 0.3238380 0.3241368 0.4001974 0.2958691 0.3626755 0.0000000 0.3339690 0.2758904 0.3967188 0.3101187 0.1860976 0.2552911 
Beta       0.3253776 0.3196893 0.3591938 0.4089680 0.2883371 0.3541871 0.3339690 0.0000000 0.1207423 0.3504044 0.3251868 0.3491862 0.3211825 
Spol       0.3044218 0.2995529 0.2966826 0.3934172 0.2603791 0.3423325 0.2758904 0.1207423 0.0000000 0.3352876 0.2789366 0.3171891 0.2691073 
MJM1652    0.3540754 0.1422231 0.3683285 0.2577237 0.2622154 0.3629012 0.3967188 0.3504044 0.3352876 0.0000000 0.3210200 0.3844400 0.2964508 
NepSFB     0.2655627 0.2799815 0.3241206 0.3485174 0.0255274 0.2885997 0.3101187 0.3251868 0.2789366 0.3210200 0.0000000 0.3403225 0.1960630 
WPYJ       0.3337723 0.3343131 0.3424234 0.4258497 0.2807442 0.3627118 0.1860976 0.3491862 0.3171891 0.3844400 0.3403225 0.0000000 0.3001223 
MJM2940    0.1669963 0.2395721 0.3006822 0.3044920 0.1628198 0.2816200 0.2552911 0.3211825 0.2691073 0.2964508 0.1960630 0.3001223 0.0000000 
