13
DrolusSFB  0.0000000 0.2113036 0.2757068 0.2576098 0.2081168 0.2583556 0.3627824 0.3200880 0.3393610 0.2474399 0.2104059 0.2969709 0.1522465 
Dino       0.2113036 0.0000000 0.2707060 0.1309041 0.1776567 0.2363696 0.3159111 0.3021745 0.3390772 0.1279714 0.1755812 0.3265793 0.1783089 
MJM3360    0.2757068 0.2707060 0.0000000 0.2996969 0.2378501 0.2310486 0.3384826 0.3086982 0.3367072 0.2912069 0.2300950 0.3309960 0.2452947 
DrobinSFB  0.2576098 0.1309041 0.2996969 0.0000000 0.2040071 0.2695718 0.3556853 0.3164818 0.3310549 0.1530238 0.2007003 0.3474345 0.2199763 
Neam       0.2081168 0.1776567 0.2378501 0.2040071 0.0000000 0.2590528 0.2657710 0.2666628 0.3018714 0.2013186 0.0121766 0.3091773 0.1535314 
RuprSFB    0.2583556 0.2363696 0.2310486 0.2695718 0.2590528 0.0000000 0.2878594 0.3143893 0.3546836 0.2788930 0.2541655 0.3184390 0.1960108 
Retr       0.3627824 0.3159111 0.3384826 0.3556853 0.2657710 0.2878594 0.0000000 0.4012465 0.4246314 0.3678909 0.2669372 0.2108774 0.2652265 
Beta       0.3200880 0.3021745 0.3086982 0.3164818 0.2666628 0.3143893 0.4012465 0.0000000 0.1253446 0.3275924 0.2680100 0.3765425 0.2791496 
Spol       0.3393610 0.3390772 0.3367072 0.3310549 0.3018714 0.3546836 0.4246314 0.1253446 0.0000000 0.3619646 0.2952220 0.3817516 0.2845636 
MJM1652    0.2474399 0.1279714 0.2912069 0.1530238 0.2013186 0.2788930 0.3678909 0.3275924 0.3619646 0.0000000 0.1940662 0.3862943 0.1917024 
NepSFB     0.2104059 0.1755812 0.2300950 0.2007003 0.0121766 0.2541655 0.2669372 0.2680100 0.2952220 0.1940662 0.0000000 0.3128449 0.1460338 
WPYJ       0.2969709 0.3265793 0.3309960 0.3474345 0.3091773 0.3184390 0.2108774 0.3765425 0.3817516 0.3862943 0.3128449 0.0000000 0.2838764 
MJM2940    0.1522465 0.1783089 0.2452947 0.2199763 0.1535314 0.1960108 0.2652265 0.2791496 0.2845636 0.1917024 0.1460338 0.2838764 0.0000000 
