13
DrolusSFB  0.0000000 0.2849074 0.3526160 0.3322844 0.2866362 0.3299057 0.3198294 0.3871233 0.4042020 0.3204382 0.2871614 0.3853676 0.2074117 
Dino       0.2849074 0.0000000 0.3883938 0.1915036 0.2448779 0.3261732 0.3415680 0.3522410 0.3526525 0.1570947 0.2492315 0.4098910 0.2456365 
MJM3360    0.3526160 0.3883938 0.0000000 0.4150056 0.3334054 0.2655188 0.3762111 0.4121567 0.4243691 0.4048658 0.3393754 0.4618078 0.3469129 
DrobinSFB  0.3322844 0.1915036 0.4150056 0.0000000 0.2878781 0.3608832 0.3750937 0.3969426 0.4290843 0.2232465 0.2965114 0.4472881 0.2965715 
Neam       0.2866362 0.2448779 0.3334054 0.2878781 0.0000000 0.2830146 0.2750058 0.3177803 0.3498012 0.2650258 0.0118311 0.3218842 0.2344613 
RuprSFB    0.3299057 0.3261732 0.2655188 0.3608832 0.2830146 0.0000000 0.2924539 0.3333666 0.3513884 0.3394612 0.2876802 0.3674163 0.2786881 
Retr       0.3198294 0.3415680 0.3762111 0.3750937 0.2750058 0.2924539 0.0000000 0.3617619 0.3562914 0.3546772 0.2717948 0.1972828 0.2729811 
Beta       0.3871233 0.3522410 0.4121567 0.3969426 0.3177803 0.3333666 0.3617619 0.0000000 0.1196782 0.3738981 0.3200109 0.4166175 0.3207850 
Spol       0.4042020 0.3526525 0.4243691 0.4290843 0.3498012 0.3513884 0.3562914 0.1196782 0.0000000 0.4228525 0.3508912 0.4188054 0.3236997 
MJM1652    0.3204382 0.1570947 0.4048658 0.2232465 0.2650258 0.3394612 0.3546772 0.3738981 0.4228525 0.0000000 0.2698288 0.4261464 0.2697760 
NepSFB     0.2871614 0.2492315 0.3393754 0.2965114 0.0118311 0.2876802 0.2717948 0.3200109 0.3508912 0.2698288 0.0000000 0.3247351 0.2333020 
WPYJ       0.3853676 0.4098910 0.4618078 0.4472881 0.3218842 0.3674163 0.1972828 0.4166175 0.4188054 0.4261464 0.3247351 0.0000000 0.3583033 
MJM2940    0.2074117 0.2456365 0.3469129 0.2965715 0.2344613 0.2786881 0.2729811 0.3207850 0.3236997 0.2697760 0.2333020 0.3583033 0.0000000 
