13
DrolusSFB  0.0000000 0.2450271 0.3641110 0.3578340 0.2353850 0.3048916 0.3393811 0.3057920 0.3989144 0.2633014 0.2455661 0.3800771 0.1903398 
Dino       0.2450271 0.0000000 0.3439503 0.2057900 0.2807409 0.2866368 0.3203922 0.3779051 0.3845068 0.1579324 0.2875501 0.3338854 0.2306403 
MJM3360    0.3641110 0.3439503 0.0000000 0.3798135 0.3076620 0.2234831 0.3324715 0.3757956 0.4000102 0.3711822 0.3143769 0.3511090 0.3386770 
DrobinSFB  0.3578340 0.2057900 0.3798135 0.0000000 0.2878254 0.3616159 0.4469320 0.4281073 0.4585531 0.2169535 0.2870416 0.4315303 0.3398798 
Neam       0.2353850 0.2807409 0.3076620 0.2878254 0.0000000 0.2506325 0.3087106 0.3691724 0.3824205 0.3447655 0.0103593 0.3457374 0.2061380 
RuprSFB    0.3048916 0.2866368 0.2234831 0.3616159 0.2506325 0.0000000 0.3142790 0.3249213 0.3561859 0.3121925 0.2493645 0.3249917 0.2913375 
Retr       0.3393811 0.3203922 0.3324715 0.4469320 0.3087106 0.3142790 0.0000000 0.3503258 0.3534569 0.3576831 0.2974259 0.1434514 0.3190683 
Beta       0.3057920 0.3779051 0.3757956 0.4281073 0.3691724 0.3249213 0.3503258 0.0000000 0.1250229 0.4266741 0.3693130 0.3066920 0.3592540 
Spol       0.3989144 0.3845068 0.4000102 0.4585531 0.3824205 0.3561859 0.3534569 0.1250229 0.0000000 0.4656777 0.3853486 0.3273308 0.4095737 
MJM1652    0.2633014 0.1579324 0.3711822 0.2169535 0.3447655 0.3121925 0.3576831 0.4266741 0.4656777 0.0000000 0.3449421 0.3803171 0.2577749 
NepSFB     0.2455661 0.2875501 0.3143769 0.2870416 0.0103593 0.2493645 0.2974259 0.3693130 0.3853486 0.3449421 0.0000000 0.3324640 0.2111607 
WPYJ       0.3800771 0.3338854 0.3511090 0.4315303 0.3457374 0.3249917 0.1434514 0.3066920 0.3273308 0.3803171 0.3324640 0.0000000 0.3525192 
MJM2940    0.1903398 0.2306403 0.3386770 0.3398798 0.2061380 0.2913375 0.3190683 0.3592540 0.4095737 0.2577749 0.2111607 0.3525192 0.0000000 
