13
DrolusSFB  0.0000000 0.2667345 0.2410064 0.2682016 0.1556746 0.1864534 0.2932424 0.2301268 0.2677641 0.2597237 0.1505835 0.3090742 0.1219123 
Dino       0.2667345 0.0000000 0.3345706 0.1405880 0.2732753 0.2698420 0.4046758 0.3476858 0.4140805 0.1176080 0.2755594 0.3982189 0.2167225 
MJM3360    0.2410064 0.3345706 0.0000000 0.2761059 0.2794298 0.1749109 0.2981059 0.3057189 0.3488481 0.2596827 0.2818388 0.2985199 0.2582460 
DrobinSFB  0.2682016 0.1405880 0.2761059 0.0000000 0.3071508 0.2814510 0.3886308 0.3775417 0.4152169 0.1146425 0.3096946 0.4206222 0.2475203 
Neam       0.1556746 0.2732753 0.2794298 0.3071508 0.0000000 0.1916389 0.2646020 0.2556103 0.3023919 0.2693698 0.0051677 0.3153530 0.1330525 
RuprSFB    0.1864534 0.2698420 0.1749109 0.2814510 0.1916389 0.0000000 0.2218597 0.2267991 0.2553807 0.2267061 0.1932237 0.2833289 0.1655342 
Retr       0.2932424 0.4046758 0.2981059 0.3886308 0.2646020 0.2218597 0.0000000 0.2677851 0.3346094 0.3776779 0.2699263 0.1510884 0.2594469 
Beta       0.2301268 0.3476858 0.3057189 0.3775417 0.2556103 0.2267991 0.2677851 0.0000000 0.1060839 0.3737348 0.2484780 0.3026282 0.2051116 
Spol       0.2677641 0.4140805 0.3488481 0.4152169 0.3023919 0.2553807 0.3346094 0.1060839 0.0000000 0.3629056 0.3180109 0.3479794 0.2344900 
MJM1652    0.2597237 0.1176080 0.2596827 0.1146425 0.2693698 0.2267061 0.3776779 0.3737348 0.3629056 0.0000000 0.2839818 0.3866757 0.2335410 
NepSFB     0.1505835 0.2755594 0.2818388 0.3096946 0.0051677 0.1932237 0.2699263 0.2484780 0.3180109 0.2839818 0.0000000 0.3180130 0.1341128 
WPYJ       0.3090742 0.3982189 0.2985199 0.4206222 0.3153530 0.2833289 0.1510884 0.3026282 0.3479794 0.3866757 0.3180130 0.0000000 0.2510010 
MJM2940    0.1219123 0.2167225 0.2582460 0.2475203 0.1330525 0.1655342 0.2594469 0.2051116 0.2344900 0.2335410 0.1341128 0.2510010 0.0000000 
