13
DrolusSFB  0.0000000 0.3474665 0.4150108 0.3616081 0.3028987 0.3920392 0.3897624 0.4066359 0.4226367 0.3336579 0.3036989 0.3274353 0.1873080 
Dino       0.3474665 0.0000000 0.3690224 0.1990368 0.2577827 0.3435860 0.3562230 0.3699091 0.3970641 0.1328964 0.2557094 0.3017267 0.2828467 
MJM3360    0.4150108 0.3690224 0.0000000 0.4062384 0.3536307 0.2763909 0.3653457 0.4196573 0.4467359 0.3788103 0.3558778 0.3290385 0.3686908 
DrobinSFB  0.3616081 0.1990368 0.4062384 0.0000000 0.3289945 0.3783046 0.3798365 0.4063353 0.4048854 0.2168210 0.3283026 0.3032623 0.3107258 
Neam       0.3028987 0.2577827 0.3536307 0.3289945 0.0000000 0.3153691 0.3113025 0.3624371 0.3739177 0.2774835 0.0072978 0.2676169 0.2160861 
RuprSFB    0.3920392 0.3435860 0.2763909 0.3783046 0.3153691 0.0000000 0.3572572 0.3905592 0.4052692 0.3456355 0.3155462 0.3035930 0.3231056 
Retr       0.3897624 0.3562230 0.3653457 0.3798365 0.3113025 0.3572572 0.0000000 0.3812607 0.4045113 0.3682222 0.3096574 0.1435613 0.3449606 
Beta       0.4066359 0.3699091 0.4196573 0.4063353 0.3624371 0.3905592 0.3812607 0.0000000 0.1175343 0.3725065 0.3604558 0.3490552 0.3827405 
Spol       0.4226367 0.3970641 0.4467359 0.4048854 0.3739177 0.4052692 0.4045113 0.1175343 0.0000000 0.3987250 0.3759931 0.3589444 0.3768466 
MJM1652    0.3336579 0.1328964 0.3788103 0.2168210 0.2774835 0.3456355 0.3682222 0.3725065 0.3987250 0.0000000 0.2767402 0.3146254 0.2746992 
NepSFB     0.3036989 0.2557094 0.3558778 0.3283026 0.0072978 0.3155462 0.3096574 0.3604558 0.3759931 0.2767402 0.0000000 0.2682500 0.2170500 
WPYJ       0.3274353 0.3017267 0.3290385 0.3032623 0.2676169 0.3035930 0.1435613 0.3490552 0.3589444 0.3146254 0.2682500 0.0000000 0.2944890 
MJM2940    0.1873080 0.2828467 0.3686908 0.3107258 0.2160861 0.3231056 0.3449606 0.3827405 0.3768466 0.2746992 0.2170500 0.2944890 0.0000000 
