13
DrolusSFB  0.0000000 0.2402539 0.3781733 0.2663059 0.1884589 0.2910204 0.3467137 0.3231859 0.3064887 0.2298427 0.2046228 0.3264771 0.1517436 
Dino       0.2402539 0.0000000 0.4023487 0.1757315 0.1932934 0.3110824 0.3797549 0.3453453 0.3489017 0.1572403 0.2644128 0.3488348 0.2379175 
MJM3360    0.3781733 0.4023487 0.0000000 0.3898889 0.3465466 0.3074215 0.4281521 0.4045506 0.3900985 0.3832138 0.3396917 0.4518349 0.3584921 
DrobinSFB  0.2663059 0.1757315 0.3898889 0.0000000 0.2213772 0.3012890 0.3566729 0.3425058 0.3210852 0.1661183 0.2530474 0.3423727 0.2243351 
Neam       0.1884589 0.1932934 0.3465466 0.2213772 0.0000000 0.2353292 0.2466149 0.3057337 0.2700327 0.2231494 0.0132196 0.2609489 0.1488185 
RuprSFB    0.2910204 0.3110824 0.3074215 0.3012890 0.2353292 0.0000000 0.3038795 0.2819026 0.2755562 0.2735905 0.2566700 0.3079094 0.2525353 
Retr       0.3467137 0.3797549 0.4281521 0.3566729 0.2466149 0.3038795 0.0000000 0.3525406 0.3306531 0.3801465 0.2818192 0.1815984 0.2966537 
Beta       0.3231859 0.3453453 0.4045506 0.3425058 0.3057337 0.2819026 0.3525406 0.0000000 0.1064649 0.3552798 0.3003383 0.3736500 0.3290320 
Spol       0.3064887 0.3489017 0.3900985 0.3210852 0.2700327 0.2755562 0.3306531 0.1064649 0.0000000 0.3531754 0.2854037 0.3555614 0.3260381 
MJM1652    0.2298427 0.1572403 0.3832138 0.1661183 0.2231494 0.2735905 0.3801465 0.3552798 0.3531754 0.0000000 0.2640249 0.3773149 0.2328989 
NepSFB     0.2046228 0.2644128 0.3396917 0.2530474 0.0132196 0.2566700 0.2818192 0.3003383 0.2854037 0.2640249 0.0000000 0.2746241 0.1768550 
WPYJ       0.3264771 0.3488348 0.4518349 0.3423727 0.2609489 0.3079094 0.1815984 0.3736500 0.3555614 0.3773149 0.2746241 0.0000000 0.3047836 
MJM2940    0.1517436 0.2379175 0.3584921 0.2243351 0.1488185 0.2525353 0.2966537 0.3290320 0.3260381 0.2328989 0.1768550 0.3047836 0.0000000 
