13
DrolusSFB  0.0000000 0.3153976 0.4355385 0.4100199 0.3446605 0.3996935 0.3222730 0.4414343 0.4513229 0.4043074 0.3472997 0.3738267 0.1951310 
Dino       0.3153976 0.0000000 0.4182778 0.1776973 0.2865632 0.3392552 0.2895923 0.4076719 0.4015165 0.1421126 0.2868937 0.3004483 0.2809493 
MJM3360    0.4355385 0.4182778 0.0000000 0.5321632 0.4344250 0.3554818 0.3093534 0.5192699 0.5715288 0.4930158 0.4260632 0.3343495 0.4100475 
DrobinSFB  0.4100199 0.1776973 0.5321632 0.0000000 0.4008570 0.4703613 0.3028334 0.5381234 0.5473576 0.2344171 0.4045885 0.3605305 0.3604441 
Neam       0.3446605 0.2865632 0.4344250 0.4008570 0.0000000 0.3363177 0.2950670 0.4047864 0.4374470 0.3665678 0.0095490 0.2744422 0.2497221 
RuprSFB    0.3996935 0.3392552 0.3554818 0.4703613 0.3363177 0.0000000 0.3225613 0.4534368 0.4657653 0.4061774 0.3334071 0.3494252 0.3306795 
Retr       0.3222730 0.2895923 0.3093534 0.3028334 0.2950670 0.3225613 0.0000000 0.3268575 0.3194153 0.2894061 0.3025579 0.1438668 0.2747293 
Beta       0.4414343 0.4076719 0.5192699 0.5381234 0.4047864 0.4534368 0.3268575 0.0000000 0.1801925 0.4773314 0.4010621 0.3054245 0.3842202 
Spol       0.4513229 0.4015165 0.5715288 0.5473576 0.4374470 0.4657653 0.3194153 0.1801925 0.0000000 0.5136754 0.4350773 0.3207316 0.4061943 
MJM1652    0.4043074 0.1421126 0.4930158 0.2344171 0.3665678 0.4061774 0.2894061 0.4773314 0.5136754 0.0000000 0.3671027 0.2980185 0.3356200 
NepSFB     0.3472997 0.2868937 0.4260632 0.4045885 0.0095490 0.3334071 0.3025579 0.4010621 0.4350773 0.3671027 0.0000000 0.2743403 0.2469672 
WPYJ       0.3738267 0.3004483 0.3343495 0.3605305 0.2744422 0.3494252 0.1438668 0.3054245 0.3207316 0.2980185 0.2743403 0.0000000 0.3030315 
MJM2940    0.1951310 0.2809493 0.4100475 0.3604441 0.2497221 0.3306795 0.2747293 0.3842202 0.4061943 0.3356200 0.2469672 0.3030315 0.0000000 
