13
DrolusSFB  0.0000000 0.3008525 0.3214049 0.3185237 0.2722733 0.3482682 0.2779110 0.3821409 0.3742013 0.3121528 0.2805316 0.3333778 0.1781258 
Dino       0.3008525 0.0000000 0.3723452 0.1432543 0.2507626 0.3564654 0.2535967 0.3847905 0.3997662 0.1043628 0.2563099 0.3321119 0.2248206 
MJM3360    0.3214049 0.3723452 0.0000000 0.3664711 0.3310898 0.3226198 0.2934851 0.3690640 0.3589068 0.3706719 0.3244538 0.4098778 0.2688440 
DrobinSFB  0.3185237 0.1432543 0.3664711 0.0000000 0.2488934 0.3569948 0.2406214 0.3996464 0.4127972 0.1631699 0.2562651 0.3014373 0.2546667 
Neam       0.2722733 0.2507626 0.3310898 0.2488934 0.0000000 0.3013042 0.2700084 0.3182041 0.3173166 0.2680003 0.0107838 0.2859891 0.1829432 
RuprSFB    0.3482682 0.3564654 0.3226198 0.3569948 0.3013042 0.0000000 0.3233010 0.3688618 0.3871129 0.3770461 0.3015065 0.3723890 0.2940111 
Retr       0.2779110 0.2535967 0.2934851 0.2406214 0.2700084 0.3233010 0.0000000 0.3072652 0.3148789 0.2676665 0.2723995 0.1432329 0.2328526 
Beta       0.3821409 0.3847905 0.3690640 0.3996464 0.3182041 0.3688618 0.3072652 0.0000000 0.1412574 0.3883672 0.3197485 0.3658561 0.2995516 
Spol       0.3742013 0.3997662 0.3589068 0.4127972 0.3173166 0.3871129 0.3148789 0.1412574 0.0000000 0.4124244 0.3228603 0.3509510 0.2826272 
MJM1652    0.3121528 0.1043628 0.3706719 0.1631699 0.2680003 0.3770461 0.2676665 0.3883672 0.4124244 0.0000000 0.2728923 0.3080746 0.2586906 
NepSFB     0.2805316 0.2563099 0.3244538 0.2562651 0.0107838 0.3015065 0.2723995 0.3197485 0.3228603 0.2728923 0.0000000 0.2861560 0.1912383 
WPYJ       0.3333778 0.3321119 0.4098778 0.3014373 0.2859891 0.3723890 0.1432329 0.3658561 0.3509510 0.3080746 0.2861560 0.0000000 0.2724268 
MJM2940    0.1781258 0.2248206 0.2688440 0.2546667 0.1829432 0.2940111 0.2328526 0.2995516 0.2826272 0.2586906 0.1912383 0.2724268 0.0000000 
