13
DrolusSFB  0.0000000 0.3396265 0.3366385 0.2672329 0.2569144 0.3100424 0.2967762 0.3462208 0.2946810 0.4040386 0.2571169 0.3107436 0.1848429 
Dino       0.3396265 0.0000000 0.3490501 0.1307223 0.2473503 0.2694951 0.2825421 0.2955585 0.2715965 0.1521319 0.2492174 0.2676264 0.2662209 
MJM3360    0.3366385 0.3490501 0.0000000 0.3267287 0.3395902 0.2724469 0.3405576 0.4198754 0.3553227 0.3732759 0.3381838 0.3476280 0.3241168 
DrobinSFB  0.2672329 0.1307223 0.3267287 0.0000000 0.2206672 0.3143622 0.3094796 0.3204570 0.3171793 0.1862266 0.2164364 0.3369441 0.2406263 
Neam       0.2569144 0.2473503 0.3395902 0.2206672 0.0000000 0.2754828 0.2383792 0.3030088 0.2737478 0.3380847 0.0073270 0.2539990 0.2087681 
RuprSFB    0.3100424 0.2694951 0.2724469 0.3143622 0.2754828 0.0000000 0.3509783 0.3410289 0.3562293 0.3653526 0.2711552 0.3673315 0.2528266 
Retr       0.2967762 0.2825421 0.3405576 0.3094796 0.2383792 0.3509783 0.0000000 0.3040904 0.3062893 0.2957935 0.2436406 0.1677736 0.2595206 
Beta       0.3462208 0.2955585 0.4198754 0.3204570 0.3030088 0.3410289 0.3040904 0.0000000 0.1115297 0.3173145 0.3003058 0.2896354 0.2895373 
Spol       0.2946810 0.2715965 0.3553227 0.3171793 0.2737478 0.3562293 0.3062893 0.1115297 0.0000000 0.3018618 0.2659270 0.2993064 0.2693283 
MJM1652    0.4040386 0.1521319 0.3732759 0.1862266 0.3380847 0.3653526 0.2957935 0.3173145 0.3018618 0.0000000 0.3360411 0.2986220 0.3520323 
NepSFB     0.2571169 0.2492174 0.3381838 0.2164364 0.0073270 0.2711552 0.2436406 0.3003058 0.2659270 0.3360411 0.0000000 0.2498697 0.2107746 
WPYJ       0.3107436 0.2676264 0.3476280 0.3369441 0.2539990 0.3673315 0.1677736 0.2896354 0.2993064 0.2986220 0.2498697 0.0000000 0.2792216 
MJM2940    0.1848429 0.2662209 0.3241168 0.2406263 0.2087681 0.2528266 0.2595206 0.2895373 0.2693283 0.3520323 0.2107746 0.2792216 0.0000000 
