13
DrolusSFB  0.0000000 0.3384699 0.3597134 0.3414960 0.3378170 0.3456693 0.3372816 0.4685775 0.4432258 0.3609601 0.3472244 0.3877295 0.2404636 
Dino       0.3384699 0.0000000 0.3843900 0.2410471 0.2961869 0.3785709 0.3531900 0.4662333 0.4505437 0.2288860 0.3046136 0.3941080 0.3112286 
MJM3360    0.3597134 0.3843900 0.0000000 0.4085058 0.2946513 0.2710465 0.2726459 0.3649120 0.3477747 0.4009475 0.2944746 0.3332172 0.3213583 
DrobinSFB  0.3414960 0.2410471 0.4085058 0.0000000 0.3157343 0.3424811 0.3667443 0.4528183 0.4331016 0.2950426 0.3169857 0.4080241 0.2898713 
Neam       0.3378170 0.2961869 0.2946513 0.3157343 0.0000000 0.2976252 0.2712953 0.3917760 0.3346446 0.3292903 0.0133181 0.3297266 0.2527901 
RuprSFB    0.3456693 0.3785709 0.2710465 0.3424811 0.2976252 0.0000000 0.2723278 0.3384116 0.3288780 0.3778734 0.2938856 0.3165819 0.3310673 
Retr       0.3372816 0.3531900 0.2726459 0.3667443 0.2712953 0.2723278 0.0000000 0.2976922 0.2907963 0.4042586 0.2605837 0.1438151 0.2814842 
Beta       0.4685775 0.4662333 0.3649120 0.4528183 0.3917760 0.3384116 0.2976922 0.0000000 0.1810212 0.4891553 0.3951495 0.3890040 0.3839316 
Spol       0.4432258 0.4505437 0.3477747 0.4331016 0.3346446 0.3288780 0.2907963 0.1810212 0.0000000 0.4708528 0.3397162 0.3937465 0.3602376 
MJM1652    0.3609601 0.2288860 0.4009475 0.2950426 0.3292903 0.3778734 0.4042586 0.4891553 0.4708528 0.0000000 0.3264550 0.4389818 0.3499693 
NepSFB     0.3472244 0.3046136 0.2944746 0.3169857 0.0133181 0.2938856 0.2605837 0.3951495 0.3397162 0.3264550 0.0000000 0.3259872 0.2653180 
WPYJ       0.3877295 0.3941080 0.3332172 0.4080241 0.3297266 0.3165819 0.1438151 0.3890040 0.3937465 0.4389818 0.3259872 0.0000000 0.3445633 
MJM2940    0.2404636 0.3112286 0.3213583 0.2898713 0.2527901 0.3310673 0.2814842 0.3839316 0.3602376 0.3499693 0.2653180 0.3445633 0.0000000 
