13
DrolusSFB  0.0000000 0.3400501 0.3288027 0.3434294 0.2754706 0.3569163 0.4004618 0.4053510 0.4037990 0.3183027 0.2869247 0.3946643 0.2003733 
Dino       0.3400501 0.0000000 0.3479147 0.2211113 0.2763518 0.3491752 0.3882774 0.3713432 0.3410795 0.1539224 0.2712735 0.4012825 0.2370290 
MJM3360    0.3288027 0.3479147 0.0000000 0.3855469 0.3620697 0.2605542 0.3400482 0.2748209 0.2871588 0.3719918 0.3482300 0.3038934 0.3305201 
DrobinSFB  0.3434294 0.2211113 0.3855469 0.0000000 0.3247677 0.4665064 0.4221211 0.4423663 0.4238303 0.2542916 0.3208017 0.4211732 0.3021664 
Neam       0.2754706 0.2763518 0.3620697 0.3247677 0.0000000 0.3590434 0.3489732 0.4101484 0.3905420 0.3059700 0.0248188 0.4163325 0.2185582 
RuprSFB    0.3569163 0.3491752 0.2605542 0.4665064 0.3590434 0.0000000 0.3630269 0.3606589 0.3472063 0.3762568 0.3661559 0.4062394 0.3133807 
Retr       0.4004618 0.3882774 0.3400482 0.4221211 0.3489732 0.3630269 0.0000000 0.3986418 0.4166683 0.4093248 0.3541012 0.1684390 0.3179387 
Beta       0.4053510 0.3713432 0.2748209 0.4423663 0.4101484 0.3606589 0.3986418 0.0000000 0.1263698 0.3940521 0.4027657 0.3927458 0.3971651 
Spol       0.4037990 0.3410795 0.2871588 0.4238303 0.3905420 0.3472063 0.4166683 0.1263698 0.0000000 0.4190062 0.3951560 0.4043866 0.3914390 
MJM1652    0.3183027 0.1539224 0.3719918 0.2542916 0.3059700 0.3762568 0.4093248 0.3940521 0.4190062 0.0000000 0.3116605 0.4385328 0.2442174 
NepSFB     0.2869247 0.2712735 0.3482300 0.3208017 0.0248188 0.3661559 0.3541012 0.4027657 0.3951560 0.3116605 0.0000000 0.4181448 0.2125500 
WPYJ       0.3946643 0.4012825 0.3038934 0.4211732 0.4163325 0.4062394 0.1684390 0.3927458 0.4043866 0.4385328 0.4181448 0.0000000 0.3556446 
MJM2940    0.2003733 0.2370290 0.3305201 0.3021664 0.2185582 0.3133807 0.3179387 0.3971651 0.3914390 0.2442174 0.2125500 0.3556446 0.0000000 
