13
DrolusSFB  0.0000000 0.3274459 0.4113896 0.3679905 0.2697674 0.3605277 0.3312333 0.4017367 0.3689800 0.3620341 0.2758463 0.3725957 0.1928385 
Dino       0.3274459 0.0000000 0.3853442 0.1920313 0.2480837 0.3224629 0.3189485 0.3797888 0.3796816 0.1202125 0.2527907 0.3829833 0.2377707 
MJM3360    0.4113896 0.3853442 0.0000000 0.3981205 0.3491188 0.3310121 0.4010592 0.4103410 0.4034453 0.3896237 0.3622325 0.4691795 0.3608048 
DrobinSFB  0.3679905 0.1920313 0.3981205 0.0000000 0.2584192 0.3864088 0.3203819 0.4074523 0.4114109 0.2210136 0.2561011 0.3975564 0.2745409 
Neam       0.2697674 0.2480837 0.3491188 0.2584192 0.0000000 0.3231577 0.2612234 0.3337211 0.3490824 0.2832876 0.0109755 0.3186332 0.1857602 
RuprSFB    0.3605277 0.3224629 0.3310121 0.3864088 0.3231577 0.0000000 0.3379264 0.4266067 0.3762190 0.3378112 0.3356294 0.4102555 0.3110754 
Retr       0.3312333 0.3189485 0.4010592 0.3203819 0.2612234 0.3379264 0.0000000 0.3695327 0.3446630 0.3653745 0.2687750 0.1535606 0.2822748 
Beta       0.4017367 0.3797888 0.4103410 0.4074523 0.3337211 0.4266067 0.3695327 0.0000000 0.1275722 0.4123892 0.3351637 0.4082530 0.3103916 
Spol       0.3689800 0.3796816 0.4034453 0.4114109 0.3490824 0.3762190 0.3446630 0.1275722 0.0000000 0.3900817 0.3460660 0.3878868 0.3343769 
MJM1652    0.3620341 0.1202125 0.3896237 0.2210136 0.2832876 0.3378112 0.3653745 0.4123892 0.3900817 0.0000000 0.2869525 0.4464599 0.2749413 
NepSFB     0.2758463 0.2527907 0.3622325 0.2561011 0.0109755 0.3356294 0.2687750 0.3351637 0.3460660 0.2869525 0.0000000 0.3277972 0.1881297 
WPYJ       0.3725957 0.3829833 0.4691795 0.3975564 0.3186332 0.4102555 0.1535606 0.4082530 0.3878868 0.4464599 0.3277972 0.0000000 0.3259243 
MJM2940    0.1928385 0.2377707 0.3608048 0.2745409 0.1857602 0.3110754 0.2822748 0.3103916 0.3343769 0.2749413 0.1881297 0.3259243 0.0000000 
