13
DrolusSFB  0.0000000 0.2585569 0.3315386 0.2705405 0.2020336 0.2874370 0.2948926 0.2878551 0.2545019 0.2728967 0.2052900 0.2840719 0.1585026 
Dino       0.2585569 0.0000000 0.3619946 0.1772924 0.2224771 0.3178022 0.3314767 0.3301966 0.2966469 0.1170702 0.2192321 0.3304140 0.1891886 
MJM3360    0.3315386 0.3619946 0.0000000 0.3546343 0.2704981 0.2641707 0.3672024 0.3552820 0.3501663 0.3489541 0.2677928 0.3240824 0.3058159 
DrobinSFB  0.2705405 0.1772924 0.3546343 0.0000000 0.2853486 0.3284081 0.3200339 0.3643756 0.3367664 0.1826921 0.2801744 0.3117972 0.2167228 
Neam       0.2020336 0.2224771 0.2704981 0.2853486 0.0000000 0.2613361 0.3039453 0.2692574 0.2416643 0.2206345 0.0089275 0.2784080 0.1493120 
RuprSFB    0.2874370 0.3178022 0.2641707 0.3284081 0.2613361 0.0000000 0.3644686 0.3602423 0.3313040 0.2961117 0.2618601 0.3309692 0.2534142 
Retr       0.2948926 0.3314767 0.3672024 0.3200339 0.3039453 0.3644686 0.0000000 0.3615170 0.3328032 0.3292141 0.2986350 0.1767400 0.2974341 
Beta       0.2878551 0.3301966 0.3552820 0.3643756 0.2692574 0.3602423 0.3615170 0.0000000 0.1211263 0.3336646 0.2663525 0.3297905 0.3106498 
Spol       0.2545019 0.2966469 0.3501663 0.3367664 0.2416643 0.3313040 0.3328032 0.1211263 0.0000000 0.2985070 0.2429658 0.3058911 0.2657847 
MJM1652    0.2728967 0.1170702 0.3489541 0.1826921 0.2206345 0.2961117 0.3292141 0.3336646 0.2985070 0.0000000 0.2155072 0.3249187 0.2091220 
NepSFB     0.2052900 0.2192321 0.2677928 0.2801744 0.0089275 0.2618601 0.2986350 0.2663525 0.2429658 0.2155072 0.0000000 0.2773663 0.1467076 
WPYJ       0.2840719 0.3304140 0.3240824 0.3117972 0.2784080 0.3309692 0.1767400 0.3297905 0.3058911 0.3249187 0.2773663 0.0000000 0.2785864 
MJM2940    0.1585026 0.1891886 0.3058159 0.2167228 0.1493120 0.2534142 0.2974341 0.3106498 0.2657847 0.2091220 0.1467076 0.2785864 0.0000000 
