13
DrolusSFB  0.0000000 0.3081881 0.3711384 0.3515180 0.2556341 0.3109926 0.3672433 0.3674752 0.3562679 0.3490855 0.2384801 0.4080647 0.1895908 
Dino       0.3081881 0.0000000 0.3694649 0.1659115 0.2583256 0.3433094 0.3478782 0.3686282 0.3732272 0.1549022 0.2408809 0.4523768 0.2476681 
MJM3360    0.3711384 0.3694649 0.0000000 0.4315432 0.2619050 0.3013260 0.3025850 0.3915490 0.4158430 0.3860734 0.3212950 9.0000000 0.3107957 
DrobinSFB  0.3515180 0.1659115 0.4315432 0.0000000 0.3046726 0.3767788 0.3753263 0.4311066 0.4218508 0.2141216 0.3028472 0.4764351 0.2920796 
Neam       0.2556341 0.2583256 0.2619050 0.3046726 0.0000000 0.2303142 0.2629229 0.3386715 0.3143072 0.2978227 0.0067270 0.3858102 0.1765192 
RuprSFB    0.3109926 0.3433094 0.3013260 0.3767788 0.2303142 0.0000000 0.3099160 0.3674350 0.3602517 0.3689928 0.2672528 0.3711166 0.2745579 
Retr       0.3672433 0.3478782 0.3025850 0.3753263 0.2629229 0.3099160 0.0000000 0.3554400 0.3625915 0.3541651 0.2609963 0.1526808 0.2898752 
Beta       0.3674752 0.3686282 0.3915490 0.4311066 0.3386715 0.3674350 0.3554400 0.0000000 0.1231000 0.4048276 0.3407543 0.4185264 0.3163646 
Spol       0.3562679 0.3732272 0.4158430 0.4218508 0.3143072 0.3602517 0.3625915 0.1231000 0.0000000 0.4015159 0.3370897 0.4442229 0.3171985 
MJM1652    0.3490855 0.1549022 0.3860734 0.2141216 0.2978227 0.3689928 0.3541651 0.4048276 0.4015159 0.0000000 0.2860295 0.4207255 0.2965121 
NepSFB     0.2384801 0.2408809 0.3212950 0.3028472 0.0067270 0.2672528 0.2609963 0.3407543 0.3370897 0.2860295 0.0000000 0.3847798 0.1780042 
WPYJ       0.4080647 0.4523768 9.0000000 0.4764351 0.3858102 0.3711166 0.1526808 0.4185264 0.4442229 0.4207255 0.3847798 0.0000000 0.3632513 
MJM2940    0.1895908 0.2476681 0.3107957 0.2920796 0.1765192 0.2745579 0.2898752 0.3163646 0.3171985 0.2965121 0.1780042 0.3632513 0.0000000 
