13
DrolusSFB  0.0000000 0.2188997 0.2375901 0.2456408 0.2015801 0.2530422 0.2173338 0.3316189 0.3143258 0.2602594 0.2010083 0.3184278 0.1398488 
Dino       0.2188997 0.0000000 0.2392798 0.1263843 0.2074815 0.2645709 0.2470598 0.3090704 0.3028775 0.1131064 0.2083491 0.2879916 0.1901410 
MJM3360    0.2375901 0.2392798 0.0000000 0.2358371 0.2072844 0.1640539 0.2571220 0.2886203 0.2764088 0.2436670 0.1987849 0.2744885 0.2057996 
DrobinSFB  0.2456408 0.1263843 0.2358371 0.0000000 0.2287932 0.2815837 0.2709026 0.3221951 0.3098327 0.1527439 0.2316618 0.3060121 0.2150413 
Neam       0.2015801 0.2074815 0.2072844 0.2287932 0.0000000 0.2413722 0.2316306 0.3324349 0.3266994 0.2370932 0.0090916 0.3014265 0.1582158 
RuprSFB    0.2530422 0.2645709 0.1640539 0.2815837 0.2413722 0.0000000 0.2397304 0.3063399 0.3146607 0.2954942 0.2382900 0.3032362 0.2250113 
Retr       0.2173338 0.2470598 0.2571220 0.2709026 0.2316306 0.2397304 0.0000000 0.3095570 0.2755054 0.2956636 0.2295447 0.1580695 0.1830603 
Beta       0.3316189 0.3090704 0.2886203 0.3221951 0.3324349 0.3063399 0.3095570 0.0000000 0.1139939 0.3314482 0.3351761 0.3291079 0.3030692 
Spol       0.3143258 0.3028775 0.2764088 0.3098327 0.3266994 0.3146607 0.2755054 0.1139939 0.0000000 0.3315786 0.3284579 0.3255554 0.2932226 
MJM1652    0.2602594 0.1131064 0.2436670 0.1527439 0.2370932 0.2954942 0.2956636 0.3314482 0.3315786 0.0000000 0.2379917 0.3214896 0.2229948 
NepSFB     0.2010083 0.2083491 0.1987849 0.2316618 0.0090916 0.2382900 0.2295447 0.3351761 0.3284579 0.2379917 0.0000000 0.3113427 0.1614544 
WPYJ       0.3184278 0.2879916 0.2744885 0.3060121 0.3014265 0.3032362 0.1580695 0.3291079 0.3255554 0.3214896 0.3113427 0.0000000 0.2854980 
MJM2940    0.1398488 0.1901410 0.2057996 0.2150413 0.1582158 0.2250113 0.1830603 0.3030692 0.2932226 0.2229948 0.1614544 0.2854980 0.0000000 
