13
DrolusSFB  0.0000000 0.2521211 0.3575991 0.2728417 0.2038951 0.3075253 0.3225639 0.3263402 0.3322256 0.2931506 0.2019834 0.2426003 0.1574284 
Dino       0.2521211 0.0000000 0.3486846 0.1636933 0.2148549 0.2834195 0.3088842 0.3409977 0.3295994 0.1325457 0.2074744 0.2499991 0.2084035 
MJM3360    0.3575991 0.3486846 0.0000000 0.3670167 0.3180110 0.2592660 0.3199832 0.3612969 0.3373224 0.4076904 0.3146676 0.2505636 0.3017556 
DrobinSFB  0.2728417 0.1636933 0.3670167 0.0000000 0.2386145 0.3203197 0.3296263 0.3479491 0.3470279 0.2171579 0.2333536 0.2627554 0.2494765 
Neam       0.2038951 0.2148549 0.3180110 0.2386145 0.0000000 0.2637038 0.2642764 0.2938572 0.2910579 0.2642730 0.0102910 0.2235695 0.1571520 
RuprSFB    0.3075253 0.2834195 0.2592660 0.3203197 0.2637038 0.0000000 0.2907542 0.3459112 0.3254000 0.3397355 0.2648401 0.2006229 0.2766970 
Retr       0.3225639 0.3088842 0.3199832 0.3296263 0.2642764 0.2907542 0.0000000 0.3188514 0.2988969 0.3567687 0.2644788 0.1492526 0.2672345 
Beta       0.3263402 0.3409977 0.3612969 0.3479491 0.2938572 0.3459112 0.3188514 0.0000000 0.1377415 0.3809980 0.2903757 0.2434633 0.2860893 
Spol       0.3322256 0.3295994 0.3373224 0.3470279 0.2910579 0.3254000 0.2988969 0.1377415 0.0000000 0.3760552 0.2851559 0.2648298 0.2698827 
MJM1652    0.2931506 0.1325457 0.4076904 0.2171579 0.2642730 0.3397355 0.3567687 0.3809980 0.3760552 0.0000000 0.2560931 0.2876127 0.2579748 
NepSFB     0.2019834 0.2074744 0.3146676 0.2333536 0.0102910 0.2648401 0.2644788 0.2903757 0.2851559 0.2560931 0.0000000 0.2304851 0.1529118 
WPYJ       0.2426003 0.2499991 0.2505636 0.2627554 0.2235695 0.2006229 0.1492526 0.2434633 0.2648298 0.2876127 0.2304851 0.0000000 0.2263595 
MJM2940    0.1574284 0.2084035 0.3017556 0.2494765 0.1571520 0.2766970 0.2672345 0.2860893 0.2698827 0.2579748 0.1529118 0.2263595 0.0000000 
