13
DrolusSFB  0.0000000 0.2428168 0.3607196 0.2583941 0.2452564 0.3037917 0.2765035 0.3028833 0.3060483 0.2496334 0.2442504 0.3361528 0.1541947 
Dino       0.2428168 0.0000000 0.3551343 0.1945532 0.2269937 0.2999753 0.2757953 0.2963736 0.3019391 0.1256564 0.2250834 0.3441776 0.1844092 
MJM3360    0.3607196 0.3551343 0.0000000 0.3676479 0.3585120 0.3186426 0.3491119 0.3753380 0.3843658 0.3314927 0.3532318 0.4154777 0.3298883 
DrobinSFB  0.2583941 0.1945532 0.3676479 0.0000000 0.2996598 0.3215837 0.3107254 0.2965929 0.3189930 0.2063935 0.2930917 0.3531563 0.2190069 
Neam       0.2452564 0.2269937 0.3585120 0.2996598 0.0000000 0.2995678 0.3088162 0.2992187 0.3252973 0.2743794 0.0080209 0.3377224 0.1851290 
RuprSFB    0.3037917 0.2999753 0.3186426 0.3215837 0.2995678 0.0000000 0.3312650 0.3214512 0.3420213 0.3283799 0.2988635 0.3400319 0.2528086 
Retr       0.2765035 0.2757953 0.3491119 0.3107254 0.3088162 0.3312650 0.0000000 0.3257874 0.3449357 0.2815255 0.3088162 0.1647805 0.2621453 
Beta       0.3028833 0.2963736 0.3753380 0.2965929 0.2992187 0.3214512 0.3257874 0.0000000 0.1095791 0.2893708 0.2949740 0.3608614 0.2591681 
Spol       0.3060483 0.3019391 0.3843658 0.3189930 0.3252973 0.3420213 0.3449357 0.1095791 0.0000000 0.3243389 0.3278550 0.3892658 0.2585399 
MJM1652    0.2496334 0.1256564 0.3314927 0.2063935 0.2743794 0.3283799 0.2815255 0.2893708 0.3243389 0.0000000 0.2678801 0.3193268 0.2180003 
NepSFB     0.2442504 0.2250834 0.3532318 0.2930917 0.0080209 0.2988635 0.3088162 0.2949740 0.3278550 0.2678801 0.0000000 0.3347064 0.1827951 
WPYJ       0.3361528 0.3441776 0.4154777 0.3531563 0.3377224 0.3400319 0.1647805 0.3608614 0.3892658 0.3193268 0.3347064 0.0000000 0.2938553 
MJM2940    0.1541947 0.1844092 0.3298883 0.2190069 0.1851290 0.2528086 0.2621453 0.2591681 0.2585399 0.2180003 0.1827951 0.2938553 0.0000000 
