13
DrolusSFB  0.0000000 0.2981239 0.4902619 0.3724194 0.3241912 0.4067556 0.3921524 0.4564853 0.4469429 0.2971747 0.3113825 0.3764776 0.2234464 
Dino       0.2981239 0.0000000 0.3943353 0.2477335 0.2949077 0.3577459 0.3483794 0.4030345 0.4245423 0.1161674 0.2884551 0.3474036 0.2539751 
MJM3360    0.4902619 0.3943353 0.0000000 0.4943971 0.4535163 0.3010442 0.4647644 0.4525816 0.5027094 0.4316620 0.4372073 0.4604790 0.4153378 
DrobinSFB  0.3724194 0.2477335 0.4943971 0.0000000 0.3742939 0.3914132 0.4289895 0.4295990 0.4394790 0.2612687 0.3608354 0.3847841 0.3216064 
Neam       0.3241912 0.2949077 0.4535163 0.3742939 0.0000000 0.3602724 0.3763601 0.4626909 0.4693286 0.3090677 0.0179900 0.3567107 0.2531457 
RuprSFB    0.4067556 0.3577459 0.3010442 0.3914132 0.3602724 0.0000000 0.4087934 0.4194198 0.4071541 0.3663274 0.3484335 0.3885689 0.3472123 
Retr       0.3921524 0.3483794 0.4647644 0.4289895 0.3763601 0.4087934 0.0000000 0.4999810 0.4963202 0.3821256 0.3727226 0.1904963 0.3415796 
Beta       0.4564853 0.4030345 0.4525816 0.4295990 0.4626909 0.4194198 0.4999810 0.0000000 0.1238395 0.4090558 0.4572048 0.3953968 0.3652253 
Spol       0.4469429 0.4245423 0.5027094 0.4394790 0.4693286 0.4071541 0.4963202 0.1238395 0.0000000 0.4291472 0.4585526 0.4052401 0.3604052 
MJM1652    0.2971747 0.1161674 0.4316620 0.2612687 0.3090677 0.3663274 0.3821256 0.4090558 0.4291472 0.0000000 0.3010072 0.3516464 0.2431361 
NepSFB     0.3113825 0.2884551 0.4372073 0.3608354 0.0179900 0.3484335 0.3727226 0.4572048 0.4585526 0.3010072 0.0000000 0.3564472 0.2445775 
WPYJ       0.3764776 0.3474036 0.4604790 0.3847841 0.3567107 0.3885689 0.1904963 0.3953968 0.4052401 0.3516464 0.3564472 0.0000000 0.3499317 
MJM2940    0.2234464 0.2539751 0.4153378 0.3216064 0.2531457 0.3472123 0.3415796 0.3652253 0.3604052 0.2431361 0.2445775 0.3499317 0.0000000 
