13
DrolusSFB  0.0000000 0.2726378 0.3684576 0.3600328 0.3040493 0.3358056 0.3414730 0.4247973 0.4442750 0.3267279 0.3024792 0.3476032 0.1599780 
Dino       0.2726378 0.0000000 0.3589949 0.2507098 0.2726683 0.3527985 0.3220242 0.3709412 0.3700660 0.2049612 0.2733643 0.3482033 0.2053391 
MJM3360    0.3684576 0.3589949 0.0000000 0.4140647 0.3923005 0.2984356 0.3990779 0.4157875 0.4271055 0.3865846 0.3970336 0.3794571 0.3112920 
DrobinSFB  0.3600328 0.2507098 0.4140647 0.0000000 0.3897492 0.3884249 0.4284432 0.4772883 0.4667923 0.2813065 0.3988371 0.3686689 0.3192907 
Neam       0.3040493 0.2726683 0.3923005 0.3897492 0.0000000 0.3099055 0.3592557 0.3598342 0.4115143 0.3553767 0.0181948 0.3557271 0.2217662 
RuprSFB    0.3358056 0.3527985 0.2984356 0.3884249 0.3099055 0.0000000 0.3089117 0.3456648 0.3571159 0.3634273 0.3045542 0.2877801 0.2538150 
Retr       0.3414730 0.3220242 0.3990779 0.4284432 0.3592557 0.3089117 0.0000000 0.4044722 0.4061533 0.3683330 0.3741159 0.1814796 0.2683757 
Beta       0.4247973 0.3709412 0.4157875 0.4772883 0.3598342 0.3456648 0.4044722 0.0000000 0.1599221 0.4424596 0.3699738 0.3440186 0.3093937 
Spol       0.4442750 0.3700660 0.4271055 0.4667923 0.4115143 0.3571159 0.4061533 0.1599221 0.0000000 0.4481210 0.4210723 0.3698571 0.3305520 
MJM1652    0.3267279 0.2049612 0.3865846 0.2813065 0.3553767 0.3634273 0.3683330 0.4424596 0.4481210 0.0000000 0.3617745 0.3580002 0.2599734 
NepSFB     0.3024792 0.2733643 0.3970336 0.3988371 0.0181948 0.3045542 0.3741159 0.3699738 0.4210723 0.3617745 0.0000000 0.3701241 0.2256564 
WPYJ       0.3476032 0.3482033 0.3794571 0.3686689 0.3557271 0.2877801 0.1814796 0.3440186 0.3698571 0.3580002 0.3701241 0.0000000 0.2759898 
MJM2940    0.1599780 0.2053391 0.3112920 0.3192907 0.2217662 0.2538150 0.2683757 0.3093937 0.3305520 0.2599734 0.2256564 0.2759898 0.0000000 
