13
DrolusSFB  0.0000000 0.5274630 0.2952359 0.4866199 0.2990112 0.3065266 0.3132421 0.2867844 0.3167679 0.5156453 0.3046370 0.3446670 0.1956222 
Dino       0.5274630 0.0000000 0.4387354 0.3131735 0.4641092 0.4789253 0.5062944 0.5191854 0.5316114 0.1990632 0.4727214 0.5358660 0.4621483 
MJM3360    0.2952359 0.4387354 0.0000000 0.4592226 0.3010960 0.2649721 0.3298490 0.3035438 0.3472207 0.4595168 0.3052082 0.3635974 0.2745174 
DrobinSFB  0.4866199 0.3131735 0.4592226 0.0000000 0.4433650 0.5295424 0.5280092 0.5783760 0.6225490 0.3079832 0.4506169 0.5989156 0.4649379 
Neam       0.2990112 0.4641092 0.3010960 0.4433650 0.0000000 0.2890084 0.2796209 0.3012261 0.3157957 0.4511045 0.0076403 0.3087799 0.2424889 
RuprSFB    0.3065266 0.4789253 0.2649721 0.5295424 0.2890084 0.0000000 0.3366604 0.3499443 0.3766256 0.4833283 0.2918627 0.3757037 0.2757391 
Retr       0.3132421 0.5062944 0.3298490 0.5280092 0.2796209 0.3366604 0.0000000 0.3349443 0.3506881 0.4898832 0.2886901 0.1751382 0.2762279 
Beta       0.2867844 0.5191854 0.3035438 0.5783760 0.3012261 0.3499443 0.3349443 0.0000000 0.1497666 0.5546563 0.3040532 0.3703271 0.2699383 
Spol       0.3167679 0.5316114 0.3472207 0.6225490 0.3157957 0.3766256 0.3506881 0.1497666 0.0000000 0.5495418 0.3214263 0.3791716 0.2806883 
MJM1652    0.5156453 0.1990632 0.4595168 0.3079832 0.4511045 0.4833283 0.4898832 0.5546563 0.5495418 0.0000000 0.4554602 0.5248215 0.4711689 
NepSFB     0.3046370 0.4727214 0.3052082 0.4506169 0.0076403 0.2918627 0.2886901 0.3040532 0.3214263 0.4554602 0.0000000 0.3159047 0.2435063 
WPYJ       0.3446670 0.5358660 0.3635974 0.5989156 0.3087799 0.3757037 0.1751382 0.3703271 0.3791716 0.5248215 0.3159047 0.0000000 0.3122564 
MJM2940    0.1956222 0.4621483 0.2745174 0.4649379 0.2424889 0.2757391 0.2762279 0.2699383 0.2806883 0.4711689 0.2435063 0.3122564 0.0000000 
