13
DrolusSFB  0.0000000 0.2704908 0.3222779 0.3159459 0.2375552 0.3235886 0.3601057 0.3300948 0.3174144 0.3166758 0.2239927 0.3478735 0.1642049 
Dino       0.2704908 0.0000000 0.3895797 0.1561777 0.2516688 0.3657938 0.3620857 0.3738639 0.3427134 0.1277501 0.2713069 0.3999717 0.2183426 
MJM3360    0.3222779 0.3895797 0.0000000 0.4522769 0.3757197 0.2806586 0.4197517 0.4015458 0.3849088 0.4278132 0.3678746 0.4339297 0.3050631 
DrobinSFB  0.3159459 0.1561777 0.4522769 0.0000000 0.2889482 0.4057061 0.4446688 0.4218938 0.3656427 0.1942883 0.3175845 0.4877715 0.2563943 
Neam       0.2375552 0.2516688 0.3757197 0.2889482 0.0000000 0.3366048 0.3402993 0.3433256 0.3197148 0.2854024 0.0104430 0.3838028 0.1988694 
RuprSFB    0.3235886 0.3657938 0.2806586 0.4057061 0.3366048 0.0000000 0.3801279 0.3851449 0.3503817 0.3661767 0.3478849 0.4185292 0.2925052 
Retr       0.3601057 0.3620857 0.4197517 0.4446688 0.3402993 0.3801279 0.0000000 0.4336120 0.4083717 0.4054673 0.3424069 0.1996819 0.3055778 
Beta       0.3300948 0.3738639 0.4015458 0.4218938 0.3433256 0.3851449 0.4336120 0.0000000 0.1310608 0.3798548 0.3688731 0.4195797 0.3145247 
Spol       0.3174144 0.3427134 0.3849088 0.3656427 0.3197148 0.3503817 0.4083717 0.1310608 0.0000000 0.3664382 0.3046206 0.4043680 0.3010423 
MJM1652    0.3166758 0.1277501 0.4278132 0.1942883 0.2854024 0.3661767 0.4054673 0.3798548 0.3664382 0.0000000 0.3211823 0.4698149 0.2587338 
NepSFB     0.2239927 0.2713069 0.3678746 0.3175845 0.0104430 0.3478849 0.3424069 0.3688731 0.3046206 0.3211823 0.0000000 0.3694841 0.2213404 
WPYJ       0.3478735 0.3999717 0.4339297 0.4877715 0.3838028 0.4185292 0.1996819 0.4195797 0.4043680 0.4698149 0.3694841 0.0000000 0.3351303 
MJM2940    0.1642049 0.2183426 0.3050631 0.2563943 0.1988694 0.2925052 0.3055778 0.3145247 0.3010423 0.2587338 0.2213404 0.3351303 0.0000000 
