13
DrolusSFB  0.0000000 0.2419604 0.2948251 0.2678151 0.2374995 0.2883649 0.3316374 0.4334584 0.4203477 0.2822118 0.2290206 0.3433429 0.1726385 
Dino       0.2419604 0.0000000 0.3458943 0.1847879 0.2313286 0.3244083 0.2718728 0.3460108 0.3695228 0.1208810 0.2222458 0.3245588 0.2072722 
MJM3360    0.2948251 0.3458943 0.0000000 0.3256344 0.2801796 0.2489282 0.3967218 0.3647913 0.3975246 0.3627943 0.2741817 0.3997799 0.2894122 
DrobinSFB  0.2678151 0.1847879 0.3256344 0.0000000 0.2600791 0.3259664 0.3096287 0.3508248 0.3889544 0.1901574 0.2587929 0.3590866 0.2424225 
Neam       0.2374995 0.2313286 0.2801796 0.2600791 0.0000000 0.2761407 0.2684429 0.3733970 0.4047766 0.2451472 0.0200364 0.3130756 0.1745022 
RuprSFB    0.2883649 0.3244083 0.2489282 0.3259664 0.2761407 0.0000000 0.3293921 0.3686189 0.3783971 0.3156532 0.2697944 0.3695189 0.2736458 
Retr       0.3316374 0.2718728 0.3967218 0.3096287 0.2684429 0.3293921 0.0000000 0.3912115 0.3886605 0.3225641 0.2760783 0.1839718 0.2756756 
Beta       0.4334584 0.3460108 0.3647913 0.3508248 0.3733970 0.3686189 0.3912115 0.0000000 0.1995670 0.4030785 0.3886495 0.4120479 0.3749705 
Spol       0.4203477 0.3695228 0.3975246 0.3889544 0.4047766 0.3783971 0.3886605 0.1995670 0.0000000 0.4182396 0.4150571 0.3992813 0.4105315 
MJM1652    0.2822118 0.1208810 0.3627943 0.1901574 0.2451472 0.3156532 0.3225641 0.4030785 0.4182396 0.0000000 0.2315737 0.3551903 0.2327824 
NepSFB     0.2290206 0.2222458 0.2741817 0.2587929 0.0200364 0.2697944 0.2760783 0.3886495 0.4150571 0.2315737 0.0000000 0.3164734 0.1716263 
WPYJ       0.3433429 0.3245588 0.3997799 0.3590866 0.3130756 0.3695189 0.1839718 0.4120479 0.3992813 0.3551903 0.3164734 0.0000000 0.3302618 
MJM2940    0.1726385 0.2072722 0.2894122 0.2424225 0.1745022 0.2736458 0.2756756 0.3749705 0.4105315 0.2327824 0.1716263 0.3302618 0.0000000 
