13
DrolusSFB  0.0000000 0.4204212 0.3651184 0.4311265 0.2954630 0.4681855 0.5142457 0.4720480 0.4619243 0.4226085 0.2937654 0.5459658 0.2392619 
Dino       0.4204212 0.0000000 0.4137924 0.2051434 0.3423111 0.5137669 0.5024605 0.5042500 0.5431955 0.1977779 0.3494430 0.5004904 0.3579052 
MJM3360    0.3651184 0.4137924 0.0000000 0.4105187 0.3452942 0.3451923 0.4309614 0.4037555 0.4415990 0.4240413 0.3450373 0.4381464 0.3456171 
DrobinSFB  0.4311265 0.2051434 0.4105187 0.0000000 0.3796662 0.5280904 0.5345113 0.5474497 0.5447282 0.2710811 0.3909696 0.5197938 0.3913882 
Neam       0.2954630 0.3423111 0.3452942 0.3796662 0.0000000 0.4562522 0.4658961 0.4516091 0.4430424 0.3882572 0.0095755 0.4802748 0.2655449 
RuprSFB    0.4681855 0.5137669 0.3451923 0.5280904 0.4562522 0.0000000 0.5736146 0.5422642 0.5642941 0.6187828 0.4633073 0.5444234 0.4620760 
Retr       0.5142457 0.5024605 0.4309614 0.5345113 0.4658961 0.5736146 0.0000000 0.5176259 0.5174811 0.5679510 0.4783032 0.2142592 0.4915074 
Beta       0.4720480 0.5042500 0.4037555 0.5474497 0.4516091 0.5422642 0.5176259 0.0000000 0.1628008 0.5559463 0.4689933 0.5157323 0.4785782 
Spol       0.4619243 0.5431955 0.4415990 0.5447282 0.4430424 0.5642941 0.5174811 0.1628008 0.0000000 0.5168644 0.4515302 0.5080275 0.4593947 
MJM1652    0.4226085 0.1977779 0.4240413 0.2710811 0.3882572 0.6187828 0.5679510 0.5559463 0.5168644 0.0000000 0.3960001 0.5648340 0.3987541 
NepSFB     0.2937654 0.3494430 0.3450373 0.3909696 0.0095755 0.4633073 0.4783032 0.4689933 0.4515302 0.3960001 0.0000000 0.4868798 0.2681469 
WPYJ       0.5459658 0.5004904 0.4381464 0.5197938 0.4802748 0.5444234 0.2142592 0.5157323 0.5080275 0.5648340 0.4868798 0.0000000 0.4760628 
MJM2940    0.2392619 0.3579052 0.3456171 0.3913882 0.2655449 0.4620760 0.4915074 0.4785782 0.4593947 0.3987541 0.2681469 0.4760628 0.0000000 
