13
DrolusSFB  0.0000000 0.2745084 0.4517711 0.3151314 0.2351642 0.4185710 0.3594462 0.3877464 0.3881121 0.3027533 0.2333124 0.3804005 0.1612513 
Dino       0.2745084 0.0000000 0.4152095 0.1691909 0.1922786 0.3530132 0.3273953 0.3443996 0.3442493 0.1262451 0.1886501 0.3193542 0.2170902 
MJM3360    0.4517711 0.4152095 0.0000000 0.4813063 0.3774636 0.3552752 0.4143954 0.4875815 0.4809717 0.4075101 0.3788390 0.5417356 0.3967455 
DrobinSFB  0.3151314 0.1691909 0.4813063 0.0000000 0.2356781 0.3936320 0.3389002 0.3854823 0.4124860 0.1793926 0.2401931 0.3930927 0.2476556 
Neam       0.2351642 0.1922786 0.3774636 0.2356781 0.0000000 0.3002172 0.3202072 0.3236186 0.3328289 0.2156016 0.0118862 0.3645706 0.1759212 
RuprSFB    0.4185710 0.3530132 0.3552752 0.3936320 0.3002172 0.0000000 0.3258742 0.3948023 0.4074407 0.3494327 0.2950758 0.3822395 0.3068221 
Retr       0.3594462 0.3273953 0.4143954 0.3389002 0.3202072 0.3258742 0.0000000 0.3559410 0.3615380 0.3409014 0.3139268 0.1875317 0.2588211 
Beta       0.3877464 0.3443996 0.4875815 0.3854823 0.3236186 0.3948023 0.3559410 0.0000000 0.1209503 0.3757892 0.3215009 0.3535538 0.3143876 
Spol       0.3881121 0.3442493 0.4809717 0.4124860 0.3328289 0.4074407 0.3615380 0.1209503 0.0000000 0.3889200 0.3302535 0.3763967 0.3126556 
MJM1652    0.3027533 0.1262451 0.4075101 0.1793926 0.2156016 0.3494327 0.3409014 0.3757892 0.3889200 0.0000000 0.2178122 0.3555860 0.2376273 
NepSFB     0.2333124 0.1886501 0.3788390 0.2401931 0.0118862 0.2950758 0.3139268 0.3215009 0.3302535 0.2178122 0.0000000 0.3757524 0.1803462 
WPYJ       0.3804005 0.3193542 0.5417356 0.3930927 0.3645706 0.3822395 0.1875317 0.3535538 0.3763967 0.3555860 0.3757524 0.0000000 0.2985467 
MJM2940    0.1612513 0.2170902 0.3967455 0.2476556 0.1759212 0.3068221 0.2588211 0.3143876 0.3126556 0.2376273 0.1803462 0.2985467 0.0000000 
