13
DrolusSFB  0.0000000 0.1712000 0.2660489 0.2554483 0.1914767 0.2581893 0.2568413 0.2414550 0.2935026 0.2111696 0.1857362 0.2542347 0.1348981 
Dino       0.1712000 0.0000000 0.2464436 0.1706965 0.1681787 0.2224804 0.2190479 0.1855751 0.2325044 0.1119402 0.1695859 0.2354021 0.1573274 
MJM3360    0.2660489 0.2464436 0.0000000 0.2856318 0.2276217 0.2783918 0.2678900 0.2888382 0.2775441 0.2341228 0.2213526 0.3116020 0.1970891 
DrobinSFB  0.2554483 0.1706965 0.2856318 0.0000000 0.2221674 0.2756541 0.2814427 0.2650445 0.2815748 0.1530453 0.2348832 0.2596161 0.2215163 
Neam       0.1914767 0.1681787 0.2276217 0.2221674 0.0000000 0.2379998 0.2405884 0.2214719 0.2650853 0.2243048 0.0114969 0.2946064 0.1621833 
RuprSFB    0.2581893 0.2224804 0.2783918 0.2756541 0.2379998 0.0000000 0.2914177 0.2381807 0.2308728 0.2415434 0.2391684 0.2721153 0.2512583 
Retr       0.2568413 0.2190479 0.2678900 0.2814427 0.2405884 0.2914177 0.0000000 0.2230369 0.2446349 0.2274666 0.2471290 0.1682299 0.2266224 
Beta       0.2414550 0.1855751 0.2888382 0.2650445 0.2214719 0.2381807 0.2230369 0.0000000 0.1241100 0.1968476 0.2224636 0.2801389 0.1975188 
Spol       0.2935026 0.2325044 0.2775441 0.2815748 0.2650853 0.2308728 0.2446349 0.1241100 0.0000000 0.2459922 0.2687590 0.2765956 0.2179242 
MJM1652    0.2111696 0.1119402 0.2341228 0.1530453 0.2243048 0.2415434 0.2274666 0.1968476 0.2459922 0.0000000 0.2247600 0.2564704 0.1757289 
NepSFB     0.1857362 0.1695859 0.2213526 0.2348832 0.0114969 0.2391684 0.2471290 0.2224636 0.2687590 0.2247600 0.0000000 0.2876595 0.1656071 
WPYJ       0.2542347 0.2354021 0.3116020 0.2596161 0.2946064 0.2721153 0.1682299 0.2801389 0.2765956 0.2564704 0.2876595 0.0000000 0.2190069 
MJM2940    0.1348981 0.1573274 0.1970891 0.2215163 0.1621833 0.2512583 0.2266224 0.1975188 0.2179242 0.1757289 0.1656071 0.2190069 0.0000000 
