13
DrolusSFB  0.0000000 0.2953672 0.3591645 0.3889999 0.2781701 0.3244267 0.3511913 0.3826150 0.4156472 0.2987101 0.2812357 0.3745051 0.2003953 
Dino       0.2953672 0.0000000 0.3315524 0.1776309 0.2215172 0.2849124 0.3434112 0.3681749 0.3918906 0.1162221 0.2251852 0.3600966 0.2581452 
MJM3360    0.3591645 0.3315524 0.0000000 0.3448846 0.2915833 0.2376928 0.3170582 0.3471526 0.3556513 0.3151607 0.2922020 0.3618246 0.2722514 
DrobinSFB  0.3889999 0.1776309 0.3448846 0.0000000 0.3223421 0.3374566 0.3798351 0.5025969 0.5179353 0.1564627 0.3232497 0.3842727 0.3391522 
Neam       0.2781701 0.2215172 0.2915833 0.3223421 0.0000000 0.2786640 0.2891637 0.3382157 0.3590198 0.2259342 0.0110438 0.3400090 0.2035085 
RuprSFB    0.3244267 0.2849124 0.2376928 0.3374566 0.2786640 0.0000000 0.2937786 0.3454081 0.3791198 0.3079537 0.2786667 0.3237422 0.2556392 
Retr       0.3511913 0.3434112 0.3170582 0.3798351 0.2891637 0.2937786 0.0000000 0.3316450 0.3613125 0.3260994 0.2909546 0.2026005 0.3013214 
Beta       0.3826150 0.3681749 0.3471526 0.5025969 0.3382157 0.3454081 0.3316450 0.0000000 0.1600324 0.3166796 0.3349486 0.3512976 0.3472471 
Spol       0.4156472 0.3918906 0.3556513 0.5179353 0.3590198 0.3791198 0.3613125 0.1600324 0.0000000 0.2990218 0.3514917 0.3693406 0.3680917 
MJM1652    0.2987101 0.1162221 0.3151607 0.1564627 0.2259342 0.3079537 0.3260994 0.3166796 0.2990218 0.0000000 0.2241611 0.3258422 0.2568957 
NepSFB     0.2812357 0.2251852 0.2922020 0.3232497 0.0110438 0.2786667 0.2909546 0.3349486 0.3514917 0.2241611 0.0000000 0.3366505 0.2069944 
WPYJ       0.3745051 0.3600966 0.3618246 0.3842727 0.3400090 0.3237422 0.2026005 0.3512976 0.3693406 0.3258422 0.3366505 0.0000000 0.3463872 
MJM2940    0.2003953 0.2581452 0.2722514 0.3391522 0.2035085 0.2556392 0.3013214 0.3472471 0.3680917 0.2568957 0.2069944 0.3463872 0.0000000 
