13
DrolusSFB  0.0000000 0.2948678 0.3663649 0.3397430 0.2336390 0.2956334 0.3127439 0.3456495 0.3370290 0.2973347 0.2376697 0.3924496 0.1502512 
Dino       0.2948678 0.0000000 0.3583182 0.2086904 0.2423678 0.3263494 0.3847881 0.3728244 0.3832135 0.1110482 0.2466310 0.3928642 0.1976697 
MJM3360    0.3663649 0.3583182 0.0000000 0.4268040 0.3206670 0.2985078 0.3870469 0.3968857 0.3817675 0.3502629 0.3256259 0.4131185 0.2844247 
DrobinSFB  0.3397430 0.2086904 0.4268040 0.0000000 0.3065646 0.3793233 0.3898744 0.4414773 0.4213050 0.2366809 0.3148647 0.4758469 0.2695849 
Neam       0.2336390 0.2423678 0.3206670 0.3065646 0.0000000 0.2812373 0.2980112 0.3259530 0.3261245 0.2588771 0.0089735 0.3304196 0.1509789 
RuprSFB    0.2956334 0.3263494 0.2985078 0.3793233 0.2812373 0.0000000 0.4018418 0.3595064 0.3468976 0.3263761 0.2888031 0.4201089 0.2438256 
Retr       0.3127439 0.3847881 0.3870469 0.3898744 0.2980112 0.4018418 0.0000000 0.3228681 0.3394655 0.3860907 0.3141980 0.2111807 0.2667889 
Beta       0.3456495 0.3728244 0.3968857 0.4414773 0.3259530 0.3595064 0.3228681 0.0000000 0.1404105 0.4042735 0.3244508 0.4372437 0.2932364 
Spol       0.3370290 0.3832135 0.3817675 0.4213050 0.3261245 0.3468976 0.3394655 0.1404105 0.0000000 0.3976671 0.3256703 0.4207109 0.2741727 
MJM1652    0.2973347 0.1110482 0.3502629 0.2366809 0.2588771 0.3263761 0.3860907 0.4042735 0.3976671 0.0000000 0.2605662 0.4103811 0.2282907 
NepSFB     0.2376697 0.2466310 0.3256259 0.3148647 0.0089735 0.2888031 0.3141980 0.3244508 0.3256703 0.2605662 0.0000000 0.3368071 0.1626114 
WPYJ       0.3924496 0.3928642 0.4131185 0.4758469 0.3304196 0.4201089 0.2111807 0.4372437 0.4207109 0.4103811 0.3368071 0.0000000 0.3142006 
MJM2940    0.1502512 0.1976697 0.2844247 0.2695849 0.1509789 0.2438256 0.2667889 0.2932364 0.2741727 0.2282907 0.1626114 0.3142006 0.0000000 
