13
DrolusSFB  0.0000000 0.3526754 0.4274924 0.3729405 0.3532521 0.3704954 0.3551450 0.4899157 0.4763714 0.3771962 0.3573861 0.4007786 0.2380243 
Dino       0.3526754 0.0000000 0.4729137 0.2047033 0.2781634 0.3789921 0.3760016 0.4380018 0.4206363 0.1396730 0.2762908 0.4446163 0.2747355 
MJM3360    0.4274924 0.4729137 0.0000000 0.4785492 0.4132943 0.3212815 0.4837715 0.4761147 0.4848775 0.4532957 0.4143688 0.5048249 0.4042673 
DrobinSFB  0.3729405 0.2047033 0.4785492 0.0000000 0.3421048 0.3959936 0.3959118 0.4840975 0.4793367 0.2248754 0.3369266 0.4490819 0.3401607 
Neam       0.3532521 0.2781634 0.4132943 0.3421048 0.0000000 0.3465418 0.3015946 0.3841368 0.3972854 0.3141244 0.0091237 0.3742323 0.2601459 
RuprSFB    0.3704954 0.3789921 0.3212815 0.3959936 0.3465418 0.0000000 0.3772213 0.5104989 0.4907600 0.3758041 0.3550151 0.4389870 0.3399998 
Retr       0.3551450 0.3760016 0.4837715 0.3959118 0.3015946 0.3772213 0.0000000 0.4339489 0.4247648 0.4211665 0.3050942 0.2203307 0.2976031 
Beta       0.4899157 0.4380018 0.4761147 0.4840975 0.3841368 0.5104989 0.4339489 0.0000000 0.1933556 0.4666206 0.3777151 0.4478022 0.4292609 
Spol       0.4763714 0.4206363 0.4848775 0.4793367 0.3972854 0.4907600 0.4247648 0.1933556 0.0000000 0.4500703 0.3968734 0.4331096 0.4079686 
MJM1652    0.3771962 0.1396730 0.4532957 0.2248754 0.3141244 0.3758041 0.4211665 0.4666206 0.4500703 0.0000000 0.3153851 0.4815408 0.3082198 
NepSFB     0.3573861 0.2762908 0.4143688 0.3369266 0.0091237 0.3550151 0.3050942 0.3777151 0.3968734 0.3153851 0.0000000 0.3713629 0.2623718 
WPYJ       0.4007786 0.4446163 0.5048249 0.4490819 0.3742323 0.4389870 0.2203307 0.4478022 0.4331096 0.4815408 0.3713629 0.0000000 0.3519011 
MJM2940    0.2380243 0.2747355 0.4042673 0.3401607 0.2601459 0.3399998 0.2976031 0.4292609 0.4079686 0.3082198 0.2623718 0.3519011 0.0000000 
