13
DrolusSFB  0.0000000 0.3873817 0.3110963 0.3054554 0.2139192 0.3312113 0.3347505 0.3907672 0.3897388 0.3751383 0.2409604 0.3606989 0.1704581 
Dino       0.3873817 0.0000000 0.3996235 0.2831534 0.2973146 0.3545763 0.4844647 0.5145867 0.4849526 0.2503591 0.3076862 0.5170704 0.2938206 
MJM3360    0.3110963 0.3996235 0.0000000 0.2955845 0.2707299 0.2108459 0.3136665 0.3697611 0.4077235 0.3411203 0.2965287 0.3127477 0.2724147 
DrobinSFB  0.3054554 0.2831534 0.2955845 0.0000000 0.2031165 0.2878698 0.3457993 0.3992469 0.3826419 0.2236025 0.2156728 0.3640946 0.2249409 
Neam       0.2139192 0.2973146 0.2707299 0.2031165 0.0000000 0.2296704 0.3072230 0.3279702 0.3158214 0.2540639 0.0110705 0.3275256 0.1419221 
RuprSFB    0.3312113 0.3545763 0.2108459 0.2878698 0.2296704 0.0000000 0.2837402 0.3647768 0.3676593 0.3011328 0.2441026 0.3184007 0.2508936 
Retr       0.3347505 0.4844647 0.3136665 0.3457993 0.3072230 0.2837402 0.0000000 0.4560014 0.4568372 0.4060065 0.3325692 0.1919757 0.2911592 
Beta       0.3907672 0.5145867 0.3697611 0.3992469 0.3279702 0.3647768 0.4560014 0.0000000 0.2069417 0.4156603 0.3549307 0.4544819 0.3457774 
Spol       0.3897388 0.4849526 0.4077235 0.3826419 0.3158214 0.3676593 0.4568372 0.2069417 0.0000000 0.4443478 0.3370171 0.4522633 0.3598027 
MJM1652    0.3751383 0.2503591 0.3411203 0.2236025 0.2540639 0.3011328 0.4060065 0.4156603 0.4443478 0.0000000 0.2637515 0.4437073 0.2739180 
NepSFB     0.2409604 0.3076862 0.2965287 0.2156728 0.0110705 0.2441026 0.3325692 0.3549307 0.3370171 0.2637515 0.0000000 0.3416267 0.1530410 
WPYJ       0.3606989 0.5170704 0.3127477 0.3640946 0.3275256 0.3184007 0.1919757 0.4544819 0.4522633 0.4437073 0.3416267 0.0000000 0.3400435 
MJM2940    0.1704581 0.2938206 0.2724147 0.2249409 0.1419221 0.2508936 0.2911592 0.3457774 0.3598027 0.2739180 0.1530410 0.3400435 0.0000000 
