13
DrolusSFB  0.0000000 0.3100018 0.3610447 0.3516017 0.2407384 0.3255053 0.3348854 0.3547303 0.3340196 0.3558081 0.2572136 0.3348310 0.1998121 
Dino       0.3100018 0.0000000 0.3276045 0.1611535 0.1821627 0.2667273 0.3053200 0.3237141 0.3172920 0.1321905 0.1975061 0.3309481 0.2270984 
MJM3360    0.3610447 0.3276045 0.0000000 0.3907019 0.2719222 0.2417074 0.3182129 0.3489669 0.3224567 0.4000455 0.2632209 0.3637485 0.2872793 
DrobinSFB  0.3516017 0.1611535 0.3907019 0.0000000 0.2532059 0.3460253 0.3511652 0.4210447 0.4200590 0.2269950 0.2772943 0.3709163 0.3034724 
Neam       0.2407384 0.1821627 0.2719222 0.2532059 0.0000000 0.2344094 0.2415611 0.2746593 0.2764304 0.2488887 0.0128277 0.2590256 0.1632561 
RuprSFB    0.3255053 0.2667273 0.2417074 0.3460253 0.2344094 0.0000000 0.3212035 0.3253383 0.3007639 0.3573074 0.2404018 0.3373271 0.2388938 
Retr       0.3348854 0.3053200 0.3182129 0.3511652 0.2415611 0.3212035 0.0000000 0.3234398 0.3214387 0.3670874 0.2749347 0.1693437 0.2693822 
Beta       0.3547303 0.3237141 0.3489669 0.4210447 0.2746593 0.3253383 0.3234398 0.0000000 0.1118320 0.3661481 0.2994601 0.3671198 0.2970483 
Spol       0.3340196 0.3172920 0.3224567 0.4200590 0.2764304 0.3007639 0.3214387 0.1118320 0.0000000 0.3833775 0.2998707 0.3515434 0.2804000 
MJM1652    0.3558081 0.1321905 0.4000455 0.2269950 0.2488887 0.3573074 0.3670874 0.3661481 0.3833775 0.0000000 0.2811275 0.3837116 0.2639588 
NepSFB     0.2572136 0.1975061 0.2632209 0.2772943 0.0128277 0.2404018 0.2749347 0.2994601 0.2998707 0.2811275 0.0000000 0.3008365 0.1719620 
WPYJ       0.3348310 0.3309481 0.3637485 0.3709163 0.2590256 0.3373271 0.1693437 0.3671198 0.3515434 0.3837116 0.3008365 0.0000000 0.2986512 
MJM2940    0.1998121 0.2270984 0.2872793 0.3034724 0.1632561 0.2388938 0.2693822 0.2970483 0.2804000 0.2639588 0.1719620 0.2986512 0.0000000 
