13
DrolusSFB  0.0000000 0.3190803 0.2996930 0.3385273 0.2513459 0.2667767 0.3250457 0.3441472 0.4429342 0.3357419 0.2396043 0.3220609 0.1974572 
Dino       0.3190803 0.0000000 0.3495732 0.1750967 0.2728063 0.3140580 0.3291931 0.3268304 0.4272339 0.1427276 0.2922270 0.3122254 0.2772777 
MJM3360    0.2996930 0.3495732 0.0000000 0.3694637 0.2964574 0.2552260 0.3327436 0.3513755 0.4538132 0.3875902 0.2770586 0.3418487 0.3027390 
DrobinSFB  0.3385273 0.1750967 0.3694637 0.0000000 0.3054632 0.3388276 0.3572464 0.3618253 0.4513682 0.2141878 0.3153007 0.3322192 0.3114574 
Neam       0.2513459 0.2728063 0.2964574 0.3054632 0.0000000 0.2564857 0.2977743 0.3321677 0.4070154 0.2924001 0.0096405 0.2985292 0.1983322 
RuprSFB    0.2667767 0.3140580 0.2552260 0.3388276 0.2564857 0.0000000 0.2912054 0.2977360 0.4282741 0.3400724 0.2504479 0.2996730 0.2339018 
Retr       0.3250457 0.3291931 0.3327436 0.3572464 0.2977743 0.2912054 0.0000000 0.3356522 0.4568332 0.3665371 0.2955229 0.1940794 0.2775409 
Beta       0.3441472 0.3268304 0.3513755 0.3618253 0.3321677 0.2977360 0.3356522 0.0000000 0.2096059 0.3548236 0.2992239 0.3087255 0.3150625 
Spol       0.4429342 0.4272339 0.4538132 0.4513682 0.4070154 0.4282741 0.4568332 0.2096059 0.0000000 0.4538879 0.3649362 0.3966441 0.4016474 
MJM1652    0.3357419 0.1427276 0.3875902 0.2141878 0.2924001 0.3400724 0.3665371 0.3548236 0.4538879 0.0000000 0.3217332 0.3525046 0.3072071 
NepSFB     0.2396043 0.2922270 0.2770586 0.3153007 0.0096405 0.2504479 0.2955229 0.2992239 0.3649362 0.3217332 0.0000000 0.2878082 0.1823707 
WPYJ       0.3220609 0.3122254 0.3418487 0.3322192 0.2985292 0.2996730 0.1940794 0.3087255 0.3966441 0.3525046 0.2878082 0.0000000 0.2681983 
MJM2940    0.1974572 0.2772777 0.3027390 0.3114574 0.1983322 0.2339018 0.2775409 0.3150625 0.4016474 0.3072071 0.1823707 0.2681983 0.0000000 
