13
DrolusSFB  0.0000000 0.3432070 0.4114289 0.3229083 0.2613993 0.4436650 0.3926245 0.3542224 0.3727871 0.3428010 0.2586036 0.4441903 0.1874562 
Dino       0.3432070 0.0000000 0.4368776 0.2553114 0.2791487 0.4724332 0.4015998 0.4126813 0.4429876 0.2198976 0.2732501 0.4065716 0.3117888 
MJM3360    0.4114289 0.4368776 0.0000000 0.4542525 0.3638552 0.3755214 0.3812906 0.4195709 0.4276063 0.4472162 0.3622352 0.3945980 0.3344723 
DrobinSFB  0.3229083 0.2553114 0.4542525 0.0000000 0.3057988 0.4954235 0.4526716 0.3967123 0.4165651 0.2259350 0.3027816 0.4467464 0.2996443 
Neam       0.2613993 0.2791487 0.3638552 0.3057988 0.0000000 0.3863598 0.3628754 0.3420165 0.3441221 0.2832144 0.0063059 0.3928652 0.2100521 
RuprSFB    0.4436650 0.4724332 0.3755214 0.4954235 0.3863598 0.0000000 0.3923224 0.4678768 0.4505888 0.4747855 0.3852907 0.4313833 0.3538433 
Retr       0.3926245 0.4015998 0.3812906 0.4526716 0.3628754 0.3923224 0.0000000 0.4006238 0.4114386 0.3892221 0.3613048 0.1949408 0.3474849 
Beta       0.3542224 0.4126813 0.4195709 0.3967123 0.3420165 0.4678768 0.4006238 0.0000000 0.1111003 0.4022010 0.3405611 0.4161554 0.3245678 
Spol       0.3727871 0.4429876 0.4276063 0.4165651 0.3441221 0.4505888 0.4114386 0.1111003 0.0000000 0.4321911 0.3444097 0.4240959 0.3477746 
MJM1652    0.3428010 0.2198976 0.4472162 0.2259350 0.2832144 0.4747855 0.3892221 0.4022010 0.4321911 0.0000000 0.2802206 0.3886517 0.3027433 
NepSFB     0.2586036 0.2732501 0.3622352 0.3027816 0.0063059 0.3852907 0.3613048 0.3405611 0.3444097 0.2802206 0.0000000 0.3878665 0.2101241 
WPYJ       0.4441903 0.4065716 0.3945980 0.4467464 0.3928652 0.4313833 0.1949408 0.4161554 0.4240959 0.3886517 0.3878665 0.0000000 0.3823671 
MJM2940    0.1874562 0.3117888 0.3344723 0.2996443 0.2100521 0.3538433 0.3474849 0.3245678 0.3477746 0.3027433 0.2101241 0.3823671 0.0000000 
