13
DrolusSFB  0.0000000 0.4679910 0.6048230 0.5729725 0.4015991 0.4756785 0.2572725 0.5901227 0.5554830 0.5785404 0.3958395 9.0000000 0.2888827 
Dino       0.4679910 0.0000000 0.5482821 0.1459368 0.2503200 0.3857897 0.2454558 0.4444184 0.4617006 0.1786456 0.2516969 0.2540622 0.3319952 
MJM3360    0.6048230 0.5482821 0.0000000 0.5278843 0.3995903 0.3671802 0.4396815 0.5753974 0.5413503 0.5526059 0.4026605 0.4112091 0.4719277 
DrobinSFB  0.5729725 0.1459368 0.5278843 0.0000000 0.3512913 0.3531352 0.2784651 0.5490831 0.5235895 0.2514035 0.3495581 0.2837783 0.4297886 
Neam       0.4015991 0.2503200 0.3995903 0.3512913 0.0000000 0.2758529 0.2372771 0.4176490 0.4230023 0.3666414 0.0125630 0.2360177 0.2648744 
RuprSFB    0.4756785 0.3857897 0.3671802 0.3531352 0.2758529 0.0000000 0.2516638 0.4229045 0.4489831 0.3708712 0.2861523 0.2510544 0.3657979 
Retr       0.2572725 0.2454558 0.4396815 0.2784651 0.2372771 0.2516638 0.0000000 0.3259690 0.3711372 0.2874410 0.2512367 0.1279622 0.2309155 
Beta       0.5901227 0.4444184 0.5753974 0.5490831 0.4176490 0.4229045 0.3259690 0.0000000 0.1711362 0.5597030 0.4177838 0.3076988 0.4625534 
Spol       0.5554830 0.4617006 0.5413503 0.5235895 0.4230023 0.4489831 0.3711372 0.1711362 0.0000000 0.5441768 0.4285316 0.3305151 0.4301248 
MJM1652    0.5785404 0.1786456 0.5526059 0.2514035 0.3666414 0.3708712 0.2874410 0.5597030 0.5441768 0.0000000 0.3648143 0.3058835 0.4288474 
NepSFB     0.3958395 0.2516969 0.4026605 0.3495581 0.0125630 0.2861523 0.2512367 0.4177838 0.4285316 0.3648143 0.0000000 0.2454134 0.2648980 
WPYJ       9.0000000 0.2540622 0.4112091 0.2837783 0.2360177 0.2510544 0.1279622 0.3076988 0.3305151 0.3058835 0.2454134 0.0000000 0.2800912 
MJM2940    0.2888827 0.3319952 0.4719277 0.4297886 0.2648744 0.3657979 0.2309155 0.4625534 0.4301248 0.4288474 0.2648980 0.2800912 0.0000000 
