13
DrolusSFB  0.0000000 0.3724730 0.6355182 0.4069314 0.3097859 0.4912118 0.4489171 0.4986123 0.5406922 0.3850784 0.3163567 0.5508211 0.2322278 
Dino       0.3724730 0.0000000 0.5106089 0.1794335 0.2259951 0.4222377 0.3686430 0.4249667 0.4647849 0.1301420 0.2250543 0.4672337 0.2608105 
MJM3360    0.6355182 0.5106089 0.0000000 0.5473763 0.4948414 0.4751375 0.5127676 0.5764790 0.5790955 0.5343882 0.4970365 0.6078943 0.5225506 
DrobinSFB  0.4069314 0.1794335 0.5473763 0.0000000 0.2861942 0.4719347 0.4044921 0.4945658 0.4810567 0.2020441 0.2896300 0.5000608 0.3162491 
Neam       0.3097859 0.2259951 0.4948414 0.2861942 0.0000000 0.3828267 0.3444334 0.3848606 0.4258398 0.2431117 0.0098819 0.3947634 0.1972376 
RuprSFB    0.4912118 0.4222377 0.4751375 0.4719347 0.3828267 0.0000000 0.4163402 0.4814204 0.5103727 0.4553399 0.3829691 0.4873322 0.3894175 
Retr       0.4489171 0.3686430 0.5127676 0.4044921 0.3444334 0.4163402 0.0000000 0.4453841 0.4890773 0.3978641 0.3439254 0.2212982 0.3612392 
Beta       0.4986123 0.4249667 0.5764790 0.4945658 0.3848606 0.4814204 0.4453841 0.0000000 0.1857629 0.4451696 0.3820251 0.5032543 0.4271890 
Spol       0.5406922 0.4647849 0.5790955 0.4810567 0.4258398 0.5103727 0.4890773 0.1857629 0.0000000 0.4801772 0.4286176 0.5595526 0.4757553 
MJM1652    0.3850784 0.1301420 0.5343882 0.2020441 0.2431117 0.4553399 0.3978641 0.4451696 0.4801772 0.0000000 0.2427269 0.4650021 0.2717032 
NepSFB     0.3163567 0.2250543 0.4970365 0.2896300 0.0098819 0.3829691 0.3439254 0.3820251 0.4286176 0.2427269 0.0000000 0.3877511 0.2028643 
WPYJ       0.5508211 0.4672337 0.6078943 0.5000608 0.3947634 0.4873322 0.2212982 0.5032543 0.5595526 0.4650021 0.3877511 0.0000000 0.4488280 
MJM2940    0.2322278 0.2608105 0.5225506 0.3162491 0.1972376 0.3894175 0.3612392 0.4271890 0.4757553 0.2717032 0.2028643 0.4488280 0.0000000 
