13
DrolusSFB  0.0000000 0.2254694 0.3300739 0.2509487 0.1955243 0.2860283 0.3010326 0.2797381 0.3235386 0.2195872 0.1951607 0.3292950 0.1368057 
Dino       0.2254694 0.0000000 0.2853802 0.2030601 0.3162679 0.2219148 0.3081031 0.2307707 0.2764267 0.1325843 0.3233418 0.2873947 0.2398240 
MJM3360    0.3300739 0.2853802 0.0000000 0.2853712 0.2915639 0.2407513 0.3328696 0.3237250 0.3937547 0.2919014 0.2911336 0.3266844 0.3068461 
DrobinSFB  0.2509487 0.2030601 0.2853712 0.0000000 0.4165098 0.2577884 0.2719851 0.2686996 0.3317605 0.2148319 0.4193457 0.3292809 0.2677833 
Neam       0.1955243 0.3162679 0.2915639 0.4165098 0.0000000 0.2387978 0.2470533 0.2163395 0.2901846 0.3260652 0.0114382 0.2847931 0.1710580 
RuprSFB    0.2860283 0.2219148 0.2407513 0.2577884 0.2387978 0.0000000 0.2551459 0.2560248 0.3137107 0.2311420 0.2356094 0.2876869 0.2380273 
Retr       0.3010326 0.3081031 0.3328696 0.2719851 0.2470533 0.2551459 0.0000000 0.3293862 0.3762052 0.2971748 0.2493990 0.1852166 0.2582568 
Beta       0.2797381 0.2307707 0.3237250 0.2686996 0.2163395 0.2560248 0.3293862 0.0000000 0.1262519 0.2584386 0.2179542 0.3547958 0.2488525 
Spol       0.3235386 0.2764267 0.3937547 0.3317605 0.2901846 0.3137107 0.3762052 0.1262519 0.0000000 0.3272803 0.2918435 0.3809808 0.2791462 
MJM1652    0.2195872 0.1325843 0.2919014 0.2148319 0.3260652 0.2311420 0.2971748 0.2584386 0.3272803 0.0000000 0.3304414 0.2859014 0.2685453 
NepSFB     0.1951607 0.3233418 0.2911336 0.4193457 0.0114382 0.2356094 0.2493990 0.2179542 0.2918435 0.3304414 0.0000000 0.2864597 0.1742119 
WPYJ       0.3292950 0.2873947 0.3266844 0.3292809 0.2847931 0.2876869 0.1852166 0.3547958 0.3809808 0.2859014 0.2864597 0.0000000 0.2786094 
MJM2940    0.1368057 0.2398240 0.3068461 0.2677833 0.1710580 0.2380273 0.2582568 0.2488525 0.2791462 0.2685453 0.1742119 0.2786094 0.0000000 
