13
DrolusSFB  0.0000000 0.3637062 0.4558840 0.4442671 0.2733916 0.3684825 0.4948665 0.4222741 0.4461786 0.4094862 0.2538310 0.4248650 0.1993286 
Dino       0.3637062 0.0000000 0.4712578 0.2179397 0.2741822 0.3900704 0.5146940 0.4580171 0.4944865 0.1445325 0.2470574 0.4528272 0.3004697 
MJM3360    0.4558840 0.4712578 0.0000000 0.5179097 0.3752547 0.3131620 0.5379490 0.4696239 0.4944023 0.5185120 0.3551755 0.4917994 0.3911969 
DrobinSFB  0.4442671 0.2179397 0.5179097 0.0000000 0.3677487 0.4666044 0.5585690 0.5419934 0.5630398 0.2642798 0.3272387 0.5126022 0.3727977 
Neam       0.2733916 0.2741822 0.3752547 0.3677487 0.0000000 0.3252036 0.4261014 0.4007347 0.4228150 0.3473835 0.0107913 0.4031962 0.1962217 
RuprSFB    0.3684825 0.3900704 0.3131620 0.4666044 0.3252036 0.0000000 0.4503428 0.4165426 0.4425641 0.4176567 0.2956620 0.3957794 0.3242897 
Retr       0.4948665 0.5146940 0.5379490 0.5585690 0.4261014 0.4503428 0.0000000 0.5118306 0.5537642 0.5478812 0.4285207 0.2400523 0.4263836 
Beta       0.4222741 0.4580171 0.4696239 0.5419934 0.4007347 0.4165426 0.5118306 0.0000000 0.1453125 0.5041547 0.3527086 0.4328459 0.3623963 
Spol       0.4461786 0.4944865 0.4944023 0.5630398 0.4228150 0.4425641 0.5537642 0.1453125 0.0000000 0.5388257 0.3703667 0.4703287 0.3796681 
MJM1652    0.4094862 0.1445325 0.5185120 0.2642798 0.3473835 0.4176567 0.5478812 0.5041547 0.5388257 0.0000000 0.2978633 0.4742894 0.3537219 
NepSFB     0.2538310 0.2470574 0.3551755 0.3272387 0.0107913 0.2956620 0.4285207 0.3527086 0.3703667 0.2978633 0.0000000 0.3556595 0.1777594 
WPYJ       0.4248650 0.4528272 0.4917994 0.5126022 0.4031962 0.3957794 0.2400523 0.4328459 0.4703287 0.4742894 0.3556595 0.0000000 0.3705217 
MJM2940    0.1993286 0.3004697 0.3911969 0.3727977 0.1962217 0.3242897 0.4263836 0.3623963 0.3796681 0.3537219 0.1777594 0.3705217 0.0000000 
