13
DrolusSFB  0.0000000 0.2444771 0.4474362 0.2951938 0.2139961 0.3354998 0.3128089 0.3576838 0.3693071 0.2624118 0.2134443 0.5156982 0.1448123 
Dino       0.2444771 0.0000000 0.4861573 0.1956434 0.2173767 0.3648286 0.3557040 0.3766877 0.4183886 0.1285477 0.2202654 0.4833383 0.2458488 
MJM3360    0.4474362 0.4861573 0.0000000 0.5258242 0.4428426 0.3336869 9.0000000 0.4652574 0.4570658 0.5197510 0.4110170 0.4545821 0.4125565 
DrobinSFB  0.2951938 0.1956434 0.5258242 0.0000000 0.2804603 0.4157278 0.5272989 0.4145760 0.4357278 0.2252194 0.2801914 0.5752380 0.2822635 
Neam       0.2139961 0.2173767 0.4428426 0.2804603 0.0000000 0.3206631 0.3870743 0.3460297 0.3579598 0.2590547 0.0085473 0.4860683 0.1642360 
RuprSFB    0.3354998 0.3648286 0.3336869 0.4157278 0.3206631 0.0000000 0.4244147 0.3905044 0.3929927 0.4083330 0.3174831 0.4559325 0.3148682 
Retr       0.3128089 0.3557040 9.0000000 0.5272989 0.3870743 0.4244147 0.0000000 0.3671535 0.3965803 0.4193039 0.3852945 9.0000000 0.3136858 
Beta       0.3576838 0.3766877 0.4652574 0.4145760 0.3460297 0.3905044 0.3671535 0.0000000 0.1351069 0.3989476 0.3322504 0.4372821 0.3285458 
Spol       0.3693071 0.4183886 0.4570658 0.4357278 0.3579598 0.3929927 0.3965803 0.1351069 0.0000000 0.4352978 0.3484232 0.4659478 0.3457400 
MJM1652    0.2624118 0.1285477 0.5197510 0.2252194 0.2590547 0.4083330 0.4193039 0.3989476 0.4352978 0.0000000 0.2584422 0.5107157 0.2726350 
NepSFB     0.2134443 0.2202654 0.4110170 0.2801914 0.0085473 0.3174831 0.3852945 0.3322504 0.3484232 0.2584422 0.0000000 0.4232693 0.1632702 
WPYJ       0.5156982 0.4833383 0.4545821 0.5752380 0.4860683 0.4559325 9.0000000 0.4372821 0.4659478 0.5107157 0.4232693 0.0000000 0.4384652 
MJM2940    0.1448123 0.2458488 0.4125565 0.2822635 0.1642360 0.3148682 0.3136858 0.3285458 0.3457400 0.2726350 0.1632702 0.4384652 0.0000000 
