13
DrolusSFB  0.0000000 0.2695764 0.3433414 0.2862089 0.2517636 0.3468317 0.3538782 0.3530471 0.3790594 0.2959894 0.2567270 0.3869717 0.1810741 
Dino       0.2695764 0.0000000 0.3468543 0.1694702 0.2251705 0.3021660 0.3422769 0.3291438 0.3504066 0.1475468 0.2292803 0.3537133 0.2255727 
MJM3360    0.3433414 0.3468543 0.0000000 0.3804636 0.3341305 0.2820924 0.3769379 0.3781966 0.3887699 0.3890371 0.3335168 0.3794963 0.2946670 
DrobinSFB  0.2862089 0.1694702 0.3804636 0.0000000 0.2501605 0.3192806 0.3472302 0.3422186 0.3734858 0.1946583 0.2508853 0.3613037 0.2503766 
Neam       0.2517636 0.2251705 0.3341305 0.2501605 0.0000000 0.2827257 0.3266242 0.3224790 0.3371839 0.2555034 0.0146146 0.3583787 0.1867613 
RuprSFB    0.3468317 0.3021660 0.2820924 0.3192806 0.2827257 0.0000000 0.3408041 0.3265330 0.3541414 0.3435616 0.2873338 0.3618906 0.2613540 
Retr       0.3538782 0.3422769 0.3769379 0.3472302 0.3266242 0.3408041 0.0000000 0.3551189 0.3772053 0.3683414 0.3328197 0.1919035 0.3028418 
Beta       0.3530471 0.3291438 0.3781966 0.3422186 0.3224790 0.3265330 0.3551189 0.0000000 0.1350792 0.3470978 0.3312888 0.3730849 0.2924213 
Spol       0.3790594 0.3504066 0.3887699 0.3734858 0.3371839 0.3541414 0.3772053 0.1350792 0.0000000 0.3602038 0.3442600 0.3745210 0.3226610 
MJM1652    0.2959894 0.1475468 0.3890371 0.1946583 0.2555034 0.3435616 0.3683414 0.3470978 0.3602038 0.0000000 0.2587252 0.3718482 0.2635703 
NepSFB     0.2567270 0.2292803 0.3335168 0.2508853 0.0146146 0.2873338 0.3328197 0.3312888 0.3442600 0.2587252 0.0000000 0.3588037 0.1885815 
WPYJ       0.3869717 0.3537133 0.3794963 0.3613037 0.3583787 0.3618906 0.1919035 0.3730849 0.3745210 0.3718482 0.3588037 0.0000000 0.3441631 
MJM2940    0.1810741 0.2255727 0.2946670 0.2503766 0.1867613 0.2613540 0.3028418 0.2924213 0.3226610 0.2635703 0.1885815 0.3441631 0.0000000 
