13
DrolusSFB  0.0000000 0.2868273 0.3752265 0.3385769 0.2327801 0.3480357 0.3218693 0.3761751 0.4068629 0.2957350 0.2304090 0.3325101 0.1761220 
Dino       0.2868273 0.0000000 0.3680622 0.1978930 0.2429226 0.3957807 0.3023126 0.3768361 0.4251086 0.1340717 0.2394666 0.3231634 0.2560917 
MJM3360    0.3752265 0.3680622 0.0000000 0.4266564 0.3404882 0.3259534 0.3569462 0.4042510 0.4287491 0.3475095 0.3281553 0.3895830 0.3380893 
DrobinSFB  0.3385769 0.1978930 0.4266564 0.0000000 0.2953937 0.4160076 0.3535672 0.4350680 0.4782919 0.2197389 0.2929867 0.3484019 0.3068731 
Neam       0.2327801 0.2429226 0.3404882 0.2953937 0.0000000 0.3553452 0.2838246 0.3628484 0.3897118 0.2708445 0.0109441 0.2998926 0.1778639 
RuprSFB    0.3480357 0.3957807 0.3259534 0.4160076 0.3553452 0.0000000 0.3659813 0.3855029 0.4086577 0.3988660 0.3483173 0.3767971 0.3242296 
Retr       0.3218693 0.3023126 0.3569462 0.3535672 0.2838246 0.3659813 0.0000000 0.3590894 0.3981279 0.3202945 0.2768979 0.1524631 0.2751305 
Beta       0.3761751 0.3768361 0.4042510 0.4350680 0.3628484 0.3855029 0.3590894 0.0000000 0.1284265 0.3827572 0.3394847 0.3758794 0.3366218 
Spol       0.4068629 0.4251086 0.4287491 0.4782919 0.3897118 0.4086577 0.3981279 0.1284265 0.0000000 0.4316967 0.3730787 0.3933526 0.3806354 
MJM1652    0.2957350 0.1340717 0.3475095 0.2197389 0.2708445 0.3988660 0.3202945 0.3827572 0.4316967 0.0000000 0.2702680 0.3521622 0.2693666 
NepSFB     0.2304090 0.2394666 0.3281553 0.2929867 0.0109441 0.3483173 0.2768979 0.3394847 0.3730787 0.2702680 0.0000000 0.2956341 0.1754842 
WPYJ       0.3325101 0.3231634 0.3895830 0.3484019 0.2998926 0.3767971 0.1524631 0.3758794 0.3933526 0.3521622 0.2956341 0.0000000 0.3001614 
MJM2940    0.1761220 0.2560917 0.3380893 0.3068731 0.1778639 0.3242296 0.2751305 0.3366218 0.3806354 0.2693666 0.1754842 0.3001614 0.0000000 
