13
DrolusSFB  0.0000000 0.3216489 0.3872405 0.3564895 0.2877609 0.3814629 0.3419513 0.4323435 0.4387281 0.3209878 0.2827935 0.3763534 0.2032536 
Dino       0.3216489 0.0000000 0.3587516 0.2008409 0.2569419 0.3411411 0.3069786 0.4169879 0.4245304 0.1759305 0.2501977 0.3816893 0.2738791 
MJM3360    0.3872405 0.3587516 0.0000000 0.4150065 0.3476891 0.2943865 0.3532655 0.4218490 0.4046811 0.3585899 0.3352173 0.3776760 0.3202868 
DrobinSFB  0.3564895 0.2008409 0.4150065 0.0000000 0.2809681 0.4049167 0.3768691 0.4056874 0.4086527 0.2330540 0.2719524 0.3999364 0.2949284 
Neam       0.2877609 0.2569419 0.3476891 0.2809681 0.0000000 0.3010289 0.2959423 0.3762505 0.3716378 0.2950008 0.0148461 0.3256901 0.2117598 
RuprSFB    0.3814629 0.3411411 0.2943865 0.4049167 0.3010289 0.0000000 0.3238152 0.3638925 0.3664500 0.3426214 0.2908114 0.3485150 0.3006196 
Retr       0.3419513 0.3069786 0.3532655 0.3768691 0.2959423 0.3238152 0.0000000 0.3660394 0.3548495 0.3443478 0.2841785 0.1981325 0.2893550 
Beta       0.4323435 0.4169879 0.4218490 0.4056874 0.3762505 0.3638925 0.3660394 0.0000000 0.1449004 0.4532635 0.3745684 0.4368761 0.3731171 
Spol       0.4387281 0.4245304 0.4046811 0.4086527 0.3716378 0.3664500 0.3548495 0.1449004 0.0000000 0.4445923 0.3745522 0.4170171 0.3800226 
MJM1652    0.3209878 0.1759305 0.3585899 0.2330540 0.2950008 0.3426214 0.3443478 0.4532635 0.4445923 0.0000000 0.2885780 0.4092165 0.2935774 
NepSFB     0.2827935 0.2501977 0.3352173 0.2719524 0.0148461 0.2908114 0.2841785 0.3745684 0.3745522 0.2885780 0.0000000 0.3230274 0.2041480 
WPYJ       0.3763534 0.3816893 0.3776760 0.3999364 0.3256901 0.3485150 0.1981325 0.4368761 0.4170171 0.4092165 0.3230274 0.0000000 0.3126914 
MJM2940    0.2032536 0.2738791 0.3202868 0.2949284 0.2117598 0.3006196 0.2893550 0.3731171 0.3800226 0.2935774 0.2041480 0.3126914 0.0000000 
