13
DrolusSFB  0.0000000 0.3022654 0.3765817 0.3466421 0.2153650 0.2953830 0.3138793 0.3235681 0.3336420 0.3099699 0.2274143 0.3629729 0.1543993 
Dino       0.3022654 0.0000000 0.3668728 0.1795447 0.2283168 0.3125051 0.3410705 0.3234346 0.3221827 0.1168398 0.2176433 0.3848498 0.2402863 
MJM3360    0.3765817 0.3668728 0.0000000 0.4239126 0.2975625 0.2663738 0.3632487 0.3704295 0.3446760 0.3653209 0.3220463 0.3832317 0.3163752 
DrobinSFB  0.3466421 0.1795447 0.4239126 0.0000000 0.2845113 0.3519285 0.4013478 0.3804060 0.3815066 0.2008691 0.2709420 0.4569462 0.2910211 
Neam       0.2153650 0.2283168 0.2975625 0.2845113 0.0000000 0.2396045 0.2843006 0.2874397 0.3027879 0.2654458 0.0123678 0.3242271 0.1700946 
RuprSFB    0.2953830 0.3125051 0.2663738 0.3519285 0.2396045 0.0000000 0.3004322 0.3040455 0.3103628 0.3014799 0.2550925 0.3539716 0.2531937 
Retr       0.3138793 0.3410705 0.3632487 0.4013478 0.2843006 0.3004322 0.0000000 0.3164002 0.3379332 0.3514675 0.2981974 0.1708419 0.2875121 
Beta       0.3235681 0.3234346 0.3704295 0.3804060 0.2874397 0.3040455 0.3164002 0.0000000 0.1064178 0.3341144 0.2923270 0.3389145 0.2809905 
Spol       0.3336420 0.3221827 0.3446760 0.3815066 0.3027879 0.3103628 0.3379332 0.1064178 0.0000000 0.3472240 0.3091895 0.3622105 0.2866843 
MJM1652    0.3099699 0.1168398 0.3653209 0.2008691 0.2654458 0.3014799 0.3514675 0.3341144 0.3472240 0.0000000 0.2442497 0.4109356 0.2450848 
NepSFB     0.2274143 0.2176433 0.3220463 0.2709420 0.0123678 0.2550925 0.2981974 0.2923270 0.3091895 0.2442497 0.0000000 0.3262369 0.1788465 
WPYJ       0.3629729 0.3848498 0.3832317 0.4569462 0.3242271 0.3539716 0.1708419 0.3389145 0.3622105 0.4109356 0.3262369 0.0000000 0.3084647 
MJM2940    0.1543993 0.2402863 0.3163752 0.2910211 0.1700946 0.2531937 0.2875121 0.2809905 0.2866843 0.2450848 0.1788465 0.3084647 0.0000000 
