13
DrolusSFB  0.0000000 0.3169359 0.3352330 0.3538284 0.2272624 0.3693706 0.3224497 0.4058179 0.3805086 0.3597386 0.2369067 0.3494848 0.1908165 
Dino       0.3169359 0.0000000 0.3453177 0.1717263 0.2310678 0.3557099 0.3998241 0.4031523 0.4026100 0.1577336 0.2399218 0.4108019 0.2712930 
MJM3360    0.3352330 0.3453177 0.0000000 0.3814681 0.2931847 0.2904226 0.3673282 0.3646095 0.3769768 0.3785418 0.2999196 0.3749111 0.2998404 
DrobinSFB  0.3538284 0.1717263 0.3814681 0.0000000 0.2607307 0.3656229 0.3934214 0.4218816 0.4329197 0.2342324 0.2724697 0.4069785 0.3185390 
Neam       0.2272624 0.2310678 0.2931847 0.2607307 0.0000000 0.2837829 0.3021453 0.3337507 0.3243050 0.2652370 0.0144626 0.3146052 0.1663007 
RuprSFB    0.3693706 0.3557099 0.2904226 0.3656229 0.2837829 0.0000000 0.3537327 0.3464153 0.3642250 0.3803826 0.2920519 0.3698493 0.2640106 
Retr       0.3224497 0.3998241 0.3673282 0.3934214 0.3021453 0.3537327 0.0000000 0.3800511 0.3828954 0.4067512 0.3199351 0.2127203 0.2673925 
Beta       0.4058179 0.4031523 0.3646095 0.4218816 0.3337507 0.3464153 0.3800511 0.0000000 0.1240243 0.3864225 0.3381031 0.3887605 0.3207458 
Spol       0.3805086 0.4026100 0.3769768 0.4329197 0.3243050 0.3642250 0.3828954 0.1240243 0.0000000 0.3856481 0.3253419 0.3944031 0.2954776 
MJM1652    0.3597386 0.1577336 0.3785418 0.2342324 0.2652370 0.3803826 0.4067512 0.3864225 0.3856481 0.0000000 0.2807666 0.4406441 0.2979247 
NepSFB     0.2369067 0.2399218 0.2999196 0.2724697 0.0144626 0.2920519 0.3199351 0.3381031 0.3253419 0.2807666 0.0000000 0.3237405 0.1759328 
WPYJ       0.3494848 0.4108019 0.3749111 0.4069785 0.3146052 0.3698493 0.2127203 0.3887605 0.3944031 0.4406441 0.3237405 0.0000000 0.3017424 
MJM2940    0.1908165 0.2712930 0.2998404 0.3185390 0.1663007 0.2640106 0.2673925 0.3207458 0.2954776 0.2979247 0.1759328 0.3017424 0.0000000 
