13
DrolusSFB  0.0000000 0.3485418 0.4345605 0.4207054 0.2963327 0.3673732 0.3537176 0.3867336 0.3911585 0.3614238 0.2969462 0.4254385 0.2325884 
Dino       0.3485418 0.0000000 0.4660570 0.2197844 0.2644823 0.3235083 0.3115924 0.3970288 0.3830406 0.1057421 0.2641764 0.3660991 0.2604801 
MJM3360    0.4345605 0.4660570 0.0000000 0.5291750 0.4144197 0.3676635 0.4988751 0.5732983 0.5350138 0.4487476 0.4218184 0.5755849 0.4292525 
DrobinSFB  0.4207054 0.2197844 0.5291750 0.0000000 0.3506501 0.4102236 0.4082255 0.4514734 0.4493494 0.2326868 0.3483210 0.4664633 0.3424783 
Neam       0.2963327 0.2644823 0.4144197 0.3506501 0.0000000 0.3082040 0.2740288 0.3427625 0.3575610 0.2576533 0.0051270 0.3266701 0.2203332 
RuprSFB    0.3673732 0.3235083 0.3676635 0.4102236 0.3082040 0.0000000 0.3788352 0.4051775 0.4214795 0.3393330 0.3114338 0.4390886 0.3162638 
Retr       0.3537176 0.3115924 0.4988751 0.4082255 0.2740288 0.3788352 0.0000000 0.3651840 0.3570625 0.3235614 0.2782573 0.2167486 0.2710904 
Beta       0.3867336 0.3970288 0.5732983 0.4514734 0.3427625 0.4051775 0.3651840 0.0000000 0.1215355 0.3840459 0.3431174 0.4435416 0.3206890 
Spol       0.3911585 0.3830406 0.5350138 0.4493494 0.3575610 0.4214795 0.3570625 0.1215355 0.0000000 0.3589801 0.3578933 0.4786899 0.3157450 
MJM1652    0.3614238 0.1057421 0.4487476 0.2326868 0.2576533 0.3393330 0.3235614 0.3840459 0.3589801 0.0000000 0.2640968 0.3758705 0.2768802 
NepSFB     0.2969462 0.2641764 0.4218184 0.3483210 0.0051270 0.3114338 0.2782573 0.3431174 0.3578933 0.2640968 0.0000000 0.3265225 0.2263374 
WPYJ       0.4254385 0.3660991 0.5755849 0.4664633 0.3266701 0.4390886 0.2167486 0.4435416 0.4786899 0.3758705 0.3265225 0.0000000 0.3471426 
MJM2940    0.2325884 0.2604801 0.4292525 0.3424783 0.2203332 0.3162638 0.2710904 0.3206890 0.3157450 0.2768802 0.2263374 0.3471426 0.0000000 
