13
DrolusSFB  0.0000000 0.3267046 0.3744116 0.3684404 0.3150287 0.3683713 0.3333792 0.4192728 0.3923780 0.3051676 0.3290680 0.3737792 0.2295905 
Dino       0.3267046 0.0000000 0.3373107 0.2291765 0.2659949 0.3431433 0.2938068 0.3769620 0.3901049 0.1614934 0.2809554 0.2951643 0.2462167 
MJM3360    0.3744116 0.3373107 0.0000000 0.4193918 0.3457270 0.2877671 0.3507789 0.3618181 0.3824625 0.3608345 0.3589798 0.3621724 0.3457176 
DrobinSFB  0.3684404 0.2291765 0.4193918 0.0000000 0.3158176 0.3802918 0.3490847 0.4127860 0.3985860 0.2383284 0.3345669 0.3627280 0.3078870 
Neam       0.3150287 0.2659949 0.3457270 0.3158176 0.0000000 0.3348391 0.2885124 0.4166720 0.4050195 0.2852000 0.0139931 0.3092325 0.2408839 
RuprSFB    0.3683713 0.3431433 0.2877671 0.3802918 0.3348391 0.0000000 0.3291724 0.3414179 0.3368327 0.3555622 0.3456063 0.3269743 0.3222491 
Retr       0.3333792 0.2938068 0.3507789 0.3490847 0.2885124 0.3291724 0.0000000 0.3867764 0.3754807 0.2904498 0.3008976 0.1869748 0.2732748 
Beta       0.4192728 0.3769620 0.3618181 0.4127860 0.4166720 0.3414179 0.3867764 0.0000000 0.1668869 0.4276518 0.4203542 0.3956429 0.3852558 
Spol       0.3923780 0.3901049 0.3824625 0.3985860 0.4050195 0.3368327 0.3754807 0.1668869 0.0000000 0.3934251 0.4165047 0.3759716 0.3572490 
MJM1652    0.3051676 0.1614934 0.3608345 0.2383284 0.2852000 0.3555622 0.2904498 0.4276518 0.3934251 0.0000000 0.2890044 0.3238249 0.2620894 
NepSFB     0.3290680 0.2809554 0.3589798 0.3345669 0.0139931 0.3456063 0.3008976 0.4203542 0.4165047 0.2890044 0.0000000 0.3214071 0.2479020 
WPYJ       0.3737792 0.2951643 0.3621724 0.3627280 0.3092325 0.3269743 0.1869748 0.3956429 0.3759716 0.3238249 0.3214071 0.0000000 0.3229693 
MJM2940    0.2295905 0.2462167 0.3457176 0.3078870 0.2408839 0.3222491 0.2732748 0.3852558 0.3572490 0.2620894 0.2479020 0.3229693 0.0000000 
