13
DrolusSFB  0.0000000 0.2778639 0.3279700 0.3218247 0.2235190 0.2991887 0.3238679 0.3343924 0.3296375 0.3305552 0.2200611 0.3491158 0.1400257 
Dino       0.2778639 0.0000000 0.3682807 0.2079558 0.2245828 0.3320822 0.3059878 0.3598952 0.3669655 0.1338016 0.2364877 0.3274524 0.2418088 
MJM3360    0.3279700 0.3682807 0.0000000 0.4554779 0.3188369 0.2646369 0.3881564 0.3775820 0.3864853 0.4078572 0.3294234 0.3993463 0.3202855 
DrobinSFB  0.3218247 0.2079558 0.4554779 0.0000000 0.2760421 0.3809218 0.3888572 0.4396491 0.4622221 0.2282218 0.3157518 0.3849202 0.3510315 
Neam       0.2235190 0.2245828 0.3188369 0.2760421 0.0000000 0.2692418 0.3266503 0.3344230 0.3607272 0.2595118 0.0140786 0.3489240 0.1684279 
RuprSFB    0.2991887 0.3320822 0.2646369 0.3809218 0.2692418 0.0000000 0.3575380 0.3333832 0.3705316 0.3373778 0.2690129 0.3290419 0.2530012 
Retr       0.3238679 0.3059878 0.3881564 0.3888572 0.3266503 0.3575380 0.0000000 0.3414203 0.3426257 0.3522096 0.3302350 0.1973740 0.2912705 
Beta       0.3343924 0.3598952 0.3775820 0.4396491 0.3344230 0.3333832 0.3414203 0.0000000 0.1535044 0.4132357 0.3524582 0.3529802 0.3097964 
Spol       0.3296375 0.3669655 0.3864853 0.4622221 0.3607272 0.3705316 0.3426257 0.1535044 0.0000000 0.3930312 0.3590863 0.3855111 0.3264092 
MJM1652    0.3305552 0.1338016 0.4078572 0.2282218 0.2595118 0.3373778 0.3522096 0.4132357 0.3930312 0.0000000 0.2682890 0.3775834 0.2755218 
NepSFB     0.2200611 0.2364877 0.3294234 0.3157518 0.0140786 0.2690129 0.3302350 0.3524582 0.3590863 0.2682890 0.0000000 0.3521329 0.1711115 
WPYJ       0.3491158 0.3274524 0.3993463 0.3849202 0.3489240 0.3290419 0.1973740 0.3529802 0.3855111 0.3775834 0.3521329 0.0000000 0.3208601 
MJM2940    0.1400257 0.2418088 0.3202855 0.3510315 0.1684279 0.2530012 0.2912705 0.3097964 0.3264092 0.2755218 0.1711115 0.3208601 0.0000000 
