13
DrolusSFB  0.0000000 0.2893634 0.4262725 0.3119813 0.2672454 0.3622750 0.3772099 0.3862386 0.4011867 0.3577090 0.2706711 0.3688593 0.1859482 
Dino       0.2893634 0.0000000 0.4062316 0.1638392 0.2606192 0.3902697 0.3475512 0.3668473 0.3702292 0.1422714 0.2663248 0.3293812 0.2459133 
MJM3360    0.4262725 0.4062316 0.0000000 0.4458142 0.4158863 0.3326266 0.4069197 0.4155057 0.4241294 0.4229851 0.4229459 0.4393158 0.4017766 
DrobinSFB  0.3119813 0.1638392 0.4458142 0.0000000 0.2967908 0.4031511 0.3936506 0.4027744 0.4053815 0.1949463 0.3040229 0.3457815 0.2633745 
Neam       0.2672454 0.2606192 0.4158863 0.2967908 0.0000000 0.3209340 0.3203736 0.3353819 0.3376781 0.3150007 0.0133843 0.3122164 0.2163138 
RuprSFB    0.3622750 0.3902697 0.3326266 0.4031511 0.3209340 0.0000000 0.3647772 0.4210130 0.4008521 0.4211712 0.3171025 0.3435961 0.3301029 
Retr       0.3772099 0.3475512 0.4069197 0.3936506 0.3203736 0.3647772 0.0000000 0.3820401 0.3487659 0.3807887 0.3201632 0.1823230 0.3077984 
Beta       0.3862386 0.3668473 0.4155057 0.4027744 0.3353819 0.4210130 0.3820401 0.0000000 0.1562041 0.4381331 0.3503257 0.3827897 0.3321348 
Spol       0.4011867 0.3702292 0.4241294 0.4053815 0.3376781 0.4008521 0.3487659 0.1562041 0.0000000 0.4176988 0.3463863 0.3427935 0.3197813 
MJM1652    0.3577090 0.1422714 0.4229851 0.1949463 0.3150007 0.4211712 0.3807887 0.4381331 0.4176988 0.0000000 0.3172167 0.3380368 0.2911641 
NepSFB     0.2706711 0.2663248 0.4229459 0.3040229 0.0133843 0.3171025 0.3201632 0.3503257 0.3463863 0.3172167 0.0000000 0.3119696 0.2229708 
WPYJ       0.3688593 0.3293812 0.4393158 0.3457815 0.3122164 0.3435961 0.1823230 0.3827897 0.3427935 0.3380368 0.3119696 0.0000000 0.3175284 
MJM2940    0.1859482 0.2459133 0.4017766 0.2633745 0.2163138 0.3301029 0.3077984 0.3321348 0.3197813 0.2911641 0.2229708 0.3175284 0.0000000 
