13
DrolusSFB  0.0000000 0.3724800 0.4394669 0.3755259 0.2958016 0.3056621 0.3010762 0.4270492 0.4555484 0.3522639 0.2399502 0.3799184 0.2129206 
Dino       0.3724800 0.0000000 0.5006339 0.2212957 0.2873154 0.3463667 0.3799705 0.4485262 0.4677934 0.1332897 0.2667516 0.4675474 0.3140927 
MJM3360    0.4394669 0.5006339 0.0000000 0.4113865 0.4292549 0.3319770 0.4373626 0.5200819 0.4895008 0.4695440 0.4201967 0.5819029 0.4227267 
DrobinSFB  0.3755259 0.2212957 0.4113865 0.0000000 0.3189560 0.3507242 0.3820326 0.4963709 0.4668201 0.2144287 0.2839316 0.4662475 0.3544989 
Neam       0.2958016 0.2873154 0.4292549 0.3189560 0.0000000 0.2997406 0.3051726 0.4196925 0.4023494 0.2838265 0.0134936 0.3824548 0.2528760 
RuprSFB    0.3056621 0.3463667 0.3319770 0.3507242 0.2997406 0.0000000 0.2856825 0.3644683 0.3635164 0.3410197 0.2721751 0.3917799 0.2904446 
Retr       0.3010762 0.3799705 0.4373626 0.3820326 0.3051726 0.2856825 0.0000000 0.4443971 0.5221615 0.3535019 0.2827081 0.1617507 0.3385990 
Beta       0.4270492 0.4485262 0.5200819 0.4963709 0.4196925 0.3644683 0.4443971 0.0000000 0.1627378 0.4255913 0.3796325 0.6401982 0.4072469 
Spol       0.4555484 0.4677934 0.4895008 0.4668201 0.4023494 0.3635164 0.5221615 0.1627378 0.0000000 0.4836727 0.3722334 0.6633159 0.4099037 
MJM1652    0.3522639 0.1332897 0.4695440 0.2144287 0.2838265 0.3410197 0.3535019 0.4255913 0.4836727 0.0000000 0.2558246 0.4402549 0.3205280 
NepSFB     0.2399502 0.2667516 0.4201967 0.2839316 0.0134936 0.2721751 0.2827081 0.3796325 0.3722334 0.2558246 0.0000000 0.3680974 0.2357632 
WPYJ       0.3799184 0.4675474 0.5819029 0.4662475 0.3824548 0.3917799 0.1617507 0.6401982 0.6633159 0.4402549 0.3680974 0.0000000 0.4313741 
MJM2940    0.2129206 0.3140927 0.4227267 0.3544989 0.2528760 0.2904446 0.3385990 0.4072469 0.4099037 0.3205280 0.2357632 0.4313741 0.0000000 
