13
DrolusSFB  0.0000000 0.2717259 0.3205910 0.3730496 0.2643592 0.2874351 0.3441764 0.3680587 0.3624469 0.3007596 0.2655347 0.4135012 0.2279881 
Dino       0.2717259 0.0000000 0.3116913 0.1723695 0.2431999 0.2609427 0.3335179 0.3284590 0.3556151 0.1391221 0.2460504 0.3751046 0.2372661 
MJM3360    0.3205910 0.3116913 0.0000000 0.3986392 0.3173672 0.2678157 0.3620515 0.3431460 0.3348750 0.3631477 0.3222900 0.4103009 0.3453599 
DrobinSFB  0.3730496 0.1723695 0.3986392 0.0000000 0.3066559 0.3223923 0.4105199 0.3760330 0.4126663 0.1861620 0.3119682 0.4616444 0.3091363 
Neam       0.2643592 0.2431999 0.3173672 0.3066559 0.0000000 0.2658616 0.3593445 0.3178479 0.3459924 0.2573361 0.0173933 0.3932043 0.2188858 
RuprSFB    0.2874351 0.2609427 0.2678157 0.3223923 0.2658616 0.0000000 0.3584451 0.3409497 0.3134329 0.2822373 0.2721449 0.3784117 0.2719014 
Retr       0.3441764 0.3335179 0.3620515 0.4105199 0.3593445 0.3584451 0.0000000 0.4605294 0.3575989 0.3666866 0.3596714 0.2142030 0.3103394 
Beta       0.3680587 0.3284590 0.3431460 0.3760330 0.3178479 0.3409497 0.4605294 0.0000000 0.1533926 0.3383424 0.3252253 0.4169831 0.3511414 
Spol       0.3624469 0.3556151 0.3348750 0.4126663 0.3459924 0.3134329 0.3575989 0.1533926 0.0000000 0.3518948 0.3460524 0.3706615 0.3632350 
MJM1652    0.3007596 0.1391221 0.3631477 0.1861620 0.2573361 0.2822373 0.3666866 0.3383424 0.3518948 0.0000000 0.2652693 0.4099736 0.2678849 
NepSFB     0.2655347 0.2460504 0.3222900 0.3119682 0.0173933 0.2721449 0.3596714 0.3252253 0.3460524 0.2652693 0.0000000 0.3860083 0.2263622 
WPYJ       0.4135012 0.3751046 0.4103009 0.4616444 0.3932043 0.3784117 0.2142030 0.4169831 0.3706615 0.4099736 0.3860083 0.0000000 0.4100225 
MJM2940    0.2279881 0.2372661 0.3453599 0.3091363 0.2188858 0.2719014 0.3103394 0.3511414 0.3632350 0.2678849 0.2263622 0.4100225 0.0000000 
