13
DrolusSFB  0.0000000 0.1937044 0.2667307 0.2409659 0.1555735 0.2583318 0.2336831 0.2822823 0.2749694 0.2173779 0.1586012 0.2628150 0.1194208 
Dino       0.1937044 0.0000000 0.3047144 0.1237084 0.1684450 0.2881425 0.2683583 0.2687218 0.2685906 0.0940709 0.1753219 0.2318202 0.1896338 
MJM3360    0.2667307 0.3047144 0.0000000 0.3262357 0.2654303 0.2214887 0.2948330 0.3251860 0.3375430 0.3156012 0.2762477 0.2799357 0.2650075 
DrobinSFB  0.2409659 0.1237084 0.3262357 0.0000000 0.2167666 0.3360291 0.2917813 0.2816943 0.2897077 0.1451466 0.2233772 0.2481339 0.2273200 
Neam       0.1555735 0.1684450 0.2654303 0.2167666 0.0000000 0.2511658 0.2210570 0.2625678 0.2723588 0.2181451 0.0070683 0.2171356 0.1307171 
RuprSFB    0.2583318 0.2881425 0.2214887 0.3360291 0.2511658 0.0000000 0.2759233 0.2744674 0.3093935 0.2997200 0.2627818 0.2539998 0.2394560 
Retr       0.2336831 0.2683583 0.2948330 0.2917813 0.2210570 0.2759233 0.0000000 0.2629443 0.2743245 0.3044788 0.2270082 0.1202415 0.2117249 
Beta       0.2822823 0.2687218 0.3251860 0.2816943 0.2625678 0.2744674 0.2629443 0.0000000 0.1095831 0.3077562 0.2702710 0.2598014 0.2507347 
Spol       0.2749694 0.2685906 0.3375430 0.2897077 0.2723588 0.3093935 0.2743245 0.1095831 0.0000000 0.2989306 0.2770526 0.2667275 0.2692443 
MJM1652    0.2173779 0.0940709 0.3156012 0.1451466 0.2181451 0.2997200 0.3044788 0.3077562 0.2989306 0.0000000 0.2234675 0.2609739 0.2185293 
NepSFB     0.1586012 0.1753219 0.2762477 0.2233772 0.0070683 0.2627818 0.2270082 0.2702710 0.2770526 0.2234675 0.0000000 0.2175166 0.1324684 
WPYJ       0.2628150 0.2318202 0.2799357 0.2481339 0.2171356 0.2539998 0.1202415 0.2598014 0.2667275 0.2609739 0.2175166 0.0000000 0.2119619 
MJM2940    0.1194208 0.1896338 0.2650075 0.2273200 0.1307171 0.2394560 0.2117249 0.2507347 0.2692443 0.2185293 0.1324684 0.2119619 0.0000000 
