13
DrolusSFB  0.0000000 0.3505282 0.4951606 0.3777026 0.2649797 0.4060175 0.4106521 0.4390326 0.4383159 0.3883041 0.3121653 0.5006945 0.1998552 
Dino       0.3505282 0.0000000 0.5235331 0.1862136 0.2595352 0.4441282 0.4412166 0.4826313 0.4888414 0.1640448 0.3366390 0.4719756 0.3113918 
MJM3360    0.4951606 0.5235331 0.0000000 0.5433488 0.3842797 0.4190777 0.5622517 0.5775762 0.5767106 0.5857838 0.4983325 0.5916736 0.4785127 
DrobinSFB  0.3777026 0.1862136 0.5433488 0.0000000 0.3317277 0.4617150 0.4963768 0.5189352 0.5403936 0.2323810 0.3896151 0.5318948 0.3689623 
Neam       0.2649797 0.2595352 0.3842797 0.3317277 0.0000000 0.3498980 0.3362866 0.3930210 0.4068161 0.3041900 0.0140513 0.3844614 0.1976992 
RuprSFB    0.4060175 0.4441282 0.4190777 0.4617150 0.3498980 0.0000000 0.4496111 0.4603371 0.4717933 0.4682413 0.3809752 0.4710842 0.3880402 
Retr       0.4106521 0.4412166 0.5622517 0.4963768 0.3362866 0.4496111 0.0000000 0.4375855 0.4555267 0.4865800 0.3755036 0.2347763 0.3906368 
Beta       0.4390326 0.4826313 0.5775762 0.5189352 0.3930210 0.4603371 0.4375855 0.0000000 0.1778435 0.5176384 0.4157631 0.5032690 0.4231167 
Spol       0.4383159 0.4888414 0.5767106 0.5403936 0.4068161 0.4717933 0.4555267 0.1778435 0.0000000 0.5224958 0.4307891 0.5223978 0.4357621 
MJM1652    0.3883041 0.1640448 0.5857838 0.2323810 0.3041900 0.4682413 0.4865800 0.5176384 0.5224958 0.0000000 0.3716564 0.5373011 0.3631866 
NepSFB     0.3121653 0.3366390 0.4983325 0.3896151 0.0140513 0.3809752 0.3755036 0.4157631 0.4307891 0.3716564 0.0000000 0.4400203 0.2615793 
WPYJ       0.5006945 0.4719756 0.5916736 0.5318948 0.3844614 0.4710842 0.2347763 0.5032690 0.5223978 0.5373011 0.4400203 0.0000000 0.4623956 
MJM2940    0.1998552 0.3113918 0.4785127 0.3689623 0.1976992 0.3880402 0.3906368 0.4231167 0.4357621 0.3631866 0.2615793 0.4623956 0.0000000 
