13
DrolusSFB  0.0000000 0.2137158 0.2178748 0.2503776 0.2104097 0.2851290 0.2896582 0.2929111 0.2910020 0.2405675 0.2048568 0.2615226 0.1358038 
Dino       0.2137158 0.0000000 0.2335152 0.1773803 0.1954123 0.2563670 0.2983275 0.3133747 0.3210172 0.0902028 0.1890781 0.2844041 0.1858605 
MJM3360    0.2178748 0.2335152 0.0000000 0.2981678 0.2574633 0.2013521 0.2725465 0.3004710 0.3378976 0.2515753 0.2596323 0.2715338 0.2222469 
DrobinSFB  0.2503776 0.1773803 0.2981678 0.0000000 0.2505067 0.2948135 0.3243203 0.3527674 0.3428794 0.1780050 0.2541193 0.3046921 0.2254461 
Neam       0.2104097 0.1954123 0.2574633 0.2505067 0.0000000 0.3099703 0.3222446 0.3106489 0.3013052 0.2291871 0.0108601 0.2326814 0.1615829 
RuprSFB    0.2851290 0.2563670 0.2013521 0.2948135 0.3099703 0.0000000 0.2802779 0.2963608 0.3342465 0.2744445 0.2793545 0.2328276 0.2398449 
Retr       0.2896582 0.2983275 0.2725465 0.3243203 0.3222446 0.2802779 0.0000000 0.3598928 0.3736835 0.3253843 0.3304668 0.1517019 0.2829391 
Beta       0.2929111 0.3133747 0.3004710 0.3527674 0.3106489 0.2963608 0.3598928 0.0000000 0.1115248 0.3261830 0.2957166 0.3115995 0.2710580 
Spol       0.2910020 0.3210172 0.3378976 0.3428794 0.3013052 0.3342465 0.3736835 0.1115248 0.0000000 0.3399215 0.3023909 0.3146449 0.2741507 
MJM1652    0.2405675 0.0902028 0.2515753 0.1780050 0.2291871 0.2744445 0.3253843 0.3261830 0.3399215 0.0000000 0.2166500 0.2806842 0.1964049 
NepSFB     0.2048568 0.1890781 0.2596323 0.2541193 0.0108601 0.2793545 0.3304668 0.2957166 0.3023909 0.2166500 0.0000000 0.2693431 0.1616111 
WPYJ       0.2615226 0.2844041 0.2715338 0.3046921 0.2326814 0.2328276 0.1517019 0.3115995 0.3146449 0.2806842 0.2693431 0.0000000 0.2534729 
MJM2940    0.1358038 0.1858605 0.2222469 0.2254461 0.1615829 0.2398449 0.2829391 0.2710580 0.2741507 0.1964049 0.1616111 0.2534729 0.0000000 
