13
DrolusSFB  0.0000000 0.3103159 0.3626274 0.2751453 0.1961784 0.3004916 0.3667540 0.3819449 0.3876483 0.3125964 0.2132758 0.3608172 0.1842739 
Dino       0.3103159 0.0000000 0.3761679 0.1437483 0.2057287 0.3185184 0.3955430 0.3687305 0.3866610 0.1126445 0.2276746 0.4166351 0.2525049 
MJM3360    0.3626274 0.3761679 0.0000000 0.3357815 0.3307168 0.2678017 0.4208665 0.3368637 0.3701248 0.3500762 0.3368226 0.4462110 0.3540564 
DrobinSFB  0.2751453 0.1437483 0.3357815 0.0000000 0.2285806 0.2909720 0.3963798 0.3420672 0.3199942 0.1648595 0.2254097 0.4359097 0.2474548 
Neam       0.1961784 0.2057287 0.3307168 0.2285806 0.0000000 0.2582213 0.2910937 0.3383832 0.3175902 0.2216274 0.0074845 0.3452182 0.1901602 
RuprSFB    0.3004916 0.3185184 0.2678017 0.2909720 0.2582213 0.0000000 0.3281385 0.3506385 0.3546960 0.3236986 0.2700365 0.3783245 0.2551610 
Retr       0.3667540 0.3955430 0.4208665 0.3963798 0.2910937 0.3281385 0.0000000 0.4389708 0.4221657 0.3954064 0.3198052 0.2231237 0.3494202 
Beta       0.3819449 0.3687305 0.3368637 0.3420672 0.3383832 0.3506385 0.4389708 0.0000000 0.1245099 0.3679785 0.3450950 0.4676040 0.3320049 
Spol       0.3876483 0.3866610 0.3701248 0.3199942 0.3175902 0.3546960 0.4221657 0.1245099 0.0000000 0.3835744 0.3405705 0.4674977 0.3574128 
MJM1652    0.3125964 0.1126445 0.3500762 0.1648595 0.2216274 0.3236986 0.3954064 0.3679785 0.3835744 0.0000000 0.2552644 0.4365941 0.2627549 
NepSFB     0.2132758 0.2276746 0.3368226 0.2254097 0.0074845 0.2700365 0.3198052 0.3450950 0.3405705 0.2552644 0.0000000 0.3722296 0.2020444 
WPYJ       0.3608172 0.4166351 0.4462110 0.4359097 0.3452182 0.3783245 0.2231237 0.4676040 0.4674977 0.4365941 0.3722296 0.0000000 0.3774014 
MJM2940    0.1842739 0.2525049 0.3540564 0.2474548 0.1901602 0.2551610 0.3494202 0.3320049 0.3574128 0.2627549 0.2020444 0.3774014 0.0000000 
