13
DrolusSFB  0.0000000 0.3244373 0.3976355 0.2932061 0.2601375 0.3456699 0.3028549 0.3769008 0.3533761 0.3396736 0.2714003 0.4025391 0.1606842 
Dino       0.3244373 0.0000000 0.3685559 0.1634879 0.3872766 0.3599152 0.3382633 0.3566398 0.3686627 0.1809238 0.3607033 0.3990976 0.2345651 
MJM3360    0.3976355 0.3685559 0.0000000 0.3377451 0.3476428 0.2594858 0.3419096 0.4147441 0.4004378 0.4133572 0.3453013 0.4151970 0.3563849 
DrobinSFB  0.2932061 0.1634879 0.3377451 0.0000000 0.2488604 0.3468006 0.3558051 0.3532099 0.3530374 0.2066467 0.2615489 0.3453019 0.2563648 
Neam       0.2601375 0.3872766 0.3476428 0.2488604 0.0000000 0.2999146 0.2462020 0.3113260 0.3116861 0.4192823 0.0145882 0.3296912 0.1789764 
RuprSFB    0.3456699 0.3599152 0.2594858 0.3468006 0.2999146 0.0000000 0.2944274 0.3208313 0.3302048 0.3957089 0.3035120 0.3447210 0.2704939 
Retr       0.3028549 0.3382633 0.3419096 0.3558051 0.2462020 0.2944274 0.0000000 0.3152445 0.3525413 0.3500607 0.2604968 0.1831751 0.3046287 
Beta       0.3769008 0.3566398 0.4147441 0.3532099 0.3113260 0.3208313 0.3152445 0.0000000 0.1263172 0.3709078 0.3279014 0.3899247 0.3190456 
Spol       0.3533761 0.3686627 0.4004378 0.3530374 0.3116861 0.3302048 0.3525413 0.1263172 0.0000000 0.3785049 0.3264115 0.3861967 0.3369489 
MJM1652    0.3396736 0.1809238 0.4133572 0.2066467 0.4192823 0.3957089 0.3500607 0.3709078 0.3785049 0.0000000 0.3920217 0.4409420 0.2601854 
NepSFB     0.2714003 0.3607033 0.3453013 0.2615489 0.0145882 0.3035120 0.2604968 0.3279014 0.3264115 0.3920217 0.0000000 0.3518679 0.1995548 
WPYJ       0.4025391 0.3990976 0.4151970 0.3453019 0.3296912 0.3447210 0.1831751 0.3899247 0.3861967 0.4409420 0.3518679 0.0000000 0.3526209 
MJM2940    0.1606842 0.2345651 0.3563849 0.2563648 0.1789764 0.2704939 0.3046287 0.3190456 0.3369489 0.2601854 0.1995548 0.3526209 0.0000000 
