13
DrolusSFB  0.0000000 0.2793234 0.3728985 0.3435316 0.2229496 0.3456752 0.4285111 0.3698187 0.4009046 0.3298287 0.2335895 0.3820085 0.1761102 
Dino       0.2793234 0.0000000 0.3404759 0.1791877 0.2175551 0.3787993 0.4362221 0.3645484 0.3878789 0.1363844 0.2174778 0.3636603 0.2172171 
MJM3360    0.3728985 0.3404759 0.0000000 0.3876653 0.3458150 0.2699754 0.4675455 0.4379758 0.4655178 0.3744154 0.3604346 0.4213318 0.3428406 
DrobinSFB  0.3435316 0.1791877 0.3876653 0.0000000 0.3128792 0.4247726 0.5544689 0.3925666 0.4119832 0.2083673 0.3245857 0.3914906 0.2851693 
Neam       0.2229496 0.2175551 0.3458150 0.3128792 0.0000000 0.3176826 0.3249334 0.3464566 0.3759054 0.2769654 0.0126049 0.3586885 0.1707012 
RuprSFB    0.3456752 0.3787993 0.2699754 0.4247726 0.3176826 0.0000000 0.4134283 0.4360352 0.4359044 0.3902028 0.3292521 0.3771992 0.3052070 
Retr       0.4285111 0.4362221 0.4675455 0.5544689 0.3249334 0.4134283 0.0000000 0.4924316 0.5367106 0.4305256 0.3459061 0.2729833 0.3584373 
Beta       0.3698187 0.3645484 0.4379758 0.3925666 0.3464566 0.4360352 0.4924316 0.0000000 0.1670438 0.4323582 0.3625272 0.3828873 0.3274395 
Spol       0.4009046 0.3878789 0.4655178 0.4119832 0.3759054 0.4359044 0.5367106 0.1670438 0.0000000 0.4353891 0.3911527 0.4282681 0.3725725 
MJM1652    0.3298287 0.1363844 0.3744154 0.2083673 0.2769654 0.3902028 0.4305256 0.4323582 0.4353891 0.0000000 0.2836490 0.4286945 0.2736416 
NepSFB     0.2335895 0.2174778 0.3604346 0.3245857 0.0126049 0.3292521 0.3459061 0.3625272 0.3911527 0.2836490 0.0000000 0.3721349 0.1798680 
WPYJ       0.3820085 0.3636603 0.4213318 0.3914906 0.3586885 0.3771992 0.2729833 0.3828873 0.4282681 0.4286945 0.3721349 0.0000000 0.3493096 
MJM2940    0.1761102 0.2172171 0.3428406 0.2851693 0.1707012 0.3052070 0.3584373 0.3274395 0.3725725 0.2736416 0.1798680 0.3493096 0.0000000 
