13
DrolusSFB  0.0000000 0.2446299 0.3431781 0.2657292 0.2142357 0.2348519 0.3137969 0.3313685 0.3854051 0.2977875 0.2325661 0.3447394 0.1582848 
Dino       0.2446299 0.0000000 0.4183441 0.1956714 0.2548111 0.3234081 0.3597788 0.4030311 0.4495152 0.1691853 0.2648897 0.3641585 0.2303252 
MJM3360    0.3431781 0.4183441 0.0000000 0.4671909 0.3763036 0.3111118 0.4251260 0.4186794 0.4779057 0.3982126 0.3851914 0.3855178 0.3366555 
DrobinSFB  0.2657292 0.1956714 0.4671909 0.0000000 0.2874688 0.3288473 0.3697815 0.4627292 0.5536016 0.2248588 0.3020579 0.3735510 0.2440466 
Neam       0.2142357 0.2548111 0.3763036 0.2874688 0.0000000 0.2961959 0.3244149 0.4572771 0.4395229 0.2975430 0.0203740 0.3337481 0.1603677 
RuprSFB    0.2348519 0.3234081 0.3111118 0.3288473 0.2961959 0.0000000 0.3399291 0.3182415 0.3498458 0.3617325 0.3066491 0.3212676 0.1942070 
Retr       0.3137969 0.3597788 0.4251260 0.3697815 0.3244149 0.3399291 0.0000000 0.3798854 0.4144276 0.3990446 0.3316433 0.2009776 0.2752593 
Beta       0.3313685 0.4030311 0.4186794 0.4627292 0.4572771 0.3182415 0.3798854 0.0000000 0.1566287 0.4900324 0.4434352 0.3756334 0.3523497 
Spol       0.3854051 0.4495152 0.4779057 0.5536016 0.4395229 0.3498458 0.4144276 0.1566287 0.0000000 0.5507652 0.4392445 0.3896982 0.3972115 
MJM1652    0.2977875 0.1691853 0.3982126 0.2248588 0.2975430 0.3617325 0.3990446 0.4900324 0.5507652 0.0000000 0.3124599 0.3892259 0.2532565 
NepSFB     0.2325661 0.2648897 0.3851914 0.3020579 0.0203740 0.3066491 0.3316433 0.4434352 0.4392445 0.3124599 0.0000000 0.3498077 0.1705897 
WPYJ       0.3447394 0.3641585 0.3855178 0.3735510 0.3337481 0.3212676 0.2009776 0.3756334 0.3896982 0.3892259 0.3498077 0.0000000 0.3105841 
MJM2940    0.1582848 0.2303252 0.3366555 0.2440466 0.1603677 0.1942070 0.2752593 0.3523497 0.3972115 0.2532565 0.1705897 0.3105841 0.0000000 
