13
DrolusSFB  0.0000000 0.1978456 0.3925914 0.2993137 0.2275266 0.3205908 0.3111352 0.3175320 0.3520597 0.2352062 0.2326420 0.3443825 0.1475492 
Dino       0.1978456 0.0000000 0.4162459 0.1590576 0.2128103 0.3191376 0.3018391 0.3132346 0.3127889 0.1310173 0.2291533 0.3881343 0.1763804 
MJM3360    0.3925914 0.4162459 0.0000000 0.3552895 0.4195549 0.3319159 0.3766110 0.4542506 0.4155182 0.4239779 0.4331168 0.4181890 0.3518201 
DrobinSFB  0.2993137 0.1590576 0.3552895 0.0000000 0.3250917 0.3473415 0.3490979 0.4190350 0.4074530 0.2233661 0.3345234 0.3995814 0.2625334 
Neam       0.2275266 0.2128103 0.4195549 0.3250917 0.0000000 0.3462373 0.3308043 0.3764613 0.4331343 0.2948141 0.0118737 0.3822737 0.2288474 
RuprSFB    0.3205908 0.3191376 0.3319159 0.3473415 0.3462373 0.0000000 0.3779758 0.3987459 0.4395175 0.3525178 0.3518331 0.4477349 0.3176104 
Retr       0.3111352 0.3018391 0.3766110 0.3490979 0.3308043 0.3779758 0.0000000 0.3482945 0.3402906 0.3677103 0.3361653 0.1824521 0.3111581 
Beta       0.3175320 0.3132346 0.4542506 0.4190350 0.3764613 0.3987459 0.3482945 0.0000000 0.1227672 0.4267737 0.3888961 0.3629575 0.3618743 
Spol       0.3520597 0.3127889 0.4155182 0.4074530 0.4331343 0.4395175 0.3402906 0.1227672 0.0000000 0.4513206 0.4394917 0.3726090 0.3663880 
MJM1652    0.2352062 0.1310173 0.4239779 0.2233661 0.2948141 0.3525178 0.3677103 0.4267737 0.4513206 0.0000000 0.3005064 0.4328819 0.2445324 
NepSFB     0.2326420 0.2291533 0.4331168 0.3345234 0.0118737 0.3518331 0.3361653 0.3888961 0.4394917 0.3005064 0.0000000 0.3890925 0.2347124 
WPYJ       0.3443825 0.3881343 0.4181890 0.3995814 0.3822737 0.4477349 0.1824521 0.3629575 0.3726090 0.4328819 0.3890925 0.0000000 0.3614446 
MJM2940    0.1475492 0.1763804 0.3518201 0.2625334 0.2288474 0.3176104 0.3111581 0.3618743 0.3663880 0.2445324 0.2347124 0.3614446 0.0000000 
