13
DrolusSFB  0.0000000 0.3105802 0.3982929 0.3163445 0.2570778 0.2971716 0.2923648 0.3777534 0.3785531 0.3135157 0.2582274 0.3280356 0.1787596 
Dino       0.3105802 0.0000000 0.3117160 0.1316185 0.2614268 0.2971602 0.3740531 0.4701387 0.4512827 0.2088400 0.2607132 0.4150060 0.3011035 
MJM3360    0.3982929 0.3117160 0.0000000 0.3473769 0.3432908 0.2717998 0.4772059 0.4258830 0.3877160 0.3467879 0.3474412 0.5500073 0.3882482 
DrobinSFB  0.3163445 0.1316185 0.3473769 0.0000000 0.2271323 0.3017433 0.3317816 0.3998180 0.4163649 0.2141802 0.2306896 0.3821656 0.2777423 
Neam       0.2570778 0.2614268 0.3432908 0.2271323 0.0000000 0.2591516 0.3335890 0.4015608 0.3771361 0.2442393 0.0080759 0.3103431 0.2376962 
RuprSFB    0.2971716 0.2971602 0.2717998 0.3017433 0.2591516 0.0000000 0.3342502 0.3615151 0.3685812 0.3144092 0.2654491 0.3961127 0.2733354 
Retr       0.2923648 0.3740531 0.4772059 0.3317816 0.3335890 0.3342502 0.0000000 0.4362283 0.4238773 0.3948001 0.3351681 0.1928515 0.2905920 
Beta       0.3777534 0.4701387 0.4258830 0.3998180 0.4015608 0.3615151 0.4362283 0.0000000 0.1581270 0.4969804 0.4004794 0.4595283 0.4118150 
Spol       0.3785531 0.4512827 0.3877160 0.4163649 0.3771361 0.3685812 0.4238773 0.1581270 0.0000000 0.4706553 0.3786034 0.4131703 0.3971337 
MJM1652    0.3135157 0.2088400 0.3467879 0.2141802 0.2442393 0.3144092 0.3948001 0.4969804 0.4706553 0.0000000 0.2412860 0.3964051 0.3312487 
NepSFB     0.2582274 0.2607132 0.3474412 0.2306896 0.0080759 0.2654491 0.3351681 0.4004794 0.3786034 0.2412860 0.0000000 0.3209118 0.2384925 
WPYJ       0.3280356 0.4150060 0.5500073 0.3821656 0.3103431 0.3961127 0.1928515 0.4595283 0.4131703 0.3964051 0.3209118 0.0000000 0.3031371 
MJM2940    0.1787596 0.3011035 0.3882482 0.2777423 0.2376962 0.2733354 0.2905920 0.4118150 0.3971337 0.3312487 0.2384925 0.3031371 0.0000000 
