13
DrolusSFB  0.0000000 0.2696332 0.3580492 0.3081409 0.2772856 0.2764156 0.3031354 0.3420970 0.3313398 0.3035842 0.2786962 0.3392757 0.2020733 
Dino       0.2696332 0.0000000 0.3380804 0.1803942 0.2147672 0.2719181 0.2944454 0.3005104 0.3145346 0.1270454 0.2149452 0.3517781 0.1955317 
MJM3360    0.3580492 0.3380804 0.0000000 0.3795828 0.3023081 0.2516039 0.3530770 0.3762060 0.3958504 0.4264181 0.2953167 0.3984015 0.2938994 
DrobinSFB  0.3081409 0.1803942 0.3795828 0.0000000 0.2348067 0.3333235 0.3374200 0.3329817 0.3508593 0.2034169 0.2350007 0.3790852 0.2469626 
Neam       0.2772856 0.2147672 0.3023081 0.2348067 0.0000000 0.2362917 0.2701385 0.3048765 0.3170831 0.2360693 0.0092205 0.3011923 0.1845361 
RuprSFB    0.2764156 0.2719181 0.2516039 0.3333235 0.2362917 0.0000000 0.2610898 0.2931107 0.2862730 0.3183840 0.2393189 0.3126600 0.2283307 
Retr       0.3031354 0.2944454 0.3530770 0.3374200 0.2701385 0.2610898 0.0000000 0.3297981 0.3354531 0.3072480 0.2716513 0.1592147 0.2607179 
Beta       0.3420970 0.3005104 0.3762060 0.3329817 0.3048765 0.2931107 0.3297981 0.0000000 0.0987690 0.3423901 0.3037674 0.3541363 0.2883106 
Spol       0.3313398 0.3145346 0.3958504 0.3508593 0.3170831 0.2862730 0.3354531 0.0987690 0.0000000 0.3416750 0.3159715 0.3572222 0.2956578 
MJM1652    0.3035842 0.1270454 0.4264181 0.2034169 0.2360693 0.3183840 0.3072480 0.3423901 0.3416750 0.0000000 0.2391155 0.3492699 0.2251216 
NepSFB     0.2786962 0.2149452 0.2953167 0.2350007 0.0092205 0.2393189 0.2716513 0.3037674 0.3159715 0.2391155 0.0000000 0.3013883 0.1847700 
WPYJ       0.3392757 0.3517781 0.3984015 0.3790852 0.3011923 0.3126600 0.1592147 0.3541363 0.3572222 0.3492699 0.3013883 0.0000000 0.2777105 
MJM2940    0.2020733 0.1955317 0.2938994 0.2469626 0.1845361 0.2283307 0.2607179 0.2883106 0.2956578 0.2251216 0.1847700 0.2777105 0.0000000 
