13
DrolusSFB  0.0000000 0.2855637 0.3278162 0.3121819 0.2534328 0.3083846 0.3072943 0.3356595 0.3549127 0.3029893 0.2546022 0.3486349 0.1925797 
Dino       0.2855637 0.0000000 0.4083922 0.2352860 0.2680248 0.2934951 0.3497357 0.3852021 0.3959175 0.1477840 0.2775714 0.3977569 0.2735979 
MJM3360    0.3278162 0.4083922 0.0000000 0.3849066 0.3494437 0.2954621 0.3589880 0.3603763 0.3791935 0.3900457 0.3522263 0.3753604 0.3259062 
DrobinSFB  0.3121819 0.2352860 0.3849066 0.0000000 0.3095023 0.3383376 0.3716086 0.4242736 0.4063689 0.2330453 0.3091769 0.3899977 0.2988437 
Neam       0.2534328 0.2680248 0.3494437 0.3095023 0.0000000 0.2756341 0.3449655 0.4071477 0.4223532 0.2906741 0.0084965 0.3710216 0.2207476 
RuprSFB    0.3083846 0.2934951 0.2954621 0.3383376 0.2756341 0.0000000 0.2595222 0.3483441 0.3514828 0.3343758 0.2803769 0.3388461 0.2802049 
Retr       0.3072943 0.3497357 0.3589880 0.3716086 0.3449655 0.2595222 0.0000000 0.3964624 0.4130407 0.3706586 0.3486285 0.2154023 0.2954005 
Beta       0.3356595 0.3852021 0.3603763 0.4242736 0.4071477 0.3483441 0.3964624 0.0000000 0.1385578 0.4320484 0.4152628 0.4042211 0.3349139 
Spol       0.3549127 0.3959175 0.3791935 0.4063689 0.4223532 0.3514828 0.4130407 0.1385578 0.0000000 0.4182770 0.4242114 0.3900786 0.3589586 
MJM1652    0.3029893 0.1477840 0.3900457 0.2330453 0.2906741 0.3343758 0.3706586 0.4320484 0.4182770 0.0000000 0.2933635 0.3802744 0.3056381 
NepSFB     0.2546022 0.2775714 0.3522263 0.3091769 0.0084965 0.2803769 0.3486285 0.4152628 0.4242114 0.2933635 0.0000000 0.3748271 0.2207224 
WPYJ       0.3486349 0.3977569 0.3753604 0.3899977 0.3710216 0.3388461 0.2154023 0.4042211 0.3900786 0.3802744 0.3748271 0.0000000 0.3465718 
MJM2940    0.1925797 0.2735979 0.3259062 0.2988437 0.2207476 0.2802049 0.2954005 0.3349139 0.3589586 0.3056381 0.2207224 0.3465718 0.0000000 
