13
DrolusSFB  0.0000000 0.3112843 0.4078454 0.3084257 0.3005869 0.3542077 0.3672887 0.5027657 0.4752265 0.3890426 0.3060299 0.4151775 0.2374415 
Dino       0.3112843 0.0000000 0.3350512 0.1636281 0.3053691 0.3206349 0.3788983 0.5345529 0.4713140 0.2491068 0.3082084 0.4351728 0.3258216 
MJM3360    0.4078454 0.3350512 0.0000000 0.3098997 0.3715394 0.2700364 0.3934978 0.4678971 0.3988153 0.3582801 0.3769137 0.3924284 0.3953877 
DrobinSFB  0.3084257 0.1636281 0.3098997 0.0000000 0.2733065 0.3020514 0.3286533 0.4303369 0.3644360 0.2002133 0.2768120 0.4164902 0.2877150 
Neam       0.3005869 0.3053691 0.3715394 0.2733065 0.0000000 0.3216131 0.4006255 0.5066789 0.4787259 0.3697066 0.0152206 0.4088449 0.2540314 
RuprSFB    0.3542077 0.3206349 0.2700364 0.3020514 0.3216131 0.0000000 0.3708692 0.4306938 0.4195113 0.3403826 0.3376326 0.3916839 0.3340160 
Retr       0.3672887 0.3788983 0.3934978 0.3286533 0.4006255 0.3708692 0.0000000 0.5096438 0.5031295 0.4553432 0.4022415 0.2193153 0.3535683 
Beta       0.5027657 0.5345529 0.4678971 0.4303369 0.5066789 0.4306938 0.5096438 0.0000000 0.2042712 0.6055256 0.5323122 0.5273063 0.4882791 
Spol       0.4752265 0.4713140 0.3988153 0.3644360 0.4787259 0.4195113 0.5031295 0.2042712 0.0000000 0.5629963 0.4792318 0.5284204 0.4249379 
MJM1652    0.3890426 0.2491068 0.3582801 0.2002133 0.3697066 0.3403826 0.4553432 0.6055256 0.5629963 0.0000000 0.3758368 0.4920297 0.3458171 
NepSFB     0.3060299 0.3082084 0.3769137 0.2768120 0.0152206 0.3376326 0.4022415 0.5323122 0.4792318 0.3758368 0.0000000 0.4237891 0.2597667 
WPYJ       0.4151775 0.4351728 0.3924284 0.4164902 0.4088449 0.3916839 0.2193153 0.5273063 0.5284204 0.4920297 0.4237891 0.0000000 0.4442502 
MJM2940    0.2374415 0.3258216 0.3953877 0.2877150 0.2540314 0.3340160 0.3535683 0.4882791 0.4249379 0.3458171 0.2597667 0.4442502 0.0000000 
