13
DrolusSFB  0.0000000 0.2729424 0.3672451 0.2872859 0.2359706 0.2925810 0.3266509 0.2997799 0.3163932 0.2934344 0.2334204 0.3412030 0.1814522 
Dino       0.2729424 0.0000000 0.3556741 0.1865504 0.2162902 0.2945359 0.3197817 0.3028661 0.3221154 0.1221411 0.2157788 0.3251414 0.2241361 
MJM3360    0.3672451 0.3556741 0.0000000 0.3724160 0.3155908 0.2678872 0.3717698 0.3343439 0.3668494 0.3461114 0.3173866 0.3901350 0.3296478 
DrobinSFB  0.2872859 0.1865504 0.3724160 0.0000000 0.2510664 0.3189822 0.3731253 0.3287043 0.3579566 0.2145937 0.2511434 0.3491436 0.2498828 
Neam       0.2359706 0.2162902 0.3155908 0.2510664 0.0000000 0.2503290 0.2833503 0.2778557 0.3028024 0.2418819 0.0062208 0.2593659 0.1944430 
RuprSFB    0.2925810 0.2945359 0.2678872 0.3189822 0.2503290 0.0000000 0.3019753 0.2930645 0.2883697 0.3059554 0.2505369 0.3123236 0.2634807 
Retr       0.3266509 0.3197817 0.3717698 0.3731253 0.2833503 0.3019753 0.0000000 0.3537845 0.3547329 0.3474874 0.2798578 0.2205361 0.2971039 
Beta       0.2997799 0.3028661 0.3343439 0.3287043 0.2778557 0.2930645 0.3537845 0.0000000 0.1238200 0.3081469 0.2776787 0.3462277 0.2633390 
Spol       0.3163932 0.3221154 0.3668494 0.3579566 0.3028024 0.2883697 0.3547329 0.1238200 0.0000000 0.3266531 0.2992335 0.3255017 0.2840920 
MJM1652    0.2934344 0.1221411 0.3461114 0.2145937 0.2418819 0.3059554 0.3474874 0.3081469 0.3266531 0.0000000 0.2432050 0.3614478 0.2503563 
NepSFB     0.2334204 0.2157788 0.3173866 0.2511434 0.0062208 0.2505369 0.2798578 0.2776787 0.2992335 0.2432050 0.0000000 0.2575345 0.1927009 
WPYJ       0.3412030 0.3251414 0.3901350 0.3491436 0.2593659 0.3123236 0.2205361 0.3462277 0.3255017 0.3614478 0.2575345 0.0000000 0.3115649 
MJM2940    0.1814522 0.2241361 0.3296478 0.2498828 0.1944430 0.2634807 0.2971039 0.2633390 0.2840920 0.2503563 0.1927009 0.3115649 0.0000000 
