13
DrolusSFB  0.0000000 0.3114752 0.3315090 0.3204508 0.2616073 0.3547791 0.3878427 0.3624055 0.3776892 0.3286872 0.2626235 0.5352599 0.1659552 
Dino       0.3114752 0.0000000 0.3226259 0.1997688 0.2683093 0.3560974 0.3797402 0.3709757 0.3853622 0.1424177 0.2633105 0.4613829 0.2675049 
MJM3360    0.3315090 0.3226259 0.0000000 0.3540438 0.2955656 0.2354984 0.3572433 0.3655950 0.3778767 0.3074399 0.2953931 0.4024998 0.3279583 
DrobinSFB  0.3204508 0.1997688 0.3540438 0.0000000 0.2754299 0.3805185 0.3853727 0.4085665 0.4373432 0.2139924 0.2706570 0.5908206 0.2730586 
Neam       0.2616073 0.2683093 0.2955656 0.2754299 0.0000000 0.2884273 0.3559393 0.3797557 0.3975329 0.2967752 0.0112762 0.5340285 0.2004186 
RuprSFB    0.3547791 0.3560974 0.2354984 0.3805185 0.2884273 0.0000000 0.3794421 0.4047632 0.4270518 0.3683465 0.2845567 0.4108872 0.3006098 
Retr       0.3878427 0.3797402 0.3572433 0.3853727 0.3559393 0.3794421 0.0000000 0.3772097 0.4196893 0.4080605 0.3572712 0.2262990 0.3416684 
Beta       0.3624055 0.3709757 0.3655950 0.4085665 0.3797557 0.4047632 0.3772097 0.0000000 0.1511658 0.4043002 0.3756521 0.3950544 0.3413695 
Spol       0.3776892 0.3853622 0.3778767 0.4373432 0.3975329 0.4270518 0.4196893 0.1511658 0.0000000 0.4246840 0.3897566 0.5343966 0.3191987 
MJM1652    0.3286872 0.1424177 0.3074399 0.2139924 0.2967752 0.3683465 0.4080605 0.4043002 0.4246840 0.0000000 0.2897647 0.5376333 0.2666637 
NepSFB     0.2626235 0.2633105 0.2953931 0.2706570 0.0112762 0.2845567 0.3572712 0.3756521 0.3897566 0.2897647 0.0000000 0.5554219 0.1974162 
WPYJ       0.5352599 0.4613829 0.4024998 0.5908206 0.5340285 0.4108872 0.2262990 0.3950544 0.5343966 0.5376333 0.5554219 0.0000000 0.4733820 
MJM2940    0.1659552 0.2675049 0.3279583 0.2730586 0.2004186 0.3006098 0.3416684 0.3413695 0.3191987 0.2666637 0.1974162 0.4733820 0.0000000 
