13
DrolusSFB  0.0000000 0.2662018 0.3269752 0.3075082 0.2285709 0.2665248 0.3240419 0.3609319 0.3756964 0.3124242 0.2464555 0.3423746 0.1724404 
Dino       0.2662018 0.0000000 0.3679445 0.2147309 0.2095126 0.2720324 0.2848078 0.3676373 0.3821610 0.1522035 0.2180026 0.3001741 0.2221873 
MJM3360    0.3269752 0.3679445 0.0000000 0.3874629 0.3207427 0.2515739 0.3101124 0.4273131 0.4127729 0.3613685 0.3795311 0.3683807 0.3103504 
DrobinSFB  0.3075082 0.2147309 0.3874629 0.0000000 0.2876270 0.2833628 0.3505108 0.3458574 0.3799904 0.2609619 0.3122126 0.3490981 0.2528594 
Neam       0.2285709 0.2095126 0.3207427 0.2876270 0.0000000 0.2460548 0.2552645 0.3149700 0.3283704 0.2652508 0.0699829 0.3032166 0.1978879 
RuprSFB    0.2665248 0.2720324 0.2515739 0.2833628 0.2460548 0.0000000 0.2239749 0.3316661 0.3347174 0.3190990 0.2977725 0.2885581 0.2141508 
Retr       0.3240419 0.2848078 0.3101124 0.3505108 0.2552645 0.2239749 0.0000000 0.3343701 0.3318103 0.3457782 0.2686331 0.2232786 0.2592862 
Beta       0.3609319 0.3676373 0.4273131 0.3458574 0.3149700 0.3316661 0.3343701 0.0000000 0.1650824 0.3943791 0.3626398 0.3701612 0.3455065 
Spol       0.3756964 0.3821610 0.4127729 0.3799904 0.3283704 0.3347174 0.3318103 0.1650824 0.0000000 0.4094024 0.3732092 0.3646409 0.3646722 
MJM1652    0.3124242 0.1522035 0.3613685 0.2609619 0.2652508 0.3190990 0.3457782 0.3943791 0.4094024 0.0000000 0.2790623 0.3428186 0.2634172 
NepSFB     0.2464555 0.2180026 0.3795311 0.3122126 0.0699829 0.2977725 0.2686331 0.3626398 0.3732092 0.2790623 0.0000000 0.3002333 0.2124460 
WPYJ       0.3423746 0.3001741 0.3683807 0.3490981 0.3032166 0.2885581 0.2232786 0.3701612 0.3646409 0.3428186 0.3002333 0.0000000 0.2636701 
MJM2940    0.1724404 0.2221873 0.3103504 0.2528594 0.1978879 0.2141508 0.2592862 0.3455065 0.3646722 0.2634172 0.2124460 0.2636701 0.0000000 
