13
DrolusSFB  0.0000000 0.3318619 0.4111996 0.3790351 0.2822670 0.4252954 0.4180347 0.4119546 0.4050457 0.3759210 0.2807170 0.5257665 0.2049172 
Dino       0.3318619 0.0000000 0.4415484 0.1925612 0.2850319 0.4425622 0.3865315 0.4298125 0.4076403 0.1761781 0.2831239 0.5019213 0.2796855 
MJM3360    0.4111996 0.4415484 0.0000000 0.4766672 0.3866177 0.3081502 0.4023992 0.4354757 0.4201957 0.4666446 0.3930422 0.4687604 0.3679118 
DrobinSFB  0.3790351 0.1925612 0.4766672 0.0000000 0.3003509 0.4164466 0.4539627 0.4078617 0.4011963 0.2308657 0.3017469 0.5465909 0.3283666 
Neam       0.2822670 0.2850319 0.3866177 0.3003509 0.0000000 0.3653826 0.3609858 0.3400953 0.3289762 0.3119861 0.0161794 0.5016089 0.2412150 
RuprSFB    0.4252954 0.4425622 0.3081502 0.4164466 0.3653826 0.0000000 0.3779276 0.3845070 0.3737799 0.4705606 0.3667674 0.5098620 0.3713364 
Retr       0.4180347 0.3865315 0.4023992 0.4539627 0.3609858 0.3779276 0.0000000 0.3962627 0.4116552 0.4542418 0.3698761 0.2930232 0.3496456 
Beta       0.4119546 0.4298125 0.4354757 0.4078617 0.3400953 0.3845070 0.3962627 0.0000000 0.1354654 0.4685631 0.3377336 0.5237007 0.3581267 
Spol       0.4050457 0.4076403 0.4201957 0.4011963 0.3289762 0.3737799 0.4116552 0.1354654 0.0000000 0.4669327 0.3235613 0.4976451 0.3534764 
MJM1652    0.3759210 0.1761781 0.4666446 0.2308657 0.3119861 0.4705606 0.4542418 0.4685631 0.4669327 0.0000000 0.3170461 0.5334214 0.3207074 
NepSFB     0.2807170 0.2831239 0.3930422 0.3017469 0.0161794 0.3667674 0.3698761 0.3377336 0.3235613 0.3170461 0.0000000 0.5036863 0.2417881 
WPYJ       0.5257665 0.5019213 0.4687604 0.5465909 0.5016089 0.5098620 0.2930232 0.5237007 0.4976451 0.5334214 0.5036863 0.0000000 0.4624758 
MJM2940    0.2049172 0.2796855 0.3679118 0.3283666 0.2412150 0.3713364 0.3496456 0.3581267 0.3534764 0.3207074 0.2417881 0.4624758 0.0000000 
