13
DrolusSFB  0.0000000 0.3710635 0.4262831 0.4337273 0.2887245 0.3390126 0.3258327 0.4701961 0.4827585 0.4211926 0.2908601 0.3633777 0.2126492 
Dino       0.3710635 0.0000000 0.4300816 0.2434478 0.3194684 0.3305231 0.3749502 0.4423211 0.4288173 0.1470959 0.3245001 0.4265363 0.2679460 
MJM3360    0.4262831 0.4300816 0.0000000 0.4869468 0.3431547 0.2844299 0.4027303 0.4458995 0.4870755 0.4636042 0.3456901 0.3936171 0.3422723 
DrobinSFB  0.4337273 0.2434478 0.4869468 0.0000000 0.3710010 0.3979983 0.4646512 0.5305685 0.5388724 0.2849978 0.3780771 0.4827636 0.3485426 
Neam       0.2887245 0.3194684 0.3431547 0.3710010 0.0000000 0.2730478 0.2901792 0.4031166 0.4350546 0.3704506 0.0093452 0.3231553 0.2040991 
RuprSFB    0.3390126 0.3305231 0.2844299 0.3979983 0.2730478 0.0000000 0.3029650 0.3824564 0.3981242 0.3551034 0.2777155 0.3241391 0.2458693 
Retr       0.3258327 0.3749502 0.4027303 0.4646512 0.2901792 0.3029650 0.0000000 0.4449739 0.4305263 0.4224411 0.2913220 0.2015324 0.2723086 
Beta       0.4701961 0.4423211 0.4458995 0.5305685 0.4031166 0.3824564 0.4449739 0.0000000 0.1724346 0.5009689 0.4121380 0.4225589 0.3711459 
Spol       0.4827585 0.4288173 0.4870755 0.5388724 0.4350546 0.3981242 0.4305263 0.1724346 0.0000000 0.5128714 0.4442801 0.4331551 0.4096858 
MJM1652    0.4211926 0.1470959 0.4636042 0.2849978 0.3704506 0.3551034 0.4224411 0.5009689 0.5128714 0.0000000 0.3720224 0.4427957 0.3084629 
NepSFB     0.2908601 0.3245001 0.3456901 0.3780771 0.0093452 0.2777155 0.2913220 0.4121380 0.4442801 0.3720224 0.0000000 0.3280889 0.2100714 
WPYJ       0.3633777 0.4265363 0.3936171 0.4827636 0.3231553 0.3241391 0.2015324 0.4225589 0.4331551 0.4427957 0.3280889 0.0000000 0.3051176 
MJM2940    0.2126492 0.2679460 0.3422723 0.3485426 0.2040991 0.2458693 0.2723086 0.3711459 0.4096858 0.3084629 0.2100714 0.3051176 0.0000000 
