13
DrolusSFB  0.0000000 0.3556032 0.4179749 0.3973034 0.2614247 0.3917597 0.3364074 0.4198833 0.4122364 0.3814540 0.2650139 0.3858669 0.1692046 
Dino       0.3556032 0.0000000 0.4825131 0.2192862 0.3240885 0.4163514 0.3457761 0.4669470 0.4543018 0.1703503 0.3195517 0.3928048 0.3266592 
MJM3360    0.4179749 0.4825131 0.0000000 0.5360868 0.3886090 0.3621308 0.4145942 0.4689503 0.4446440 0.5327407 0.3880554 0.4693787 0.4160453 
DrobinSFB  0.3973034 0.2192862 0.5360868 0.0000000 0.3667533 0.4704136 0.4074046 0.5412443 0.5272666 0.2323286 0.3619662 0.4078703 0.3777494 
Neam       0.2614247 0.3240885 0.3886090 0.3667533 0.0000000 0.3329655 0.2857747 0.3614156 0.3597466 0.3340807 0.0123219 0.3162771 0.2025157 
RuprSFB    0.3917597 0.4163514 0.3621308 0.4704136 0.3329655 0.0000000 0.3067001 0.4400179 0.4221717 0.4501181 0.3323738 0.4227553 0.3422654 
Retr       0.3364074 0.3457761 0.4145942 0.4074046 0.2857747 0.3067001 0.0000000 0.3651625 0.3894210 0.3634369 0.2862551 0.2119336 0.3048016 
Beta       0.4198833 0.4669470 0.4689503 0.5412443 0.3614156 0.4400179 0.3651625 0.0000000 0.1667652 0.4953686 0.3655455 0.4053895 0.3795994 
Spol       0.4122364 0.4543018 0.4446440 0.5272666 0.3597466 0.4221717 0.3894210 0.1667652 0.0000000 0.5231301 0.3632901 0.3857256 0.3920895 
MJM1652    0.3814540 0.1703503 0.5327407 0.2323286 0.3340807 0.4501181 0.3634369 0.4953686 0.5231301 0.0000000 0.3249140 0.4328032 0.3622961 
NepSFB     0.2650139 0.3195517 0.3880554 0.3619662 0.0123219 0.3323738 0.2862551 0.3655455 0.3632901 0.3249140 0.0000000 0.3223300 0.2006256 
WPYJ       0.3858669 0.3928048 0.4693787 0.4078703 0.3162771 0.4227553 0.2119336 0.4053895 0.3857256 0.4328032 0.3223300 0.0000000 0.3370634 
MJM2940    0.1692046 0.3266592 0.4160453 0.3777494 0.2025157 0.3422654 0.3048016 0.3795994 0.3920895 0.3622961 0.2006256 0.3370634 0.0000000 
