13
DrolusSFB  0.0000000 0.4357795 0.5402140 0.5097982 0.3659904 0.4957336 0.4391543 0.5088282 0.5284590 0.4596227 0.3630749 0.4245757 0.2894418 
Dino       0.4357795 0.0000000 0.5567279 0.2808034 0.3618062 0.4941934 0.4564819 0.5349502 0.5553112 0.2113441 0.3578119 0.4649097 0.3617628 
MJM3360    0.5402140 0.5567279 0.0000000 0.6332180 0.4820209 0.4102523 0.4765598 0.5610246 0.5862204 0.5846618 0.4703984 0.4677008 0.4896279 
DrobinSFB  0.5097982 0.2808034 0.6332180 0.0000000 0.4344426 0.5702014 0.5282741 0.5922177 0.5991531 0.3198448 0.4442794 0.5317808 0.4423380 
Neam       0.3659904 0.3618062 0.4820209 0.4344426 0.0000000 0.4127305 0.3600908 0.4333169 0.4428803 0.3998895 0.0160539 0.3942620 0.2955106 
RuprSFB    0.4957336 0.4941934 0.4102523 0.5702014 0.4127305 0.0000000 0.4381010 0.4682240 0.4739678 0.5158039 0.4209319 0.4870909 0.4071887 
Retr       0.4391543 0.4564819 0.4765598 0.5282741 0.3600908 0.4381010 0.0000000 0.4413495 0.4386794 0.4654198 0.3536753 0.1991611 0.3575855 
Beta       0.5088282 0.5349502 0.5610246 0.5922177 0.4333169 0.4682240 0.4413495 0.0000000 0.1857245 0.5857832 0.4323972 0.4730338 0.4578138 
Spol       0.5284590 0.5553112 0.5862204 0.5991531 0.4428803 0.4739678 0.4386794 0.1857245 0.0000000 0.5870788 0.4464258 0.5004167 0.4725247 
MJM1652    0.4596227 0.2113441 0.5846618 0.3198448 0.3998895 0.5158039 0.4654198 0.5857832 0.5870788 0.0000000 0.3974577 0.5062101 0.4085926 
NepSFB     0.3630749 0.3578119 0.4703984 0.4442794 0.0160539 0.4209319 0.3536753 0.4323972 0.4464258 0.3974577 0.0000000 0.4590780 0.3012218 
WPYJ       0.4245757 0.4649097 0.4677008 0.5317808 0.3942620 0.4870909 0.1991611 0.4730338 0.5004167 0.5062101 0.4590780 0.0000000 0.3532983 
MJM2940    0.2894418 0.3617628 0.4896279 0.4423380 0.2955106 0.4071887 0.3575855 0.4578138 0.4725247 0.4085926 0.3012218 0.3532983 0.0000000 
