13
DrolusSFB  0.0000000 0.2880683 0.3886052 0.3598900 0.3113680 0.3355652 0.3920848 0.3624702 0.3769309 0.2890954 0.3183242 0.3750234 0.1763986 
Dino       0.2880683 0.0000000 0.4087497 0.2630752 0.2366340 0.3387343 0.3659336 0.3347678 0.3394046 0.1265788 0.2435208 0.3583627 0.2156542 
MJM3360    0.3886052 0.4087497 0.0000000 0.5051228 0.4216576 0.2877005 0.4428849 0.3759675 0.4017857 0.4094755 0.4259063 0.4498697 0.3641220 
DrobinSFB  0.3598900 0.2630752 0.5051228 0.0000000 0.3904161 0.5335436 0.4833947 0.5055677 0.5019049 0.3063537 0.3825018 0.5051313 0.3330130 
Neam       0.3113680 0.2366340 0.4216576 0.3904161 0.0000000 0.3173036 0.3764311 0.3116042 0.3488944 0.2755947 0.0154026 0.3909467 0.2284232 
RuprSFB    0.3355652 0.3387343 0.2877005 0.5335436 0.3173036 0.0000000 0.3723168 0.3465527 0.3780061 0.3446902 0.3261443 0.3963716 0.2707023 
Retr       0.3920848 0.3659336 0.4428849 0.4833947 0.3764311 0.3723168 0.0000000 0.3613666 0.4086298 0.3803888 0.3824353 0.1873657 0.3426559 
Beta       0.3624702 0.3347678 0.3759675 0.5055677 0.3116042 0.3465527 0.3613666 0.0000000 0.1666798 0.3430497 0.3243227 0.4140697 0.3129542 
Spol       0.3769309 0.3394046 0.4017857 0.5019049 0.3488944 0.3780061 0.4086298 0.1666798 0.0000000 0.3675824 0.3587476 0.4165836 0.3455608 
MJM1652    0.2890954 0.1265788 0.4094755 0.3063537 0.2755947 0.3446902 0.3803888 0.3430497 0.3675824 0.0000000 0.2786515 0.3731078 0.2123119 
NepSFB     0.3183242 0.2435208 0.4259063 0.3825018 0.0154026 0.3261443 0.3824353 0.3243227 0.3587476 0.2786515 0.0000000 0.3922917 0.2266964 
WPYJ       0.3750234 0.3583627 0.4498697 0.5051313 0.3909467 0.3963716 0.1873657 0.4140697 0.4165836 0.3731078 0.3922917 0.0000000 0.3469490 
MJM2940    0.1763986 0.2156542 0.3641220 0.3330130 0.2284232 0.2707023 0.3426559 0.3129542 0.3455608 0.2123119 0.2266964 0.3469490 0.0000000 
