13
DrolusSFB  0.0000000 0.2397669 0.2796344 0.2530543 0.2026723 0.2988247 0.2757750 0.3077419 0.3965310 0.2773190 0.2159461 0.3458308 0.1492098 
Dino       0.2397669 0.0000000 0.3002311 0.1794841 0.2255048 0.2959206 0.2566023 0.2964850 0.3463374 0.1149551 0.2455906 0.3299747 0.2007499 
MJM3360    0.2796344 0.3002311 0.0000000 0.2575099 0.3100124 0.2427940 0.2743125 0.2764214 0.3381690 0.3111662 0.3335368 0.3134294 0.2455425 
DrobinSFB  0.2530543 0.1794841 0.2575099 0.0000000 0.2692984 0.2998448 0.2993899 0.2809080 0.3488999 0.1774309 0.2882396 0.3625173 0.1994310 
Neam       0.2026723 0.2255048 0.3100124 0.2692984 0.0000000 0.2622143 0.2674653 0.2644495 0.3443660 0.2709849 0.0227168 0.3501855 0.1373200 
RuprSFB    0.2988247 0.2959206 0.2427940 0.2998448 0.2622143 0.0000000 0.2642402 0.2952188 0.3755112 0.3289019 0.2859113 0.3340707 0.2323112 
Retr       0.2757750 0.2566023 0.2743125 0.2993899 0.2674653 0.2642402 0.0000000 0.2915900 0.3430527 0.2984177 0.2864331 0.2089693 0.2094687 
Beta       0.3077419 0.2964850 0.2764214 0.2809080 0.2644495 0.2952188 0.2915900 0.0000000 0.1333317 0.2991307 0.2817642 0.3646859 0.2535777 
Spol       0.3965310 0.3463374 0.3381690 0.3488999 0.3443660 0.3755112 0.3430527 0.1333317 0.0000000 0.3584573 0.3511689 0.4021149 0.3149925 
MJM1652    0.2773190 0.1149551 0.3111662 0.1774309 0.2709849 0.3289019 0.2984177 0.2991307 0.3584573 0.0000000 0.2897335 0.3822700 0.1995351 
NepSFB     0.2159461 0.2455906 0.3335368 0.2882396 0.0227168 0.2859113 0.2864331 0.2817642 0.3511689 0.2897335 0.0000000 0.3656872 0.1548852 
WPYJ       0.3458308 0.3299747 0.3134294 0.3625173 0.3501855 0.3340707 0.2089693 0.3646859 0.4021149 0.3822700 0.3656872 0.0000000 0.2993851 
MJM2940    0.1492098 0.2007499 0.2455425 0.1994310 0.1373200 0.2323112 0.2094687 0.2535777 0.3149925 0.1995351 0.1548852 0.2993851 0.0000000 
