13
DrolusSFB  0.0000000 0.3228997 0.4228283 0.3032372 0.2235967 0.2829206 0.3116380 0.3928786 0.3948049 0.3154944 0.2305852 0.3774415 0.1760571 
Dino       0.3228997 0.0000000 0.3056234 0.1631913 0.1616550 0.3029986 0.3031235 0.2952187 0.3631838 0.1137756 0.1835712 0.3735539 0.2490111 
MJM3360    0.4228283 0.3056234 0.0000000 0.3823694 0.3704387 0.2792243 0.3798907 0.3821713 0.4459705 0.2849428 0.2920948 0.4081116 0.3257344 
DrobinSFB  0.3032372 0.1631913 0.3823694 0.0000000 0.2245547 0.3743077 0.3552560 0.3743420 0.4055318 0.1903311 0.2425477 0.4357004 0.2397826 
Neam       0.2235967 0.1616550 0.3704387 0.2245547 0.0000000 0.2453792 0.2591786 0.2989819 0.3029107 0.2501115 0.0178040 0.3142247 0.1422339 
RuprSFB    0.2829206 0.3029986 0.2792243 0.3743077 0.2453792 0.0000000 0.3278199 0.3608763 0.3885684 0.3032519 0.2735794 0.3827367 0.3010192 
Retr       0.3116380 0.3031235 0.3798907 0.3552560 0.2591786 0.3278199 0.0000000 0.3379877 0.4007811 0.2954038 0.2708597 0.1410528 0.2833911 
Beta       0.3928786 0.2952187 0.3821713 0.3743420 0.2989819 0.3608763 0.3379877 0.0000000 0.1650943 0.3215063 0.2836845 0.3750882 0.2890741 
Spol       0.3948049 0.3631838 0.4459705 0.4055318 0.3029107 0.3885684 0.4007811 0.1650943 0.0000000 0.3446495 0.3098786 0.3850774 0.3971272 
MJM1652    0.3154944 0.1137756 0.2849428 0.1903311 0.2501115 0.3032519 0.2954038 0.3215063 0.3446495 0.0000000 0.2083634 0.3852021 0.2619038 
NepSFB     0.2305852 0.1835712 0.2920948 0.2425477 0.0178040 0.2735794 0.2708597 0.2836845 0.3098786 0.2083634 0.0000000 0.3172487 0.1523955 
WPYJ       0.3774415 0.3735539 0.4081116 0.4357004 0.3142247 0.3827367 0.1410528 0.3750882 0.3850774 0.3852021 0.3172487 0.0000000 0.3523193 
MJM2940    0.1760571 0.2490111 0.3257344 0.2397826 0.1422339 0.3010192 0.2833911 0.2890741 0.3971272 0.2619038 0.1523955 0.3523193 0.0000000 
