13
DrolusSFB  0.0000000 0.3950782 0.4988192 0.3827558 0.3429354 0.4868452 0.3928731 0.4418299 0.4518939 0.4140203 0.3416008 0.5022352 0.2790611 
Dino       0.3950782 0.0000000 0.4141358 0.1818486 0.3098572 0.3768007 0.3600782 0.4180358 0.4742263 0.2393909 0.3137135 0.5119318 0.3102556 
MJM3360    0.4988192 0.4141358 0.0000000 0.4037118 0.4174987 0.3501789 0.4744943 0.4521241 0.5306027 0.4012728 0.4333460 0.5352771 0.4016523 
DrobinSFB  0.3827558 0.1818486 0.4037118 0.0000000 0.2826808 0.3866894 0.3632990 0.3699945 0.4199210 0.1919007 0.2960332 0.4438558 0.3046637 
Neam       0.3429354 0.3098572 0.4174987 0.2826808 0.0000000 0.3755315 0.3798300 0.3581553 0.4094838 0.3090831 0.0116705 0.5039370 0.2813301 
RuprSFB    0.4868452 0.3768007 0.3501789 0.3866894 0.3755315 0.0000000 0.4707538 0.4474631 0.5191733 0.4116574 0.3804876 0.5437888 0.3849834 
Retr       0.3928731 0.3600782 0.4744943 0.3632990 0.3798300 0.4707538 0.0000000 0.4032574 0.3674571 0.3368415 0.3785385 0.2100218 0.3934511 
Beta       0.4418299 0.4180358 0.4521241 0.3699945 0.3581553 0.4474631 0.4032574 0.0000000 0.1733605 0.4378730 0.3724763 0.4149280 0.3691340 
Spol       0.4518939 0.4742263 0.5306027 0.4199210 0.4094838 0.5191733 0.3674571 0.1733605 0.0000000 0.4393269 0.4214357 0.3999865 0.4188199 
MJM1652    0.4140203 0.2393909 0.4012728 0.1919007 0.3090831 0.4116574 0.3368415 0.4378730 0.4393269 0.0000000 0.3209178 0.4821087 0.3567226 
NepSFB     0.3416008 0.3137135 0.4333460 0.2960332 0.0116705 0.3804876 0.3785385 0.3724763 0.4214357 0.3209178 0.0000000 0.5084788 0.2854609 
WPYJ       0.5022352 0.5119318 0.5352771 0.4438558 0.5039370 0.5437888 0.2100218 0.4149280 0.3999865 0.4821087 0.5084788 0.0000000 0.4325278 
MJM2940    0.2790611 0.3102556 0.4016523 0.3046637 0.2813301 0.3849834 0.3934511 0.3691340 0.4188199 0.3567226 0.2854609 0.4325278 0.0000000 
