13
DrolusSFB  0.0000000 0.2184395 0.2902534 0.2462933 0.1767693 0.3015936 0.2620145 0.2605002 0.2399978 0.2106578 0.1816607 0.2597885 0.1327041 
Dino       0.2184395 0.0000000 0.3217472 0.1160115 0.2071649 0.3078057 0.2659561 0.3338719 0.2994596 0.0919092 0.2110954 0.2470507 0.1676463 
MJM3360    0.2902534 0.3217472 0.0000000 0.3249258 0.2749913 0.2804980 0.2932408 0.3008071 0.3010624 0.3022062 0.2841022 0.2985038 0.2384383 
DrobinSFB  0.2462933 0.1160115 0.3249258 0.0000000 0.2025836 0.2676498 0.2797404 0.2962503 0.2895283 0.1414739 0.2101059 0.2814055 0.1765222 
Neam       0.1767693 0.2071649 0.2749913 0.2025836 0.0000000 0.2601951 0.2479995 0.2363813 0.2296548 0.2247636 0.0088204 0.2424991 0.1294906 
RuprSFB    0.3015936 0.3078057 0.2804980 0.2676498 0.2601951 0.0000000 0.2766947 0.2779122 0.2792476 0.2873826 0.2558532 0.2628280 0.2353280 
Retr       0.2620145 0.2659561 0.2932408 0.2797404 0.2479995 0.2766947 0.0000000 0.2694388 0.2353542 0.2590456 0.2490831 0.1488481 0.2261379 
Beta       0.2605002 0.3338719 0.3008071 0.2962503 0.2363813 0.2779122 0.2694388 0.0000000 0.0832365 0.3455147 0.2372718 0.2812457 0.2341433 
Spol       0.2399978 0.2994596 0.3010624 0.2895283 0.2296548 0.2792476 0.2353542 0.0832365 0.0000000 0.3088035 0.2304027 0.2499659 0.2274112 
MJM1652    0.2106578 0.0919092 0.3022062 0.1414739 0.2247636 0.2873826 0.2590456 0.3455147 0.3088035 0.0000000 0.2290340 0.2684361 0.1603473 
NepSFB     0.1816607 0.2110954 0.2841022 0.2101059 0.0088204 0.2558532 0.2490831 0.2372718 0.2304027 0.2290340 0.0000000 0.2437727 0.1305456 
WPYJ       0.2597885 0.2470507 0.2985038 0.2814055 0.2424991 0.2628280 0.1488481 0.2812457 0.2499659 0.2684361 0.2437727 0.0000000 0.2106080 
MJM2940    0.1327041 0.1676463 0.2384383 0.1765222 0.1294906 0.2353280 0.2261379 0.2341433 0.2274112 0.1603473 0.1305456 0.2106080 0.0000000 
