13
DrolusSFB  0.0000000 0.3273217 0.5484211 0.4110879 0.3557549 0.3742501 0.3283410 0.4954929 0.5032867 0.3461866 0.3505077 0.3491994 0.1970043 
Dino       0.3273217 0.0000000 0.4115827 0.1686233 0.2812997 0.3846669 0.4025429 0.3846997 0.3944089 0.1751548 0.2769576 0.3251136 0.2559963 
MJM3360    0.5484211 0.4115827 0.0000000 0.4728668 0.4517429 0.3234950 0.3534972 0.5514663 0.5143413 0.4570881 0.4491126 0.3521397 0.3058062 
DrobinSFB  0.4110879 0.1686233 0.4728668 0.0000000 0.4071443 0.3527843 0.3504720 0.5091566 0.4914604 0.2000478 0.4029084 0.3591249 0.2567713 
Neam       0.3557549 0.2812997 0.4517429 0.4071443 0.0000000 0.3044542 0.2379901 0.4463465 0.4576070 0.2874835 0.0073968 0.2697225 0.1748743 
RuprSFB    0.3742501 0.3846669 0.3234950 0.3527843 0.3044542 0.0000000 0.3596028 0.4155006 0.3908495 0.3935447 0.3066254 0.4007856 0.2742182 
Retr       0.3283410 0.4025429 0.3534972 0.3504720 0.2379901 0.3596028 0.0000000 0.3551954 0.3736582 0.3914687 0.2379976 0.1432721 0.2434899 
Beta       0.4954929 0.3846997 0.5514663 0.5091566 0.4463465 0.4155006 0.3551954 0.0000000 0.1843799 0.3967050 0.4521813 0.3821086 0.3166938 
Spol       0.5032867 0.3944089 0.5143413 0.4914604 0.4576070 0.3908495 0.3736582 0.1843799 0.0000000 0.4064861 0.4600297 0.3907754 0.3054282 
MJM1652    0.3461866 0.1751548 0.4570881 0.2000478 0.2874835 0.3935447 0.3914687 0.3967050 0.4064861 0.0000000 0.2852616 0.4275856 0.2808124 
NepSFB     0.3505077 0.2769576 0.4491126 0.4029084 0.0073968 0.3066254 0.2379976 0.4521813 0.4600297 0.2852616 0.0000000 0.2697225 0.1705535 
WPYJ       0.3491994 0.3251136 0.3521397 0.3591249 0.2697225 0.4007856 0.1432721 0.3821086 0.3907754 0.4275856 0.2697225 0.0000000 0.2410568 
MJM2940    0.1970043 0.2559963 0.3058062 0.2567713 0.1748743 0.2742182 0.2434899 0.3166938 0.3054282 0.2808124 0.1705535 0.2410568 0.0000000 
