13
DrolusSFB  0.0000000 0.3374440 0.3734751 0.4005841 0.2885361 0.3036594 0.3037546 0.3300739 0.3191805 0.3918251 0.2877518 0.3703242 0.1962391 
Dino       0.3374440 0.0000000 0.3472885 0.2047730 0.2702248 0.2929366 0.3433084 0.3156741 0.3281692 0.1803389 0.2677847 0.3545287 0.2685243 
MJM3360    0.3734751 0.3472885 0.0000000 0.4197512 0.3556477 0.3527948 0.4221502 0.4334440 0.4235059 0.3992359 0.3502593 0.4531200 0.3560400 
DrobinSFB  0.4005841 0.2047730 0.4197512 0.0000000 0.3470087 0.3282068 0.3547141 0.3647538 0.3794895 0.2302370 0.3449245 0.3856344 0.3359850 
Neam       0.2885361 0.2702248 0.3556477 0.3470087 0.0000000 0.2574243 0.2935043 0.2913439 0.2906639 0.3232424 0.0110740 0.3327634 0.2147073 
RuprSFB    0.3036594 0.2929366 0.3527948 0.3282068 0.2574243 0.0000000 0.3518392 0.3177219 0.3609692 0.3354773 0.2588578 0.4200008 0.2620234 
Retr       0.3037546 0.3433084 0.4221502 0.3547141 0.2935043 0.3518392 0.0000000 0.3720691 0.3791334 0.3522183 0.2939035 0.2003788 0.2812200 
Beta       0.3300739 0.3156741 0.4334440 0.3647538 0.2913439 0.3177219 0.3720691 0.0000000 0.1346311 0.3968670 0.2870471 0.4389437 0.2662257 
Spol       0.3191805 0.3281692 0.4235059 0.3794895 0.2906639 0.3609692 0.3791334 0.1346311 0.0000000 0.3768246 0.2882206 0.4504963 0.2654042 
MJM1652    0.3918251 0.1803389 0.3992359 0.2302370 0.3232424 0.3354773 0.3522183 0.3968670 0.3768246 0.0000000 0.3220229 0.3992010 0.3199193 
NepSFB     0.2877518 0.2677847 0.3502593 0.3449245 0.0110740 0.2588578 0.2939035 0.2870471 0.2882206 0.3220229 0.0000000 0.3320667 0.2132780 
WPYJ       0.3703242 0.3545287 0.4531200 0.3856344 0.3327634 0.4200008 0.2003788 0.4389437 0.4504963 0.3992010 0.3320667 0.0000000 0.3217299 
MJM2940    0.1962391 0.2685243 0.3560400 0.3359850 0.2147073 0.2620234 0.2812200 0.2662257 0.2654042 0.3199193 0.2132780 0.3217299 0.0000000 
