13
DrolusSFB  0.0000000 0.3190703 0.4334618 0.3812452 0.3235654 0.3901760 0.3302825 0.4599972 0.4649459 0.4820264 0.3255608 0.3894926 0.2222584 
Dino       0.3190703 0.0000000 0.4346586 0.1861556 0.2937329 0.3553281 0.3441388 0.3831253 0.3934067 0.1368561 0.2945877 0.4408316 0.2627190 
MJM3360    0.4334618 0.4346586 0.0000000 0.4642305 0.4252609 0.2874752 0.4101552 0.4653051 0.4635292 0.5593323 0.4313837 0.4956575 0.3922609 
DrobinSFB  0.3812452 0.1861556 0.4642305 0.0000000 0.3327928 0.4279688 0.3999653 0.4105319 0.4216047 0.2194974 0.3443422 0.4777285 0.3054162 
Neam       0.3235654 0.2937329 0.4252609 0.3327928 0.0000000 0.3634897 0.3281560 0.4391304 0.4440312 0.3996245 0.0073474 0.3503410 0.2478271 
RuprSFB    0.3901760 0.3553281 0.2874752 0.4279688 0.3634897 0.0000000 0.3507628 0.3865859 0.3942525 0.4481354 0.3633038 0.4104318 0.3370933 
Retr       0.3302825 0.3441388 0.4101552 0.3999653 0.3281560 0.3507628 0.0000000 0.3542242 0.3338668 0.4764034 0.3315585 0.2001955 0.2801206 
Beta       0.4599972 0.3831253 0.4653051 0.4105319 0.4391304 0.3865859 0.3542242 0.0000000 0.1403338 0.5109514 0.4402573 0.4110684 0.3826705 
Spol       0.4649459 0.3934067 0.4635292 0.4216047 0.4440312 0.3942525 0.3338668 0.1403338 0.0000000 0.5281588 0.4450004 0.4197971 0.3628258 
MJM1652    0.4820264 0.1368561 0.5593323 0.2194974 0.3996245 0.4481354 0.4764034 0.5109514 0.5281588 0.0000000 0.4072549 0.4979898 0.3618382 
NepSFB     0.3255608 0.2945877 0.4313837 0.3443422 0.0073474 0.3633038 0.3315585 0.4402573 0.4450004 0.4072549 0.0000000 0.3486843 0.2505566 
WPYJ       0.3894926 0.4408316 0.4956575 0.4777285 0.3503410 0.4104318 0.2001955 0.4110684 0.4197971 0.4979898 0.3486843 0.0000000 0.3126375 
MJM2940    0.2222584 0.2627190 0.3922609 0.3054162 0.2478271 0.3370933 0.2801206 0.3826705 0.3628258 0.3618382 0.2505566 0.3126375 0.0000000 
