13
DrolusSFB  0.0000000 0.3351180 0.4024650 0.3607255 0.2624173 0.3811908 0.3899545 0.4254921 0.4478067 0.3726634 0.2636451 0.4118884 0.1736256 
Dino       0.3351180 0.0000000 0.4517296 0.2200544 0.2931562 0.4002505 0.3895724 0.4225847 0.4777910 0.1626297 0.2892241 0.4689800 0.2981844 
MJM3360    0.4024650 0.4517296 0.0000000 0.4910418 0.3819917 0.3422174 0.4344825 0.4398524 0.4881704 0.5388310 0.3842118 0.5145997 0.3878666 
DrobinSFB  0.3607255 0.2200544 0.4910418 0.0000000 0.3385942 0.4484181 0.4210383 0.4696152 0.4691257 0.2351761 0.3326293 0.4795517 0.3140010 
Neam       0.2624173 0.2931562 0.3819917 0.3385942 0.0000000 0.3112841 0.3310927 0.3916502 0.4061767 0.3242281 0.0123109 0.4213475 0.2050755 
RuprSFB    0.3811908 0.4002505 0.3422174 0.4484181 0.3112841 0.0000000 0.3646594 0.3661506 0.4392488 0.4451745 0.3122727 0.4685484 0.3165731 
Retr       0.3899545 0.3895724 0.4344825 0.4210383 0.3310927 0.3646594 0.0000000 0.4523427 0.5093870 0.4709776 0.3288120 0.2085406 0.3394606 
Beta       0.4254921 0.4225847 0.4398524 0.4696152 0.3916502 0.3661506 0.4523427 0.0000000 0.1882373 0.5087893 0.3978049 0.4733293 0.3814325 
Spol       0.4478067 0.4777910 0.4881704 0.4691257 0.4061767 0.4392488 0.5093870 0.1882373 0.0000000 0.5480167 0.4115624 0.5093867 0.4030718 
MJM1652    0.3726634 0.1626297 0.5388310 0.2351761 0.3242281 0.4451745 0.4709776 0.5087893 0.5480167 0.0000000 0.3285240 0.4830309 0.3314508 
NepSFB     0.2636451 0.2892241 0.3842118 0.3326293 0.0123109 0.3122727 0.3288120 0.3978049 0.4115624 0.3285240 0.0000000 0.4263953 0.2041855 
WPYJ       0.4118884 0.4689800 0.5145997 0.4795517 0.4213475 0.4685484 0.2085406 0.4733293 0.5093867 0.4830309 0.4263953 0.0000000 0.4257684 
MJM2940    0.1736256 0.2981844 0.3878666 0.3140010 0.2050755 0.3165731 0.3394606 0.3814325 0.4030718 0.3314508 0.2041855 0.4257684 0.0000000 
