13
DrolusSFB  0.0000000 0.2633368 0.3447502 0.3254893 0.1854303 0.3605414 0.3666274 0.3049996 0.2907104 0.2770138 0.1826331 0.3515954 0.1448325 
Dino       0.2633368 0.0000000 0.3961310 0.2213728 0.2435052 0.4188706 0.4175878 0.3636984 0.3346713 0.1421266 0.2369797 0.4122867 0.2410153 
MJM3360    0.3447502 0.3961310 0.0000000 0.4295288 0.3441807 0.2889347 0.5062135 0.3688904 0.3653530 0.4379141 0.3405440 0.4376871 0.3353941 
DrobinSFB  0.3254893 0.2213728 0.4295288 0.0000000 0.2846716 0.4705349 0.5828292 0.4045834 0.3802737 0.2427811 0.2855642 0.5196458 0.2978317 
Neam       0.1854303 0.2435052 0.3441807 0.2846716 0.0000000 0.3359980 0.3665696 0.2946750 0.2854644 0.2753163 0.0090424 0.3007006 0.1664355 
RuprSFB    0.3605414 0.4188706 0.2889347 0.4705349 0.3359980 0.0000000 0.4999282 0.3808079 0.3678635 0.4587015 0.3333675 0.4896609 0.3314479 
Retr       0.3666274 0.4175878 0.5062135 0.5828292 0.3665696 0.4999282 0.0000000 0.4219394 0.4138717 0.4617890 0.3491211 0.1501566 0.3493907 
Beta       0.3049996 0.3636984 0.3688904 0.4045834 0.2946750 0.3808079 0.4219394 0.0000000 0.1115242 0.3808657 0.2874410 0.3559955 0.3009947 
Spol       0.2907104 0.3346713 0.3653530 0.3802737 0.2854644 0.3678635 0.4138717 0.1115242 0.0000000 0.3573228 0.2756015 0.3442758 0.2917187 
MJM1652    0.2770138 0.1421266 0.4379141 0.2427811 0.2753163 0.4587015 0.4617890 0.3808657 0.3573228 0.0000000 0.2707904 0.4140083 0.2627493 
NepSFB     0.1826331 0.2369797 0.3405440 0.2855642 0.0090424 0.3333675 0.3491211 0.2874410 0.2756015 0.2707904 0.0000000 0.2853024 0.1645100 
WPYJ       0.3515954 0.4122867 0.4376871 0.5196458 0.3007006 0.4896609 0.1501566 0.3559955 0.3442758 0.4140083 0.2853024 0.0000000 0.3052253 
MJM2940    0.1448325 0.2410153 0.3353941 0.2978317 0.1664355 0.3314479 0.3493907 0.3009947 0.2917187 0.2627493 0.1645100 0.3052253 0.0000000 
