13
DrolusSFB  0.0000000 0.3754492 0.5189267 0.4377640 0.2715747 0.4099792 0.4152855 0.4216408 0.4240530 0.3928098 0.2793183 0.4405590 0.1857664 
Dino       0.3754492 0.0000000 0.5290252 0.2563261 0.2845005 0.4336272 0.4688100 0.4344925 0.4538781 0.1651405 0.2903432 0.5084957 0.3049079 
MJM3360    0.5189267 0.5290252 0.0000000 0.6193789 0.4343903 0.3512024 0.5274287 0.5336990 0.5528239 0.5670944 0.4424356 0.5969314 0.4608045 
DrobinSFB  0.4377640 0.2563261 0.6193789 0.0000000 0.3656552 0.5230824 0.5638641 0.5360254 0.5519750 0.2602875 0.3729256 0.6047975 0.3868497 
Neam       0.2715747 0.2845005 0.4343903 0.3656552 0.0000000 0.3350341 0.3829791 0.3498772 0.3552732 0.3070302 0.0088465 0.4151298 0.2035201 
RuprSFB    0.4099792 0.4336272 0.3512024 0.5230824 0.3350341 0.0000000 0.4446967 0.4394562 0.4660629 0.4733991 0.3399920 0.4776878 0.3502995 
Retr       0.4152855 0.4688100 0.5274287 0.5638641 0.3829791 0.4446967 0.0000000 0.4745601 0.4943421 0.4913794 0.3908255 0.2279404 0.3791289 
Beta       0.4216408 0.4344925 0.5336990 0.5360254 0.3498772 0.4394562 0.4745601 0.0000000 0.1444639 0.4777294 0.3574826 0.5363244 0.3562406 
Spol       0.4240530 0.4538781 0.5528239 0.5519750 0.3552732 0.4660629 0.4943421 0.1444639 0.0000000 0.4929661 0.3560529 0.5435860 0.3810641 
MJM1652    0.3928098 0.1651405 0.5670944 0.2602875 0.3070302 0.4733991 0.4913794 0.4777294 0.4929661 0.0000000 0.3118686 0.5303471 0.3312899 
NepSFB     0.2793183 0.2903432 0.4424356 0.3729256 0.0088465 0.3399920 0.3908255 0.3574826 0.3560529 0.3118686 0.0000000 0.4189233 0.2075456 
WPYJ       0.4405590 0.5084957 0.5969314 0.6047975 0.4151298 0.4776878 0.2279404 0.5363244 0.5435860 0.5303471 0.4189233 0.0000000 0.4266130 
MJM2940    0.1857664 0.3049079 0.4608045 0.3868497 0.2035201 0.3502995 0.3791289 0.3562406 0.3810641 0.3312899 0.2075456 0.4266130 0.0000000 
