13
DrolusSFB  0.0000000 0.2277110 0.3584697 0.2648007 0.2200701 0.2291431 0.3178598 0.3249556 0.2650820 0.2447372 0.2144394 0.3435984 0.1628561 
Dino       0.2277110 0.0000000 0.3449168 0.1575961 0.2094999 0.2591068 0.3474883 0.3570069 0.3151741 0.1141595 0.2062585 0.3560684 0.2078257 
MJM3360    0.3584697 0.3449168 0.0000000 0.3501887 0.3178615 0.2248498 0.3593420 0.3926294 0.3834459 0.3615580 0.3240307 0.4057702 0.3151199 
DrobinSFB  0.2648007 0.1575961 0.3501887 0.0000000 0.2505917 0.2676571 0.3083390 0.3351485 0.3115091 0.1746617 0.2546223 0.3200749 0.2467233 
Neam       0.2200701 0.2094999 0.3178615 0.2505917 0.0000000 0.2280387 0.2700588 0.3133927 0.2975318 0.2565494 0.0115372 0.3048397 0.1885503 
RuprSFB    0.2291431 0.2591068 0.2248498 0.2676571 0.2280387 0.0000000 0.2621576 0.2762084 0.2601832 0.2868583 0.2288031 0.2644934 0.2420479 
Retr       0.3178598 0.3474883 0.3593420 0.3083390 0.2700588 0.2621576 0.0000000 0.3903389 0.3821878 0.3633059 0.2765403 0.1608993 0.2967502 
Beta       0.3249556 0.3570069 0.3926294 0.3351485 0.3133927 0.2762084 0.3903389 0.0000000 0.1367739 0.3721340 0.3144875 0.4003563 0.3390202 
Spol       0.2650820 0.3151741 0.3834459 0.3115091 0.2975318 0.2601832 0.3821878 0.1367739 0.0000000 0.3545401 0.2945542 0.3803018 0.3038077 
MJM1652    0.2447372 0.1141595 0.3615580 0.1746617 0.2565494 0.2868583 0.3633059 0.3721340 0.3545401 0.0000000 0.2631103 0.3668003 0.2409123 
NepSFB     0.2144394 0.2062585 0.3240307 0.2546223 0.0115372 0.2288031 0.2765403 0.3144875 0.2945542 0.2631103 0.0000000 0.3025576 0.1953702 
WPYJ       0.3435984 0.3560684 0.4057702 0.3200749 0.3048397 0.2644934 0.1608993 0.4003563 0.3803018 0.3668003 0.3025576 0.0000000 0.3128670 
MJM2940    0.1628561 0.2078257 0.3151199 0.2467233 0.1885503 0.2420479 0.2967502 0.3390202 0.3038077 0.2409123 0.1953702 0.3128670 0.0000000 
