13
DrolusSFB  0.0000000 0.2251192 0.3745637 0.2587291 0.2535643 0.2752277 0.2906419 0.3227790 0.3452380 0.2570305 0.2552710 0.3424407 0.1506782 
Dino       0.2251192 0.0000000 0.3652462 0.2041586 0.1753183 0.2471737 0.2727256 0.2861462 0.2910386 0.1240921 0.1786235 0.2862080 0.2155734 
MJM3360    0.3745637 0.3652462 0.0000000 0.3898829 0.3623224 0.2926683 0.3928157 0.3737453 0.4099593 0.3986302 0.3549772 0.4652697 0.2877296 
DrobinSFB  0.2587291 0.2041586 0.3898829 0.0000000 0.2976259 0.2924337 0.2926712 0.3468872 0.3727951 0.1974161 0.2906512 0.3522103 0.2468505 
Neam       0.2535643 0.1753183 0.3623224 0.2976259 0.0000000 0.2694740 0.2500585 0.3041346 0.3072416 0.1916644 0.0052745 0.2731864 0.2065881 
RuprSFB    0.2752277 0.2471737 0.2926683 0.2924337 0.2694740 0.0000000 0.2748741 0.2639644 0.2789753 0.2482870 0.2731508 0.3336146 0.2286760 
Retr       0.2906419 0.2727256 0.3928157 0.2926712 0.2500585 0.2748741 0.0000000 0.3504785 0.3790089 0.2812127 0.2473302 0.1744059 0.2280870 
Beta       0.3227790 0.2861462 0.3737453 0.3468872 0.3041346 0.2639644 0.3504785 0.0000000 0.1298204 0.3005709 0.2971420 0.3888879 0.2671863 
Spol       0.3452380 0.2910386 0.4099593 0.3727951 0.3072416 0.2789753 0.3790089 0.1298204 0.0000000 0.3084397 0.3040948 0.3970875 0.2895424 
MJM1652    0.2570305 0.1240921 0.3986302 0.1974161 0.1916644 0.2482870 0.2812127 0.3005709 0.3084397 0.0000000 0.1965177 0.3393296 0.2345387 
NepSFB     0.2552710 0.1786235 0.3549772 0.2906512 0.0052745 0.2731508 0.2473302 0.2971420 0.3040948 0.1965177 0.0000000 0.2736135 0.2041805 
WPYJ       0.3424407 0.2862080 0.4652697 0.3522103 0.2731864 0.3336146 0.1744059 0.3888879 0.3970875 0.3393296 0.2736135 0.0000000 0.2860531 
MJM2940    0.1506782 0.2155734 0.2877296 0.2468505 0.2065881 0.2286760 0.2280870 0.2671863 0.2895424 0.2345387 0.2041805 0.2860531 0.0000000 
