13
DrolusSFB  0.0000000 0.3153794 0.5011211 0.4043731 0.2800486 0.3977256 0.3802755 0.4458126 0.4481436 0.4168010 0.2854366 0.3616984 0.2236358 
Dino       0.3153794 0.0000000 0.5130045 0.2492303 0.2666854 0.3902505 0.3446504 0.4273578 0.4045369 0.1844049 0.2749585 0.3196437 0.2540338 
MJM3360    0.5011211 0.5130045 0.0000000 0.4750154 0.4992888 0.4396138 0.5156003 0.6067248 0.5868379 0.5809911 0.5128706 0.5134541 0.4823231 
DrobinSFB  0.4043731 0.2492303 0.4750154 0.0000000 0.3838543 0.4259144 0.4745339 0.4771570 0.5065844 0.2924924 0.3830093 0.3572758 0.3726031 
Neam       0.2800486 0.2666854 0.4992888 0.3838543 0.0000000 0.3883292 0.3311620 0.4576185 0.4315267 0.3522491 0.0116650 0.3425218 0.2047704 
RuprSFB    0.3977256 0.3902505 0.4396138 0.4259144 0.3883292 0.0000000 0.4427169 0.4304889 0.4839080 0.4518883 0.4001065 0.4029489 0.3245112 
Retr       0.3802755 0.3446504 0.5156003 0.4745339 0.3311620 0.4427169 0.0000000 0.4687486 0.4554351 0.4498026 0.3347765 0.1863425 0.2989881 
Beta       0.4458126 0.4273578 0.6067248 0.4771570 0.4576185 0.4304889 0.4687486 0.0000000 0.2394985 0.5130896 0.4592854 0.3948341 0.4016005 
Spol       0.4481436 0.4045369 0.5868379 0.5065844 0.4315267 0.4839080 0.4554351 0.2394985 0.0000000 0.4619409 0.4303511 0.3686952 0.4202953 
MJM1652    0.4168010 0.1844049 0.5809911 0.2924924 0.3522491 0.4518883 0.4498026 0.5130896 0.4619409 0.0000000 0.3633966 0.3810600 0.3448084 
NepSFB     0.2854366 0.2749585 0.5128706 0.3830093 0.0116650 0.4001065 0.3347765 0.4592854 0.4303511 0.3633966 0.0000000 0.3439136 0.2086700 
WPYJ       0.3616984 0.3196437 0.5134541 0.3572758 0.3425218 0.4029489 0.1863425 0.3948341 0.3686952 0.3810600 0.3439136 0.0000000 0.3021325 
MJM2940    0.2236358 0.2540338 0.4823231 0.3726031 0.2047704 0.3245112 0.2989881 0.4016005 0.4202953 0.3448084 0.2086700 0.3021325 0.0000000 
