13
DrolusSFB  0.0000000 0.2752677 0.2945890 0.3069046 0.2850218 0.2923145 0.3166161 0.3705340 0.3954276 0.3040771 0.2903366 0.3915187 0.2314365 
Dino       0.2752677 0.0000000 0.3653381 0.2056215 0.2745524 0.3428582 0.3754132 0.3437249 0.3504883 0.2188388 0.2709974 0.4480154 0.2727207 
MJM3360    0.2945890 0.3653381 0.0000000 0.3527006 0.2992577 0.2385932 0.3297321 0.3296195 0.3189709 0.3551654 0.2911585 0.3840980 0.2889095 
DrobinSFB  0.3069046 0.2056215 0.3527006 0.0000000 0.2724466 0.3175968 0.3865156 0.3396877 0.3369208 0.1881681 0.2709742 0.4445238 0.2760747 
Neam       0.2850218 0.2745524 0.2992577 0.2724466 0.0000000 0.2641759 0.3180030 0.3535511 0.3896312 0.2848425 0.0223084 0.4025610 0.2469758 
RuprSFB    0.2923145 0.3428582 0.2385932 0.3175968 0.2641759 0.0000000 0.3175243 0.3180257 0.3167747 0.3300870 0.2584862 0.3782061 0.2890463 
Retr       0.3166161 0.3754132 0.3297321 0.3865156 0.3180030 0.3175243 0.0000000 0.3637665 0.3549112 0.3586010 0.3150070 0.1701189 0.3015331 
Beta       0.3705340 0.3437249 0.3296195 0.3396877 0.3535511 0.3180257 0.3637665 0.0000000 0.1574036 0.3742528 0.3527227 0.4259472 0.3433062 
Spol       0.3954276 0.3504883 0.3189709 0.3369208 0.3896312 0.3167747 0.3549112 0.1574036 0.0000000 0.3894449 0.3834149 0.4153081 0.3671270 
MJM1652    0.3040771 0.2188388 0.3551654 0.1881681 0.2848425 0.3300870 0.3586010 0.3742528 0.3894449 0.0000000 0.2758408 0.4326202 0.3013737 
NepSFB     0.2903366 0.2709974 0.2911585 0.2709742 0.0223084 0.2584862 0.3150070 0.3527227 0.3834149 0.2758408 0.0000000 0.4104520 0.2531119 
WPYJ       0.3915187 0.4480154 0.3840980 0.4445238 0.4025610 0.3782061 0.1701189 0.4259472 0.4153081 0.4326202 0.4104520 0.0000000 0.3747345 
MJM2940    0.2314365 0.2727207 0.2889095 0.2760747 0.2469758 0.2890463 0.3015331 0.3433062 0.3671270 0.3013737 0.2531119 0.3747345 0.0000000 
