13
DrolusSFB  0.0000000 0.2690831 0.3507748 0.3485120 0.2449575 0.3008986 0.2821698 0.3797836 0.3706068 0.2992082 0.2454116 0.3355079 0.1811157 
Dino       0.2690831 0.0000000 0.3562987 0.1567288 0.2489623 0.3166976 0.2295244 0.3371799 0.3179476 0.1295349 0.2521713 0.2553160 0.2124061 
MJM3360    0.3507748 0.3562987 0.0000000 0.3991752 0.3217471 0.2602550 0.2611718 0.4311149 0.4209335 0.3878628 0.3261376 0.1706640 0.3050929 
DrobinSFB  0.3485120 0.1567288 0.3991752 0.0000000 0.2724784 0.3510674 0.2890786 0.3730624 0.3941021 0.1837171 0.2777842 0.4211136 0.2667734 
Neam       0.2449575 0.2489623 0.3217471 0.2724784 0.0000000 0.2959392 0.2606913 0.3374921 0.3388169 0.2687289 0.0089967 0.3635976 0.2201157 
RuprSFB    0.3008986 0.3166976 0.2602550 0.3510674 0.2959392 0.0000000 0.2787586 0.3845170 0.3695928 0.3435766 0.3020544 0.2452827 0.2768488 
Retr       0.2821698 0.2295244 0.2611718 0.2890786 0.2606913 0.2787586 0.0000000 0.2693086 0.2892713 0.2831998 0.2570099 0.1903147 0.2583942 
Beta       0.3797836 0.3371799 0.4311149 0.3730624 0.3374921 0.3845170 0.2693086 0.0000000 0.1183597 0.3844479 0.3415597 0.3916401 0.3126026 
Spol       0.3706068 0.3179476 0.4209335 0.3941021 0.3388169 0.3695928 0.2892713 0.1183597 0.0000000 0.3663188 0.3439468 0.4111364 0.3111222 
MJM1652    0.2992082 0.1295349 0.3878628 0.1837171 0.2687289 0.3435766 0.2831998 0.3844479 0.3663188 0.0000000 0.2705138 0.4121411 0.2664233 
NepSFB     0.2454116 0.2521713 0.3261376 0.2777842 0.0089967 0.3020544 0.2570099 0.3415597 0.3439468 0.2705138 0.0000000 0.3663472 0.2203636 
WPYJ       0.3355079 0.2553160 0.1706640 0.4211136 0.3635976 0.2452827 0.1903147 0.3916401 0.4111364 0.4121411 0.3663472 0.0000000 0.3896014 
MJM2940    0.1811157 0.2124061 0.3050929 0.2667734 0.2201157 0.2768488 0.2583942 0.3126026 0.3111222 0.2664233 0.2203636 0.3896014 0.0000000 
