13
DrolusSFB  0.0000000 0.2804890 0.3304843 0.3077736 0.2329468 0.2946357 0.3434827 0.3634117 0.4203245 0.2731913 0.2156116 0.3425199 0.1947800 
Dino       0.2804890 0.0000000 0.3283364 0.1509667 0.2574495 0.2942582 0.3357340 0.3740443 0.4060945 0.1315222 0.2333282 0.3432173 0.2436521 
MJM3360    0.3304843 0.3283364 0.0000000 0.3501681 0.3429671 0.2510866 0.3707939 0.3683928 0.4370047 0.3234580 0.3368443 0.3542890 0.3134861 
DrobinSFB  0.3077736 0.1509667 0.3501681 0.0000000 0.2298808 0.2973123 0.3493018 0.3929696 0.4429460 0.1773993 0.2526847 0.3386157 0.2699552 
Neam       0.2329468 0.2574495 0.3429671 0.2298808 0.0000000 0.2842119 0.2588931 0.3516860 0.3419476 0.2775151 0.0114737 0.3312255 0.1843345 
RuprSFB    0.2946357 0.2942582 0.2510866 0.2973123 0.2842119 0.0000000 0.2678381 0.3331035 0.3859920 0.2925496 0.2656553 0.3108734 0.2623679 
Retr       0.3434827 0.3357340 0.3707939 0.3493018 0.2588931 0.2678381 0.0000000 0.3852702 0.4345569 0.3862065 0.2913467 0.1810368 0.3089324 
Beta       0.3634117 0.3740443 0.3683928 0.3929696 0.3516860 0.3331035 0.3852702 0.0000000 0.1618751 0.3813412 0.3381957 0.4064994 0.3264361 
Spol       0.4203245 0.4060945 0.4370047 0.4429460 0.3419476 0.3859920 0.4345569 0.1618751 0.0000000 0.3942043 0.3504861 0.4438920 0.3529806 
MJM1652    0.2731913 0.1315222 0.3234580 0.1773993 0.2775151 0.2925496 0.3862065 0.3813412 0.3942043 0.0000000 0.2717854 0.3189494 0.2595976 
NepSFB     0.2156116 0.2333282 0.3368443 0.2526847 0.0114737 0.2656553 0.2913467 0.3381957 0.3504861 0.2717854 0.0000000 0.3319524 0.1717826 
WPYJ       0.3425199 0.3432173 0.3542890 0.3386157 0.3312255 0.3108734 0.1810368 0.4064994 0.4438920 0.3189494 0.3319524 0.0000000 0.3147344 
MJM2940    0.1947800 0.2436521 0.3134861 0.2699552 0.1843345 0.2623679 0.3089324 0.3264361 0.3529806 0.2595976 0.1717826 0.3147344 0.0000000 
