13
DrolusSFB  0.0000000 0.3664254 0.4240575 0.4276378 0.2824052 0.3435358 0.3021477 0.3859773 0.4740614 0.3975775 0.2899278 0.3273293 0.2313437 
Dino       0.3664254 0.0000000 0.4476696 0.2931020 0.2986975 0.4127758 0.3841208 0.4155011 0.5304313 0.1952625 0.2952625 0.4151040 0.2790075 
MJM3360    0.4240575 0.4476696 0.0000000 0.5537223 0.3841272 0.3221140 0.3107457 0.4521233 0.5123510 0.5073318 0.3801142 0.3499067 0.3557052 
DrobinSFB  0.4276378 0.2931020 0.5537223 0.0000000 0.3806258 0.4583242 0.3786754 0.4858888 0.6152825 0.3464894 0.3784025 0.4382312 0.3667525 
Neam       0.2824052 0.2986975 0.3841272 0.3806258 0.0000000 0.3081614 0.2817876 0.3602154 0.4237204 0.3418344 0.0166941 0.3122761 0.1916006 
RuprSFB    0.3435358 0.4127758 0.3221140 0.4583242 0.3081614 0.0000000 0.2804017 0.4046843 0.4909712 0.4479281 0.3094050 0.3495183 0.2967499 
Retr       0.3021477 0.3841208 0.3107457 0.3786754 0.2817876 0.2804017 0.0000000 0.4361575 0.5318837 0.4187294 0.2745224 0.1611850 0.2466590 
Beta       0.3859773 0.4155011 0.4521233 0.4858888 0.3602154 0.4046843 0.4361575 0.0000000 0.2011317 0.4653292 0.3641792 0.4383691 0.3269961 
Spol       0.4740614 0.5304313 0.5123510 0.6152825 0.4237204 0.4909712 0.5318837 0.2011317 0.0000000 0.5716017 0.4237354 0.5719238 0.4084647 
MJM1652    0.3975775 0.1952625 0.5073318 0.3464894 0.3418344 0.4479281 0.4187294 0.4653292 0.5716017 0.0000000 0.3435883 0.4041083 0.3319472 
NepSFB     0.2899278 0.2952625 0.3801142 0.3784025 0.0166941 0.3094050 0.2745224 0.3641792 0.4237354 0.3435883 0.0000000 0.3106103 0.1939741 
WPYJ       0.3273293 0.4151040 0.3499067 0.4382312 0.3122761 0.3495183 0.1611850 0.4383691 0.5719238 0.4041083 0.3106103 0.0000000 0.2865582 
MJM2940    0.2313437 0.2790075 0.3557052 0.3667525 0.1916006 0.2967499 0.2466590 0.3269961 0.4084647 0.3319472 0.1939741 0.2865582 0.0000000 
