13
DrolusSFB  0.0000000 0.2895401 0.3129881 0.2845348 0.2453820 0.4199872 0.1754651 0.4022906 0.3915547 0.3041348 0.2399589 0.2585172 0.1890705 
Dino       0.2895401 0.0000000 0.3101624 0.1719230 0.2346538 0.3835017 0.1469920 0.3769534 0.3860751 0.1885934 0.2376966 0.2983127 0.2729434 
MJM3360    0.3129881 0.3101624 0.0000000 0.2821131 0.2999594 0.2750694 0.2115564 0.3616865 0.4050919 0.3147293 0.2920354 0.2629618 0.2735645 
DrobinSFB  0.2845348 0.1719230 0.2821131 0.0000000 0.2343456 0.3832672 0.1716219 0.3512399 0.3700496 0.1636791 0.2375337 0.2385732 0.2678539 
Neam       0.2453820 0.2346538 0.2999594 0.2343456 0.0000000 0.3770459 0.1670603 0.3329996 0.3202800 0.2420480 0.0111025 0.2361226 0.2037176 
RuprSFB    0.4199872 0.3835017 0.2750694 0.3832672 0.3770459 0.0000000 0.2163860 0.3940871 0.3973710 0.3447686 0.3792166 0.2646700 0.3275798 
Retr       0.1754651 0.1469920 0.2115564 0.1716219 0.1670603 0.2163860 0.0000000 0.2479014 0.2593141 0.1996802 0.1605879 0.0833175 0.1715056 
Beta       0.4022906 0.3769534 0.3616865 0.3512399 0.3329996 0.3940871 0.2479014 0.0000000 0.1434859 0.3643182 0.3383191 0.3087591 0.3127558 
Spol       0.3915547 0.3860751 0.4050919 0.3700496 0.3202800 0.3973710 0.2593141 0.1434859 0.0000000 0.3783885 0.3270335 0.3297698 0.3359882 
MJM1652    0.3041348 0.1885934 0.3147293 0.1636791 0.2420480 0.3447686 0.1996802 0.3643182 0.3783885 0.0000000 0.2450157 0.2599802 0.2565361 
NepSFB     0.2399589 0.2376966 0.2920354 0.2375337 0.0111025 0.3792166 0.1605879 0.3383191 0.3270335 0.2450157 0.0000000 0.2262035 0.2012507 
WPYJ       0.2585172 0.2983127 0.2629618 0.2385732 0.2361226 0.2646700 0.0833175 0.3087591 0.3297698 0.2599802 0.2262035 0.0000000 0.2230576 
MJM2940    0.1890705 0.2729434 0.2735645 0.2678539 0.2037176 0.3275798 0.1715056 0.3127558 0.3359882 0.2565361 0.2012507 0.2230576 0.0000000 
