13
DrolusSFB  0.0000000 0.2195726 0.2771741 0.2901905 0.1699695 0.2678044 0.2557792 0.2650448 0.3017250 0.2234058 0.1705970 0.2747772 0.1204780 
Dino       0.2195726 0.0000000 0.3086291 0.1840432 0.1725756 0.2564246 0.2719730 0.2992816 0.3004917 0.1126067 0.1666195 0.3179877 0.1899665 
MJM3360    0.2771741 0.3086291 0.0000000 0.3666899 0.2367055 0.2159962 0.2901273 0.2634463 0.2953337 0.3096294 0.2311846 0.3013551 0.2478190 
DrobinSFB  0.2901905 0.1840432 0.3666899 0.0000000 0.2542073 0.3613418 0.3560477 0.3682846 0.3781571 0.2019076 0.2556900 0.4154337 0.2685609 
Neam       0.1699695 0.1725756 0.2367055 0.2542073 0.0000000 0.2273087 0.2388793 0.2558870 0.2543182 0.1904940 0.0117899 0.2488513 0.1347728 
RuprSFB    0.2678044 0.2564246 0.2159962 0.3613418 0.2273087 0.0000000 0.2376784 0.2667331 0.2691401 0.2768950 0.2315163 0.2498940 0.2313522 
Retr       0.2557792 0.2719730 0.2901273 0.3560477 0.2388793 0.2376784 0.0000000 0.2264462 0.2791820 0.2907105 0.2439006 0.1449117 0.2174833 
Beta       0.2650448 0.2992816 0.2634463 0.3682846 0.2558870 0.2667331 0.2264462 0.0000000 0.1103428 0.3117596 0.2462899 0.2685273 0.2343077 
Spol       0.3017250 0.3004917 0.2953337 0.3781571 0.2543182 0.2691401 0.2791820 0.1103428 0.0000000 0.3141737 0.2359258 0.3110431 0.2573925 
MJM1652    0.2234058 0.1126067 0.3096294 0.2019076 0.1904940 0.2768950 0.2907105 0.3117596 0.3141737 0.0000000 0.1877719 0.3201759 0.1918119 
NepSFB     0.1705970 0.1666195 0.2311846 0.2556900 0.0117899 0.2315163 0.2439006 0.2462899 0.2359258 0.1877719 0.0000000 0.2420309 0.1320420 
WPYJ       0.2747772 0.3179877 0.3013551 0.4154337 0.2488513 0.2498940 0.1449117 0.2685273 0.3110431 0.3201759 0.2420309 0.0000000 0.2456273 
MJM2940    0.1204780 0.1899665 0.2478190 0.2685609 0.1347728 0.2313522 0.2174833 0.2343077 0.2573925 0.1918119 0.1320420 0.2456273 0.0000000 
