13
DrolusSFB  0.0000000 0.3482599 0.4695533 0.3679128 0.2895910 0.3755012 0.4025066 0.4609070 0.4483228 0.3612653 0.2879188 0.4124991 0.2096432 
Dino       0.3482599 0.0000000 0.4541490 0.2392345 0.2564587 0.3734400 0.3617300 0.4343954 0.4244015 0.1580815 0.2604342 0.3892692 0.2767945 
MJM3360    0.4695533 0.4541490 0.0000000 0.4793222 0.3860602 0.3161489 0.4041873 0.4988289 0.5087913 0.4854424 0.3960682 0.4474504 0.4073796 
DrobinSFB  0.3679128 0.2392345 0.4793222 0.0000000 0.2734900 0.3828223 0.4171667 0.4565571 0.4576858 0.2983123 0.2770723 0.4480233 0.3116365 
Neam       0.2895910 0.2564587 0.3860602 0.2734900 0.0000000 0.3194213 0.3293219 0.4238495 0.4068140 0.2957855 0.0123292 0.3555462 0.2238361 
RuprSFB    0.3755012 0.3734400 0.3161489 0.3828223 0.3194213 0.0000000 0.3627831 0.4371147 0.4461756 0.4098769 0.3234961 0.4180543 0.3228715 
Retr       0.4025066 0.3617300 0.4041873 0.4171667 0.3293219 0.3627831 0.0000000 0.4072513 0.3936049 0.4036559 0.3303145 0.2080015 0.3342613 
Beta       0.4609070 0.4343954 0.4988289 0.4565571 0.4238495 0.4371147 0.4072513 0.0000000 0.1635964 0.4530687 0.4328283 0.4375309 0.4156663 
Spol       0.4483228 0.4244015 0.5087913 0.4576858 0.4068140 0.4461756 0.3936049 0.1635964 0.0000000 0.4570512 0.4111674 0.4363215 0.4252830 
MJM1652    0.3612653 0.1580815 0.4854424 0.2983123 0.2957855 0.4098769 0.4036559 0.4530687 0.4570512 0.0000000 0.3003551 0.4620059 0.3131955 
NepSFB     0.2879188 0.2604342 0.3960682 0.2770723 0.0123292 0.3234961 0.3303145 0.4328283 0.4111674 0.3003551 0.0000000 0.3600882 0.2272988 
WPYJ       0.4124991 0.3892692 0.4474504 0.4480233 0.3555462 0.4180543 0.2080015 0.4375309 0.4363215 0.4620059 0.3600882 0.0000000 0.3821280 
MJM2940    0.2096432 0.2767945 0.4073796 0.3116365 0.2238361 0.3228715 0.3342613 0.4156663 0.4252830 0.3131955 0.2272988 0.3821280 0.0000000 
