13
DrolusSFB  0.0000000 0.2679533 0.3284635 0.3121076 0.2186615 0.3070694 0.2934735 0.2950277 0.3157232 0.3177993 0.2199013 0.3423891 0.1514588 
Dino       0.2679533 0.0000000 0.3585067 0.2244990 0.2927794 0.3511480 0.4025118 0.4194486 0.4375178 0.1988578 0.3015648 0.4514681 0.2750764 
MJM3360    0.3284635 0.3585067 0.0000000 0.4313638 0.3395973 0.3052317 0.4008835 0.3737498 0.3862604 0.4216571 0.3430452 0.4548705 0.3496680 
DrobinSFB  0.3121076 0.2244990 0.4313638 0.0000000 0.3692767 0.4383421 0.4711085 0.4876022 0.5158818 0.2717891 0.3786842 0.4866587 0.3394770 
Neam       0.2186615 0.2927794 0.3395973 0.3692767 0.0000000 0.3238632 0.3273701 0.3492044 0.3450314 0.3673102 0.0094113 0.2902145 0.2010658 
RuprSFB    0.3070694 0.3511480 0.3052317 0.4383421 0.3238632 0.0000000 0.3189626 0.3403342 0.3209847 0.4089968 0.3316639 0.3906885 0.2942175 
Retr       0.2934735 0.4025118 0.4008835 0.4711085 0.3273701 0.3189626 0.0000000 0.3314581 0.3630687 0.4368263 0.3267282 0.1397539 0.2731471 
Beta       0.2950277 0.4194486 0.3737498 0.4876022 0.3492044 0.3403342 0.3314581 0.0000000 0.1157875 0.4505376 0.3491104 0.3600809 0.2793385 
Spol       0.3157232 0.4375178 0.3862604 0.5158818 0.3450314 0.3209847 0.3630687 0.1157875 0.0000000 0.4653707 0.3501428 0.3574468 0.2858535 
MJM1652    0.3177993 0.1988578 0.4216571 0.2717891 0.3673102 0.4089968 0.4368263 0.4505376 0.4653707 0.0000000 0.3786109 0.5239946 0.3424939 
NepSFB     0.2199013 0.3015648 0.3430452 0.3786842 0.0094113 0.3316639 0.3267282 0.3491104 0.3501428 0.3786109 0.0000000 0.3002218 0.2047184 
WPYJ       0.3423891 0.4514681 0.4548705 0.4866587 0.2902145 0.3906885 0.1397539 0.3600809 0.3574468 0.5239946 0.3002218 0.0000000 0.3052625 
MJM2940    0.1514588 0.2750764 0.3496680 0.3394770 0.2010658 0.2942175 0.2731471 0.2793385 0.2858535 0.3424939 0.2047184 0.3052625 0.0000000 
