13
DrolusSFB  0.0000000 0.3720451 0.3302840 0.3830858 0.2840094 0.3463721 0.3706305 0.3733574 0.3816796 0.4065869 0.2880211 0.4295653 0.2199282 
Dino       0.3720451 0.0000000 0.3707540 0.2233942 0.2980710 0.3910064 0.4166261 0.5234083 0.5336449 0.1986622 0.3007601 0.4931313 0.3243093 
MJM3360    0.3302840 0.3707540 0.0000000 0.4077259 0.3283685 0.2616077 0.4129283 0.3783820 0.3430852 0.3827557 0.3290564 0.4162928 0.3462879 
DrobinSFB  0.3830858 0.2233942 0.4077259 0.0000000 0.2773639 0.4098918 0.4477675 0.4360933 0.4461990 0.2356137 0.2891528 0.4612728 0.3285449 
Neam       0.2840094 0.2980710 0.3283685 0.2773639 0.0000000 0.3568110 0.3219353 0.3747716 0.4323763 0.3393976 0.0114869 0.4001543 0.2356328 
RuprSFB    0.3463721 0.3910064 0.2616077 0.4098918 0.3568110 0.0000000 0.3591230 0.4150071 0.3935723 0.3883875 0.3576883 0.3581867 0.3611060 
Retr       0.3706305 0.4166261 0.4129283 0.4477675 0.3219353 0.3591230 0.0000000 0.3825904 0.3936035 0.4558531 0.3190798 0.2089928 0.3281969 
Beta       0.3733574 0.5234083 0.3783820 0.4360933 0.3747716 0.4150071 0.3825904 0.0000000 0.1673752 0.5225669 0.3704089 0.4338446 0.3719476 
Spol       0.3816796 0.5336449 0.3430852 0.4461990 0.4323763 0.3935723 0.3936035 0.1673752 0.0000000 0.5322145 0.4227433 0.4109401 0.3882850 
MJM1652    0.4065869 0.1986622 0.3827557 0.2356137 0.3393976 0.3883875 0.4558531 0.5225669 0.5322145 0.0000000 0.3380854 0.4921385 0.3552976 
NepSFB     0.2880211 0.3007601 0.3290564 0.2891528 0.0114869 0.3576883 0.3190798 0.3704089 0.4227433 0.3380854 0.0000000 0.4009309 0.2376948 
WPYJ       0.4295653 0.4931313 0.4162928 0.4612728 0.4001543 0.3581867 0.2089928 0.4338446 0.4109401 0.4921385 0.4009309 0.0000000 0.4003341 
MJM2940    0.2199282 0.3243093 0.3462879 0.3285449 0.2356328 0.3611060 0.3281969 0.3719476 0.3882850 0.3552976 0.2376948 0.4003341 0.0000000 
