13
DrolusSFB  0.0000000 0.2568710 0.3799162 0.3325951 0.2645136 0.3490787 0.3024204 0.3638026 0.3654893 0.3329554 0.2739213 0.3756568 0.1848922 
Dino       0.2568710 0.0000000 0.3539555 0.1645459 0.2144971 0.3185027 0.5013962 0.3114777 0.3171988 0.1523298 0.2175054 0.3519669 0.2283497 
MJM3360    0.3799162 0.3539555 0.0000000 0.4242206 0.3738160 0.3019986 0.3362404 0.4481021 0.4390423 0.4512583 0.3868995 0.4487994 0.3444138 
DrobinSFB  0.3325951 0.1645459 0.4242206 0.0000000 0.3007061 0.3926806 0.3101976 0.3944940 0.4001354 0.2281849 0.3065815 0.4355318 0.2855237 
Neam       0.2645136 0.2144971 0.3738160 0.3007061 0.0000000 0.3076853 0.2992068 0.3384497 0.3568189 0.3086005 0.0118612 0.3625516 0.2148353 
RuprSFB    0.3490787 0.3185027 0.3019986 0.3926806 0.3076853 0.0000000 0.3404315 0.3897315 0.3589413 0.3793415 0.3230500 0.3825232 0.3091264 
Retr       0.3024204 0.5013962 0.3362404 0.3101976 0.2992068 0.3404315 0.0000000 0.3798066 0.3727707 0.3071569 0.2921113 0.1810471 0.2992018 
Beta       0.3638026 0.3114777 0.4481021 0.3944940 0.3384497 0.3897315 0.3798066 0.0000000 0.1505677 0.4451200 0.3597788 0.3768708 0.3393305 
Spol       0.3654893 0.3171988 0.4390423 0.4001354 0.3568189 0.3589413 0.3727707 0.1505677 0.0000000 0.4446908 0.3740234 0.4019200 0.3374659 
MJM1652    0.3329554 0.1523298 0.4512583 0.2281849 0.3086005 0.3793415 0.3071569 0.4451200 0.4446908 0.0000000 0.3048161 0.4384351 0.2825174 
NepSFB     0.2739213 0.2175054 0.3868995 0.3065815 0.0118612 0.3230500 0.2921113 0.3597788 0.3740234 0.3048161 0.0000000 0.3684195 0.2225006 
WPYJ       0.3756568 0.3519669 0.4487994 0.4355318 0.3625516 0.3825232 0.1810471 0.3768708 0.4019200 0.4384351 0.3684195 0.0000000 0.3380013 
MJM2940    0.1848922 0.2283497 0.3444138 0.2855237 0.2148353 0.3091264 0.2992018 0.3393305 0.3374659 0.2825174 0.2225006 0.3380013 0.0000000 
