13
DrolusSFB  0.0000000 0.3285515 0.4461436 0.4077435 0.2826789 0.3231418 0.3757701 0.4279474 0.4306073 0.3725390 0.2804867 0.3914548 0.2236470 
Dino       0.3285515 0.0000000 0.4544449 0.2301722 0.2212443 0.3639246 0.3529916 0.4490440 0.4594512 0.1459170 0.2226350 0.3813647 0.2728942 
MJM3360    0.4461436 0.4544449 0.0000000 0.4592594 0.4053351 0.3137016 0.3816731 0.4680827 0.5503548 0.4722957 0.4117280 0.3821040 0.3899833 
DrobinSFB  0.4077435 0.2301722 0.4592594 0.0000000 0.2906273 0.3862414 0.3906917 0.4569799 0.5108412 0.2601781 0.2973200 0.3516077 0.3314282 
Neam       0.2826789 0.2212443 0.4053351 0.2906273 0.0000000 0.3268035 0.2911216 0.4029092 0.4352275 0.2559520 0.0099255 0.3514503 0.2064526 
RuprSFB    0.3231418 0.3639246 0.3137016 0.3862414 0.3268035 0.0000000 0.3420387 0.4402024 0.4335991 0.3850341 0.3273477 0.3657072 0.3227562 
Retr       0.3757701 0.3529916 0.3816731 0.3906917 0.2911216 0.3420387 0.0000000 0.4096300 0.4516758 0.3787255 0.2962192 0.1742339 0.2914097 
Beta       0.4279474 0.4490440 0.4680827 0.4569799 0.4029092 0.4402024 0.4096300 0.0000000 0.1603813 0.4845386 0.4035888 0.4573193 0.3797462 
Spol       0.4306073 0.4594512 0.5503548 0.5108412 0.4352275 0.4335991 0.4516758 0.1603813 0.0000000 0.5053474 0.4378520 0.5166271 0.3999853 
MJM1652    0.3725390 0.1459170 0.4722957 0.2601781 0.2559520 0.3850341 0.3787255 0.4845386 0.5053474 0.0000000 0.2629682 0.4305274 0.3077158 
NepSFB     0.2804867 0.2226350 0.4117280 0.2973200 0.0099255 0.3273477 0.2962192 0.4035888 0.4378520 0.2629682 0.0000000 0.3556615 0.2066510 
WPYJ       0.3914548 0.3813647 0.3821040 0.3516077 0.3514503 0.3657072 0.1742339 0.4573193 0.5166271 0.4305274 0.3556615 0.0000000 0.3371242 
MJM2940    0.2236470 0.2728942 0.3899833 0.3314282 0.2064526 0.3227562 0.2914097 0.3797462 0.3999853 0.3077158 0.2066510 0.3371242 0.0000000 
