13
DrolusSFB  0.0000000 0.3567623 0.3828790 0.3677717 0.3087246 0.3527125 0.4934654 0.4589087 0.4607619 0.3979357 0.2798459 0.5800603 0.1626636 
Dino       0.3567623 0.0000000 0.4050821 0.1799575 0.3265496 0.4304132 0.5116134 0.5105393 0.4594116 0.1791893 0.2994866 0.6402184 0.3208819 
MJM3360    0.3828790 0.4050821 0.0000000 0.4323711 0.3549104 0.2950059 0.3711471 0.4725175 0.4546404 0.4603500 0.3384128 0.4647004 0.3229512 
DrobinSFB  0.3677717 0.1799575 0.4323711 0.0000000 0.2940552 0.4388259 0.4682702 0.4832802 0.4492712 0.2020428 0.2875027 0.6615983 0.3133717 
Neam       0.3087246 0.3265496 0.3549104 0.2940552 0.0000000 0.3659602 0.4508631 0.4713993 0.4673852 0.3573123 0.0093200 0.4920912 0.2253575 
RuprSFB    0.3527125 0.4304132 0.2950059 0.4388259 0.3659602 0.0000000 0.4385302 0.4511275 0.4527082 0.4629041 0.3230941 0.4652622 0.3096402 
Retr       0.4934654 0.5116134 0.3711471 0.4682702 0.4508631 0.4385302 0.0000000 0.5051130 0.5006661 0.5418059 0.4414695 0.2652736 0.4014689 
Beta       0.4589087 0.5105393 0.4725175 0.4832802 0.4713993 0.4511275 0.5051130 0.0000000 0.1560080 0.5521442 0.4112894 0.5539036 0.3897887 
Spol       0.4607619 0.4594116 0.4546404 0.4492712 0.4673852 0.4527082 0.5006661 0.1560080 0.0000000 0.5107529 0.4035306 0.5608258 0.3936777 
MJM1652    0.3979357 0.1791893 0.4603500 0.2020428 0.3573123 0.4629041 0.5418059 0.5521442 0.5107529 0.0000000 0.3245937 0.6389305 0.3333882 
NepSFB     0.2798459 0.2994866 0.3384128 0.2875027 0.0093200 0.3230941 0.4414695 0.4112894 0.4035306 0.3245937 0.0000000 0.4871337 0.2028551 
WPYJ       0.5800603 0.6402184 0.4647004 0.6615983 0.4920912 0.4652622 0.2652736 0.5539036 0.5608258 0.6389305 0.4871337 0.0000000 0.4860088 
MJM2940    0.1626636 0.3208819 0.3229512 0.3133717 0.2253575 0.3096402 0.4014689 0.3897887 0.3936777 0.3333882 0.2028551 0.4860088 0.0000000 
