13
DrolusSFB  0.0000000 0.3325409 0.4928156 0.4065626 0.2765843 0.4041232 0.4127794 0.4240919 0.4411486 0.3683303 0.2789990 0.4542384 0.2235993 
Dino       0.3325409 0.0000000 0.4727853 0.2001532 0.2373528 0.3843853 0.3773346 0.3930216 0.3956061 0.1415387 0.2406348 0.4281847 0.2686207 
MJM3360    0.4928156 0.4727853 0.0000000 0.5167863 0.4179711 0.3071424 0.4590689 0.4829209 0.4866357 0.5135095 0.4228141 0.4925790 0.4280170 
DrobinSFB  0.4065626 0.2001532 0.5167863 0.0000000 0.2979597 0.4207450 0.4352149 0.4023756 0.4168527 0.2423419 0.3061337 0.4652768 0.3334319 
Neam       0.2765843 0.2373528 0.4179711 0.2979597 0.0000000 0.3006487 0.3199346 0.3375736 0.3425063 0.2886089 0.0103319 0.3744882 0.2113203 
RuprSFB    0.4041232 0.3843853 0.3071424 0.4207450 0.3006487 0.0000000 0.3469364 0.3601982 0.3676657 0.4177513 0.3017831 0.4295671 0.3378076 
Retr       0.4127794 0.3773346 0.4590689 0.4352149 0.3199346 0.3469364 0.0000000 0.3538690 0.3596517 0.3936730 0.3196641 0.1981034 0.3603273 
Beta       0.4240919 0.3930216 0.4829209 0.4023756 0.3375736 0.3601982 0.3538690 0.0000000 0.1342844 0.4264744 0.3405502 0.4050593 0.3800140 
Spol       0.4411486 0.3956061 0.4866357 0.4168527 0.3425063 0.3676657 0.3596517 0.1342844 0.0000000 0.4236210 0.3422489 0.4358615 0.3855896 
MJM1652    0.3683303 0.1415387 0.5135095 0.2423419 0.2886089 0.4177513 0.3936730 0.4264744 0.4236210 0.0000000 0.2889216 0.4529700 0.3147897 
NepSFB     0.2789990 0.2406348 0.4228141 0.3061337 0.0103319 0.3017831 0.3196641 0.3405502 0.3422489 0.2889216 0.0000000 0.3737408 0.2159917 
WPYJ       0.4542384 0.4281847 0.4925790 0.4652768 0.3744882 0.4295671 0.1981034 0.4050593 0.4358615 0.4529700 0.3737408 0.0000000 0.4194106 
MJM2940    0.2235993 0.2686207 0.4280170 0.3334319 0.2113203 0.3378076 0.3603273 0.3800140 0.3855896 0.3147897 0.2159917 0.4194106 0.0000000 
