13
DrolusSFB  0.0000000 0.2504225 0.3178700 0.3190776 0.2697204 0.3349338 0.3739119 0.4027882 0.3893328 0.3151098 0.2642735 0.3303624 0.1468936 
Dino       0.2504225 0.0000000 0.3907618 0.1745621 0.2679391 0.3408792 0.4620154 0.4749836 0.4384593 0.1777826 0.2609792 0.4279767 0.2791542 
MJM3360    0.3178700 0.3907618 0.0000000 0.4094317 0.3319181 0.2289748 0.2797482 0.2753350 0.2921844 0.3548309 0.3359413 0.2295025 0.3121244 
DrobinSFB  0.3190776 0.1745621 0.4094317 0.0000000 0.3032489 0.3496686 0.4664610 0.4907481 0.4503493 0.2088221 0.2995248 0.4636553 0.3187025 
Neam       0.2697204 0.2679391 0.3319181 0.3032489 0.0000000 0.3547808 0.3945128 0.4133884 0.3924047 0.3414173 0.0182156 0.3749037 0.2504519 
RuprSFB    0.3349338 0.3408792 0.2289748 0.3496686 0.3547808 0.0000000 0.3403139 0.3574006 0.3304650 0.3565207 0.3573056 0.2980753 0.3173795 
Retr       0.3739119 0.4620154 0.2797482 0.4664610 0.3945128 0.3403139 0.0000000 0.4446004 0.4369616 0.4498555 0.3956827 0.1616759 0.3453929 
Beta       0.4027882 0.4749836 0.2753350 0.4907481 0.4133884 0.3574006 0.4446004 0.0000000 0.1410706 0.4626381 0.4206069 0.3885964 0.3621120 
Spol       0.3893328 0.4384593 0.2921844 0.4503493 0.3924047 0.3304650 0.4369616 0.1410706 0.0000000 0.4504865 0.3822017 0.3903422 0.3350832 
MJM1652    0.3151098 0.1777826 0.3548309 0.2088221 0.3414173 0.3565207 0.4498555 0.4626381 0.4504865 0.0000000 0.3450818 0.4336479 0.2980645 
NepSFB     0.2642735 0.2609792 0.3359413 0.2995248 0.0182156 0.3573056 0.3956827 0.4206069 0.3822017 0.3450818 0.0000000 0.3705476 0.2538363 
WPYJ       0.3303624 0.4279767 0.2295025 0.4636553 0.3749037 0.2980753 0.1616759 0.3885964 0.3903422 0.4336479 0.3705476 0.0000000 0.3077640 
MJM2940    0.1468936 0.2791542 0.3121244 0.3187025 0.2504519 0.3173795 0.3453929 0.3621120 0.3350832 0.2980645 0.2538363 0.3077640 0.0000000 
