13
DrolusSFB  0.0000000 0.3541358 0.4196997 0.3339795 0.3084290 0.4053789 0.3967322 0.3879017 0.3863707 0.3543976 0.3136011 0.3961746 0.2290002 
Dino       0.3541358 0.0000000 0.4017569 0.2010943 0.2577982 0.3530038 0.3760225 0.3745201 0.3851581 0.1824830 0.2617466 0.3669409 0.2523755 
MJM3360    0.4196997 0.4017569 0.0000000 0.4351235 0.3726113 0.3011464 0.4560479 0.4746331 0.4446405 0.4281985 0.3708504 0.4723955 0.3475945 
DrobinSFB  0.3339795 0.2010943 0.4351235 0.0000000 0.2629963 0.4030634 0.3769783 0.4018637 0.3963161 0.2325394 0.2659151 0.3844221 0.2727869 
Neam       0.3084290 0.2577982 0.3726113 0.2629963 0.0000000 0.3254501 0.3274184 0.3345301 0.3364160 0.2806860 0.0076907 0.3458556 0.1923236 
RuprSFB    0.4053789 0.3530038 0.3011464 0.4030634 0.3254501 0.0000000 0.3677257 0.3914959 0.4090013 0.3717398 0.3299756 0.3894872 0.2860955 
Retr       0.3967322 0.3760225 0.4560479 0.3769783 0.3274184 0.3677257 0.0000000 0.3652007 0.3875530 0.3981719 0.3330514 0.2040695 0.2955397 
Beta       0.3879017 0.3745201 0.4746331 0.4018637 0.3345301 0.3914959 0.3652007 0.0000000 0.1277758 0.3999679 0.3426265 0.3778751 0.2864797 
Spol       0.3863707 0.3851581 0.4446405 0.3963161 0.3364160 0.4090013 0.3875530 0.1277758 0.0000000 0.4085165 0.3413671 0.3994871 0.3078185 
MJM1652    0.3543976 0.1824830 0.4281985 0.2325394 0.2806860 0.3717398 0.3981719 0.3999679 0.4085165 0.0000000 0.2890840 0.3955758 0.2670467 
NepSFB     0.3136011 0.2617466 0.3708504 0.2659151 0.0076907 0.3299756 0.3330514 0.3426265 0.3413671 0.2890840 0.0000000 0.3523952 0.1970435 
WPYJ       0.3961746 0.3669409 0.4723955 0.3844221 0.3458556 0.3894872 0.2040695 0.3778751 0.3994871 0.3955758 0.3523952 0.0000000 0.3340344 
MJM2940    0.2290002 0.2523755 0.3475945 0.2727869 0.1923236 0.2860955 0.2955397 0.2864797 0.3078185 0.2670467 0.1970435 0.3340344 0.0000000 
