13
DrolusSFB  0.0000000 0.3500717 0.4522647 0.3836707 0.2894398 0.4366576 0.4077720 0.4262722 0.4485642 0.3703825 0.2859248 0.4488578 0.2181208 
Dino       0.3500717 0.0000000 0.4588409 0.1817706 0.3151814 0.4310441 0.3791575 0.4643584 0.4782480 0.1689199 0.2959284 0.4057618 0.2905968 
MJM3360    0.4522647 0.4588409 0.0000000 0.4739527 0.3871982 0.3311477 0.3964719 0.4128251 0.4433433 0.4832550 0.3847060 0.4006218 0.4045282 
DrobinSFB  0.3836707 0.1817706 0.4739527 0.0000000 0.3350645 0.4362675 0.4108851 0.4761285 0.4835119 0.2225995 0.3233829 0.4175564 0.3185791 
Neam       0.2894398 0.3151814 0.3871982 0.3350645 0.0000000 0.3731365 0.3357227 0.3911097 0.4169076 0.3456020 0.0087978 0.3531686 0.2177538 
RuprSFB    0.4366576 0.4310441 0.3311477 0.4362675 0.3731365 0.0000000 0.3986465 0.4255022 0.4230708 0.4581735 0.3711419 0.4302899 0.3844312 
Retr       0.4077720 0.3791575 0.3964719 0.4108851 0.3357227 0.3986465 0.0000000 0.3895566 0.4245436 0.4061557 0.3446960 0.2037783 0.3478442 
Beta       0.4262722 0.4643584 0.4128251 0.4761285 0.3911097 0.4255022 0.3895566 0.0000000 0.1545210 0.4805345 0.3600068 0.4239805 0.3754622 
Spol       0.4485642 0.4782480 0.4433433 0.4835119 0.4169076 0.4230708 0.4245436 0.1545210 0.0000000 0.5033606 0.3849656 0.4155258 0.3895948 
MJM1652    0.3703825 0.1689199 0.4832550 0.2225995 0.3456020 0.4581735 0.4061557 0.4805345 0.5033606 0.0000000 0.3367058 0.4342595 0.3194959 
NepSFB     0.2859248 0.2959284 0.3847060 0.3233829 0.0087978 0.3711419 0.3446960 0.3600068 0.3849656 0.3367058 0.0000000 0.3558250 0.2147282 
WPYJ       0.4488578 0.4057618 0.4006218 0.4175564 0.3531686 0.4302899 0.2037783 0.4239805 0.4155258 0.4342595 0.3558250 0.0000000 0.3744981 
MJM2940    0.2181208 0.2905968 0.4045282 0.3185791 0.2177538 0.3844312 0.3478442 0.3754622 0.3895948 0.3194959 0.2147282 0.3744981 0.0000000 
