13
DrolusSFB  0.0000000 0.3523999 0.4225119 0.4306842 0.3263104 0.3975444 0.2294578 0.3756548 0.3802248 0.4095598 0.3218952 0.3125904 0.2110046 
Dino       0.3523999 0.0000000 0.4532907 0.2533668 0.2810540 0.3900812 0.2664628 0.3967393 0.3908595 0.1634525 0.2756115 0.3305695 0.2631271 
MJM3360    0.4225119 0.4532907 0.0000000 0.5242970 0.3847735 0.3074769 0.2833405 0.4139838 0.4118642 0.5091002 0.3814164 0.3588296 0.3917565 
DrobinSFB  0.4306842 0.2533668 0.5242970 0.0000000 0.3829808 0.4476752 0.2880901 0.4583627 0.4751256 0.3045432 0.3781454 0.3341975 0.3579924 
Neam       0.3263104 0.2810540 0.3847735 0.3829808 0.0000000 0.2965940 0.2181214 0.3112683 0.3126325 0.3444301 0.0085703 0.2898980 0.2116982 
RuprSFB    0.3975444 0.3900812 0.3074769 0.4476752 0.2965940 0.0000000 0.2504297 0.3168622 0.3068470 0.3735980 0.2946555 0.2890208 0.3235796 
Retr       0.2294578 0.2664628 0.2833405 0.2880901 0.2181214 0.2504297 0.0000000 0.2340703 0.2286616 0.3066387 0.2243702 0.1323715 0.2220795 
Beta       0.3756548 0.3967393 0.4139838 0.4583627 0.3112683 0.3168622 0.2340703 0.0000000 0.1096725 0.4574834 0.3109548 0.2777787 0.2862623 
Spol       0.3802248 0.3908595 0.4118642 0.4751256 0.3126325 0.3068470 0.2286616 0.1096725 0.0000000 0.4343451 0.3139947 0.2717310 0.3098419 
MJM1652    0.4095598 0.1634525 0.5091002 0.3045432 0.3444301 0.3735980 0.3066387 0.4574834 0.4343451 0.0000000 0.3367429 0.3602995 0.3151266 
NepSFB     0.3218952 0.2756115 0.3814164 0.3781454 0.0085703 0.2946555 0.2243702 0.3109548 0.3139947 0.3367429 0.0000000 0.2848821 0.2125051 
WPYJ       0.3125904 0.3305695 0.3588296 0.3341975 0.2898980 0.2890208 0.1323715 0.2777787 0.2717310 0.3602995 0.2848821 0.0000000 0.2730513 
MJM2940    0.2110046 0.2631271 0.3917565 0.3579924 0.2116982 0.3235796 0.2220795 0.2862623 0.3098419 0.3151266 0.2125051 0.2730513 0.0000000 
