13
DrolusSFB  0.0000000 0.2796226 0.3292143 0.3072146 0.2594783 0.2786940 0.3242428 0.3138352 0.3520385 0.3665802 0.2665731 0.3593820 0.1766651 
Dino       0.2796226 0.0000000 0.3511362 0.2055129 0.2582205 0.3054662 0.3008544 0.3627253 0.3687765 0.1556370 0.2609578 0.3527889 0.2580674 
MJM3360    0.3292143 0.3511362 0.0000000 0.4295072 0.3395435 0.2517735 0.3277826 0.3772722 0.3873389 0.3850022 0.3411583 0.3849700 0.3262062 
DrobinSFB  0.3072146 0.2055129 0.4295072 0.0000000 0.3323229 0.3809813 0.3684871 0.3108197 0.3441467 0.2130588 0.3369748 0.3370951 0.2821617 
Neam       0.2594783 0.2582205 0.3395435 0.3323229 0.0000000 0.2832052 0.2952244 0.3200962 0.3619179 0.3130255 0.0032105 0.3305146 0.2179623 
RuprSFB    0.2786940 0.3054662 0.2517735 0.3809813 0.2832052 0.0000000 0.2840762 0.3189286 0.2997497 0.3080714 0.2865351 0.2602170 0.2993478 
Retr       0.3242428 0.3008544 0.3277826 0.3684871 0.2952244 0.2840762 0.0000000 0.3166001 0.3493395 0.3390269 0.2961686 0.2079188 0.2908130 
Beta       0.3138352 0.3627253 0.3772722 0.3108197 0.3200962 0.3189286 0.3166001 0.0000000 0.1335079 0.3781618 0.3239476 0.3641763 0.2917987 
Spol       0.3520385 0.3687765 0.3873389 0.3441467 0.3619179 0.2997497 0.3493395 0.1335079 0.0000000 0.3813159 0.3607467 0.3620841 0.3451319 
MJM1652    0.3665802 0.1556370 0.3850022 0.2130588 0.3130255 0.3080714 0.3390269 0.3781618 0.3813159 0.0000000 0.3183802 0.3910562 0.2901376 
NepSFB     0.2665731 0.2609578 0.3411583 0.3369748 0.0032105 0.2865351 0.2961686 0.3239476 0.3607467 0.3183802 0.0000000 0.3293714 0.2203460 
WPYJ       0.3593820 0.3527889 0.3849700 0.3370951 0.3305146 0.2602170 0.2079188 0.3641763 0.3620841 0.3910562 0.3293714 0.0000000 0.3525049 
MJM2940    0.1766651 0.2580674 0.3262062 0.2821617 0.2179623 0.2993478 0.2908130 0.2917987 0.3451319 0.2901376 0.2203460 0.3525049 0.0000000 
