13
DrolusSFB  0.0000000 0.3081908 0.4276779 0.3435844 0.2811064 0.3353278 0.3166345 0.3867528 0.4066087 0.3351241 0.2814780 0.3372807 0.1861728 
Dino       0.3081908 0.0000000 0.3424402 0.1657225 0.2101342 0.2410497 0.2694287 0.2783514 0.2641226 0.1283501 0.2099627 0.2811047 0.1714185 
MJM3360    0.4276779 0.3424402 0.0000000 0.3708777 0.3359979 0.2491401 0.3161292 0.3722028 0.3627624 0.3604664 0.3368127 0.3608539 0.3312759 
DrobinSFB  0.3435844 0.1657225 0.3708777 0.0000000 0.2388235 0.2901492 0.3075962 0.3260741 0.3144864 0.1868445 0.2387482 0.3369902 0.2216574 
Neam       0.2811064 0.2101342 0.3359979 0.2388235 0.0000000 0.2298007 0.2390593 0.2977484 0.2880400 0.2230354 0.0083326 0.2653348 0.1695790 
RuprSFB    0.3353278 0.2410497 0.2491401 0.2901492 0.2298007 0.0000000 0.2488040 0.2960039 0.2824108 0.2759684 0.2335274 0.2989173 0.2420856 
Retr       0.3166345 0.2694287 0.3161292 0.3075962 0.2390593 0.2488040 0.0000000 0.3028642 0.3036050 0.2975177 0.2417122 0.1662660 0.2298444 
Beta       0.3867528 0.2783514 0.3722028 0.3260741 0.2977484 0.2960039 0.3028642 0.0000000 0.1093989 0.3251106 0.2995849 0.3354233 0.2875503 
Spol       0.4066087 0.2641226 0.3627624 0.3144864 0.2880400 0.2824108 0.3036050 0.1093989 0.0000000 0.3098384 0.2898491 0.3282517 0.2607468 
MJM1652    0.3351241 0.1283501 0.3604664 0.1868445 0.2230354 0.2759684 0.2975177 0.3251106 0.3098384 0.0000000 0.2255368 0.3112073 0.1957157 
NepSFB     0.2814780 0.2099627 0.3368127 0.2387482 0.0083326 0.2335274 0.2417122 0.2995849 0.2898491 0.2255368 0.0000000 0.2681484 0.1718617 
WPYJ       0.3372807 0.2811047 0.3608539 0.3369902 0.2653348 0.2989173 0.1662660 0.3354233 0.3282517 0.3112073 0.2681484 0.0000000 0.2478476 
MJM2940    0.1861728 0.1714185 0.3312759 0.2216574 0.1695790 0.2420856 0.2298444 0.2875503 0.2607468 0.1957157 0.1718617 0.2478476 0.0000000 
