13
DrolusSFB  0.0000000 0.3168975 0.4657207 0.3683005 0.2678146 0.3808944 0.3767765 0.4236957 0.4124811 0.3582569 0.2330238 0.4177516 0.1922478 
Dino       0.3168975 0.0000000 0.4339524 0.1665334 0.2817279 0.3503381 0.3734822 0.4281190 0.3792203 0.1284170 0.2553619 0.4158559 0.2692189 
MJM3360    0.4657207 0.4339524 0.0000000 0.4598176 0.4410718 0.3641904 0.4330378 0.4630469 0.4669122 0.4558108 0.3717002 0.4556855 0.3806324 
DrobinSFB  0.3683005 0.1665334 0.4598176 0.0000000 0.3447254 0.3980720 0.4041443 0.4373563 0.4048784 0.1983566 0.2796210 0.4411531 0.2900693 
Neam       0.2678146 0.2817279 0.4410718 0.3447254 0.0000000 0.3386825 0.3313784 0.4072066 0.3707573 0.3135868 0.0105409 0.4144665 0.2157577 
RuprSFB    0.3808944 0.3503381 0.3641904 0.3980720 0.3386825 0.0000000 0.3813761 0.4039682 0.3794141 0.3814298 0.2991894 0.3683272 0.3236201 
Retr       0.3767765 0.3734822 0.4330378 0.4041443 0.3313784 0.3813761 0.0000000 0.3646193 0.3487694 0.3856233 0.2816525 0.1906708 0.3033130 
Beta       0.4236957 0.4281190 0.4630469 0.4373563 0.4072066 0.4039682 0.3646193 0.0000000 0.1302969 0.4223938 0.2977918 0.3599195 0.3415331 
Spol       0.4124811 0.3792203 0.4669122 0.4048784 0.3707573 0.3794141 0.3487694 0.1302969 0.0000000 0.4018583 0.2842928 0.3483352 0.3364871 
MJM1652    0.3582569 0.1284170 0.4558108 0.1983566 0.3135868 0.3814298 0.3856233 0.4223938 0.4018583 0.0000000 0.2556189 0.4213296 0.2802050 
NepSFB     0.2330238 0.2553619 0.3717002 0.2796210 0.0105409 0.2991894 0.2816525 0.2977918 0.2842928 0.2556189 0.0000000 0.3546952 0.1719945 
WPYJ       0.4177516 0.4158559 0.4556855 0.4411531 0.4144665 0.3683272 0.1906708 0.3599195 0.3483352 0.4213296 0.3546952 0.0000000 0.3471965 
MJM2940    0.1922478 0.2692189 0.3806324 0.2900693 0.2157577 0.3236201 0.3033130 0.3415331 0.3364871 0.2802050 0.1719945 0.3471965 0.0000000 
