13
DrolusSFB  0.0000000 0.4247683 0.4790614 0.4502330 0.3897507 0.3987541 0.4515704 0.4593758 0.4819025 0.4492600 0.3953998 0.4868112 0.2876344 
Dino       0.4247683 0.0000000 0.3990223 0.2346878 0.3334742 0.3673285 0.4061876 0.4051161 0.4076934 0.1983419 0.3371342 0.4059859 0.3212452 
MJM3360    0.4790614 0.3990223 0.0000000 0.4885508 0.3676538 0.3895922 0.4084738 0.3721997 0.4337767 0.4910288 0.3700694 0.3990399 0.3790292 
DrobinSFB  0.4502330 0.2346878 0.4885508 0.0000000 0.3651708 0.3780803 0.3722940 0.4317891 0.4228646 0.2505495 0.3661598 0.3958759 0.3128244 
Neam       0.3897507 0.3334742 0.3676538 0.3651708 0.0000000 0.2926769 0.3039573 0.3609957 0.4029085 0.4017749 0.0171032 0.3374591 0.2279403 
RuprSFB    0.3987541 0.3673285 0.3895922 0.3780803 0.2926769 0.0000000 0.3214614 0.3230048 0.3442414 0.3938011 0.2843749 0.3376133 0.2851759 
Retr       0.4515704 0.4061876 0.4084738 0.3722940 0.3039573 0.3214614 0.0000000 0.3964545 0.3829702 0.4229082 0.2989321 0.1832431 0.3401412 
Beta       0.4593758 0.4051161 0.3721997 0.4317891 0.3609957 0.3230048 0.3964545 0.0000000 0.1559119 0.4423620 0.3571108 0.4194483 0.3482301 
Spol       0.4819025 0.4076934 0.4337767 0.4228646 0.4029085 0.3442414 0.3829702 0.1559119 0.0000000 0.4731293 0.3961682 0.4289555 0.3518525 
MJM1652    0.4492600 0.1983419 0.4910288 0.2505495 0.4017749 0.3938011 0.4229082 0.4423620 0.4731293 0.0000000 0.3959202 0.4348524 0.3558805 
NepSFB     0.3953998 0.3371342 0.3700694 0.3661598 0.0171032 0.2843749 0.2989321 0.3571108 0.3961682 0.3959202 0.0000000 0.3351596 0.2336967 
WPYJ       0.4868112 0.4059859 0.3990399 0.3958759 0.3374591 0.3376133 0.1832431 0.4194483 0.4289555 0.4348524 0.3351596 0.0000000 0.3410819 
MJM2940    0.2876344 0.3212452 0.3790292 0.3128244 0.2279403 0.2851759 0.3401412 0.3482301 0.3518525 0.3558805 0.2336967 0.3410819 0.0000000 
