13
DrolusSFB  0.0000000 0.2060786 0.3402074 0.2663973 0.1967113 0.2306798 0.2349745 0.2932543 0.2841349 0.2528095 0.1990609 0.3329167 0.1412519 
Dino       0.2060786 0.0000000 0.3553370 0.1670561 0.2198977 0.2528078 0.1895728 0.3152954 0.3352529 0.1271568 0.2265717 0.3704427 0.2005514 
MJM3360    0.3402074 0.3553370 0.0000000 0.3906981 0.3229824 0.2560454 0.2255585 0.3786772 0.3970382 0.3737137 0.3223310 0.4204239 0.3016670 
DrobinSFB  0.2663973 0.1670561 0.3906981 0.0000000 0.2586550 0.2734448 0.2087919 0.3599715 0.3711187 0.1720144 0.2612719 0.3918602 0.2191933 
Neam       0.1967113 0.2198977 0.3229824 0.2586550 0.0000000 0.2337022 0.1951587 0.2986238 0.3283791 0.2313719 0.0189587 0.3168441 0.1516080 
RuprSFB    0.2306798 0.2528078 0.2560454 0.2734448 0.2337022 0.0000000 0.2112321 0.2497141 0.3132438 0.2685206 0.2401182 0.3048510 0.2085485 
Retr       0.2349745 0.1895728 0.2255585 0.2087919 0.1951587 0.2112321 0.0000000 0.2489831 0.2302674 0.2233409 0.2035082 0.1959694 0.2052695 
Beta       0.2932543 0.3152954 0.3786772 0.3599715 0.2986238 0.2497141 0.2489831 0.0000000 0.1137178 0.3355431 0.3079640 0.3131451 0.2637120 
Spol       0.2841349 0.3352529 0.3970382 0.3711187 0.3283791 0.3132438 0.2302674 0.1137178 0.0000000 0.3422555 0.3362564 0.3489784 0.2857345 
MJM1652    0.2528095 0.1271568 0.3737137 0.1720144 0.2313719 0.2685206 0.2233409 0.3355431 0.3422555 0.0000000 0.2464270 0.3817697 0.2088512 
NepSFB     0.1990609 0.2265717 0.3223310 0.2612719 0.0189587 0.2401182 0.2035082 0.3079640 0.3362564 0.2464270 0.0000000 0.3177833 0.1633728 
WPYJ       0.3329167 0.3704427 0.4204239 0.3918602 0.3168441 0.3048510 0.1959694 0.3131451 0.3489784 0.3817697 0.3177833 0.0000000 0.2785158 
MJM2940    0.1412519 0.2005514 0.3016670 0.2191933 0.1516080 0.2085485 0.2052695 0.2637120 0.2857345 0.2088512 0.1633728 0.2785158 0.0000000 
