13
DrolusSFB  0.0000000 0.3362600 0.4392466 0.3552318 0.2696283 0.3606674 0.3974612 0.4201948 0.3897607 0.4202105 0.2733275 0.4287963 0.2597419 
Dino       0.3362600 0.0000000 0.4335973 0.1757086 0.2476665 0.3328713 0.4140438 0.4568437 0.4260258 0.1383896 0.2496141 0.3782402 0.2664692 
MJM3360    0.4392466 0.4335973 0.0000000 0.4321809 0.3211931 0.3080828 0.3992383 0.4761755 0.4213694 0.4197773 0.3300168 0.4419136 0.3811518 
DrobinSFB  0.3552318 0.1757086 0.4321809 0.0000000 0.2701544 0.3301656 0.3959225 0.4453822 0.4006014 0.1870821 0.2657368 0.3800454 0.2708897 
Neam       0.2696283 0.2476665 0.3211931 0.2701544 0.0000000 0.2570332 0.3155771 0.3657821 0.2934605 0.2717806 0.0071112 0.3015788 0.1858559 
RuprSFB    0.3606674 0.3328713 0.3080828 0.3301656 0.2570332 0.0000000 0.3129475 0.3809865 0.3638871 0.3482642 0.2596538 0.3663343 0.2959948 
Retr       0.3974612 0.4140438 0.3992383 0.3959225 0.3155771 0.3129475 0.0000000 0.4103456 0.3620348 0.4132644 0.3250933 0.2052090 0.3101427 
Beta       0.4201948 0.4568437 0.4761755 0.4453822 0.3657821 0.3809865 0.4103456 0.0000000 0.1180531 0.4422969 0.3659159 0.4123130 0.3765882 
Spol       0.3897607 0.4260258 0.4213694 0.4006014 0.2934605 0.3638871 0.3620348 0.1180531 0.0000000 0.4030490 0.2904805 0.3796672 0.3223427 
MJM1652    0.4202105 0.1383896 0.4197773 0.1870821 0.2717806 0.3482642 0.4132644 0.4422969 0.4030490 0.0000000 0.2615629 0.3979104 0.3183771 
NepSFB     0.2733275 0.2496141 0.3300168 0.2657368 0.0071112 0.2596538 0.3250933 0.3659159 0.2904805 0.2615629 0.0000000 0.3073364 0.1854798 
WPYJ       0.4287963 0.3782402 0.4419136 0.3800454 0.3015788 0.3663343 0.2052090 0.4123130 0.3796672 0.3979104 0.3073364 0.0000000 0.3617939 
MJM2940    0.2597419 0.2664692 0.3811518 0.2708897 0.1858559 0.2959948 0.3101427 0.3765882 0.3223427 0.3183771 0.1854798 0.3617939 0.0000000 
