13
DrolusSFB  0.0000000 0.3349359 0.4142483 0.3789587 0.3231163 0.3897318 0.3629335 0.3996685 0.4084175 0.3914121 0.3150893 0.3561056 0.2421030 
Dino       0.3349359 0.0000000 0.4003528 0.2320042 0.2907249 0.4018422 0.3758401 0.4390851 0.4527489 0.2127793 0.2917236 0.3770844 0.2790350 
MJM3360    0.4142483 0.4003528 0.0000000 0.4226688 0.3543500 0.3202064 0.4190837 0.4787603 0.4668738 0.3863514 0.3608818 0.4066178 0.3468126 
DrobinSFB  0.3789587 0.2320042 0.4226688 0.0000000 0.3284019 0.4800986 0.4312307 0.4873758 0.5388046 0.2752483 0.3213324 0.4195186 0.3109202 
Neam       0.3231163 0.2907249 0.3543500 0.3284019 0.0000000 0.3139449 0.3169601 0.3500079 0.3803247 0.3357720 0.0127426 0.3056880 0.2454159 
RuprSFB    0.3897318 0.4018422 0.3202064 0.4800986 0.3139449 0.0000000 0.4054173 0.4263295 0.4790713 0.4513032 0.3246206 0.4018095 0.3319763 
Retr       0.3629335 0.3758401 0.4190837 0.4312307 0.3169601 0.4054173 0.0000000 0.4379929 0.4515826 0.4921876 0.3153017 0.1917420 0.3140216 
Beta       0.3996685 0.4390851 0.4787603 0.4873758 0.3500079 0.4263295 0.4379929 0.0000000 0.1966961 0.4659119 0.3580055 0.4286567 0.3624195 
Spol       0.4084175 0.4527489 0.4668738 0.5388046 0.3803247 0.4790713 0.4515826 0.1966961 0.0000000 0.4607593 0.3826125 0.4519611 0.3864209 
MJM1652    0.3914121 0.2127793 0.3863514 0.2752483 0.3357720 0.4513032 0.4921876 0.4659119 0.4607593 0.0000000 0.3389306 0.4554574 0.3280791 
NepSFB     0.3150893 0.2917236 0.3608818 0.3213324 0.0127426 0.3246206 0.3153017 0.3580055 0.3826125 0.3389306 0.0000000 0.3085625 0.2429287 
WPYJ       0.3561056 0.3770844 0.4066178 0.4195186 0.3056880 0.4018095 0.1917420 0.4286567 0.4519611 0.4554574 0.3085625 0.0000000 0.3283663 
MJM2940    0.2421030 0.2790350 0.3468126 0.3109202 0.2454159 0.3319763 0.3140216 0.3624195 0.3864209 0.3280791 0.2429287 0.3283663 0.0000000 
