13
DrolusSFB  0.0000000 0.2278047 0.3942246 0.2352487 0.2401311 0.3718618 0.2805457 0.3264423 0.3309430 0.2754265 0.2374238 0.3915106 0.1688424 
Dino       0.2278047 0.0000000 0.3548224 0.1328724 0.2031840 0.3486211 0.2546429 0.2992666 0.2922513 0.1516098 0.2123518 0.3177245 0.1824594 
MJM3360    0.3942246 0.3548224 0.0000000 0.3698501 0.3705182 0.3541254 0.3988898 0.4140752 0.4327702 0.4379548 0.3731096 0.4400908 0.2928126 
DrobinSFB  0.2352487 0.1328724 0.3698501 0.0000000 0.2301225 0.3485356 0.2737913 0.3074335 0.2863691 0.1904799 0.2326709 0.3553049 0.1895252 
Neam       0.2401311 0.2031840 0.3705182 0.2301225 0.0000000 0.3248371 0.2568332 0.3076463 0.3202184 0.2516458 0.0131365 0.3585462 0.2042627 
RuprSFB    0.3718618 0.3486211 0.3541254 0.3485356 0.3248371 0.0000000 0.3487577 0.2962719 0.3153818 0.3929825 0.3350184 0.4890856 0.3011242 
Retr       0.2805457 0.2546429 0.3988898 0.2737913 0.2568332 0.3487577 0.0000000 0.2825153 0.2809096 0.2976404 0.2612246 0.1769842 0.2539012 
Beta       0.3264423 0.2992666 0.4140752 0.3074335 0.3076463 0.2962719 0.2825153 0.0000000 0.1075428 0.3301088 0.3068406 0.3446874 0.2823096 
Spol       0.3309430 0.2922513 0.4327702 0.2863691 0.3202184 0.3153818 0.2809096 0.1075428 0.0000000 0.3400153 0.3247531 0.3638096 0.2869168 
MJM1652    0.2754265 0.1516098 0.4379548 0.1904799 0.2516458 0.3929825 0.2976404 0.3301088 0.3400153 0.0000000 0.2541248 0.3773662 0.2409720 
NepSFB     0.2374238 0.2123518 0.3731096 0.2326709 0.0131365 0.3350184 0.2612246 0.3068406 0.3247531 0.2541248 0.0000000 0.3406140 0.2080513 
WPYJ       0.3915106 0.3177245 0.4400908 0.3553049 0.3585462 0.4890856 0.1769842 0.3446874 0.3638096 0.3773662 0.3406140 0.0000000 0.3068057 
MJM2940    0.1688424 0.1824594 0.2928126 0.1895252 0.2042627 0.3011242 0.2539012 0.2823096 0.2869168 0.2409720 0.2080513 0.3068057 0.0000000 
