13
DrolusSFB  0.0000000 0.3538014 0.4181341 0.3844818 0.2855091 0.4067983 0.3340758 0.4225389 0.4256432 0.4011905 0.2879095 0.3533758 0.1845677 
Dino       0.3538014 0.0000000 0.4499336 0.1860358 0.2891798 0.3955742 0.3589604 0.4507886 0.4514390 0.1453892 0.2989676 0.3537631 0.2767981 
MJM3360    0.4181341 0.4499336 0.0000000 0.5019253 0.3690377 0.3252794 0.3157410 0.4592458 0.4496620 0.4796257 0.3709423 0.3380926 0.3651519 
DrobinSFB  0.3844818 0.1860358 0.5019253 0.0000000 0.3090838 0.4421371 0.3517985 0.4970626 0.4859020 0.1940260 0.3158334 0.3609216 0.3055158 
Neam       0.2855091 0.2891798 0.3690377 0.3090838 0.0000000 0.3278519 0.2890404 0.3824789 0.3827019 0.3119925 0.0175832 0.3246105 0.2184354 
RuprSFB    0.4067983 0.3955742 0.3252794 0.4421371 0.3278519 0.0000000 0.3112116 0.4118396 0.3849623 0.3938217 0.3356037 0.3631993 0.3276995 
Retr       0.3340758 0.3589604 0.3157410 0.3517985 0.2890404 0.3112116 0.0000000 0.3304808 0.3359226 0.3305815 0.2996500 0.1876755 0.2595348 
Beta       0.4225389 0.4507886 0.4592458 0.4970626 0.3824789 0.4118396 0.3304808 0.0000000 0.1771799 0.4564765 0.3883795 0.3755228 0.3713304 
Spol       0.4256432 0.4514390 0.4496620 0.4859020 0.3827019 0.3849623 0.3359226 0.1771799 0.0000000 0.4586230 0.3846109 0.3909601 0.3690786 
MJM1652    0.4011905 0.1453892 0.4796257 0.1940260 0.3119925 0.3938217 0.3305815 0.4564765 0.4586230 0.0000000 0.3192485 0.3672468 0.3155864 
NepSFB     0.2879095 0.2989676 0.3709423 0.3158334 0.0175832 0.3356037 0.2996500 0.3883795 0.3846109 0.3192485 0.0000000 0.3253674 0.2262927 
WPYJ       0.3533758 0.3537631 0.3380926 0.3609216 0.3246105 0.3631993 0.1876755 0.3755228 0.3909601 0.3672468 0.3253674 0.0000000 0.3157480 
MJM2940    0.1845677 0.2767981 0.3651519 0.3055158 0.2184354 0.3276995 0.2595348 0.3713304 0.3690786 0.3155864 0.2262927 0.3157480 0.0000000 
