13
DrolusSFB  0.0000000 0.3900269 0.3494167 0.3591124 0.2890783 0.3013725 0.3947954 0.3578475 0.3619948 0.3766621 0.2896543 0.3994586 0.2255546 
Dino       0.3900269 0.0000000 0.3444502 0.1704512 0.3159351 0.3225247 0.3743125 0.3613022 0.3809484 0.1638715 0.3185569 0.3682142 0.3196868 
MJM3360    0.3494167 0.3444502 0.0000000 0.3448266 0.3275575 0.2599784 0.3944294 0.3304234 0.3501572 0.3372922 0.3336592 0.4050389 0.3397826 
DrobinSFB  0.3591124 0.1704512 0.3448266 0.0000000 0.3014804 0.3213356 0.3994340 0.3491579 0.3523290 0.1915081 0.3107846 0.3724479 0.3072641 
Neam       0.2890783 0.3159351 0.3275575 0.3014804 0.0000000 0.2861282 0.3391327 0.3175812 0.3090308 0.3494087 0.0068692 0.3641413 0.2238760 
RuprSFB    0.3013725 0.3225247 0.2599784 0.3213356 0.2861282 0.0000000 0.3021523 0.2764825 0.3150857 0.3405556 0.2879885 0.3442539 0.2560598 
Retr       0.3947954 0.3743125 0.3944294 0.3994340 0.3391327 0.3021523 0.0000000 0.3346110 0.3344136 0.3903979 0.3432115 0.1797223 0.3307233 
Beta       0.3578475 0.3613022 0.3304234 0.3491579 0.3175812 0.2764825 0.3346110 0.0000000 0.1432104 0.3837739 0.3212652 0.3407260 0.3223902 
Spol       0.3619948 0.3809484 0.3501572 0.3523290 0.3090308 0.3150857 0.3344136 0.1432104 0.0000000 0.3741370 0.3074215 0.3328088 0.3077728 
MJM1652    0.3766621 0.1638715 0.3372922 0.1915081 0.3494087 0.3405556 0.3903979 0.3837739 0.3741370 0.0000000 0.3592758 0.3818435 0.3448847 
NepSFB     0.2896543 0.3185569 0.3336592 0.3107846 0.0068692 0.2879885 0.3432115 0.3212652 0.3074215 0.3592758 0.0000000 0.3706410 0.2195396 
WPYJ       0.3994586 0.3682142 0.4050389 0.3724479 0.3641413 0.3442539 0.1797223 0.3407260 0.3328088 0.3818435 0.3706410 0.0000000 0.3602782 
MJM2940    0.2255546 0.3196868 0.3397826 0.3072641 0.2238760 0.2560598 0.3307233 0.3223902 0.3077728 0.3448847 0.2195396 0.3602782 0.0000000 
