13
DrolusSFB  0.0000000 0.2481910 0.3262573 0.4240196 0.2578612 0.3013735 0.3185142 0.3563468 0.3134827 0.3125960 0.2444514 0.3110766 0.1247301 
Dino       0.2481910 0.0000000 0.3159367 0.2188154 0.1905423 0.2478010 0.3052950 0.3624593 0.3171662 0.1416865 0.1914241 0.3031105 0.2071745 
MJM3360    0.3262573 0.3159367 0.0000000 0.3965142 0.3054642 0.2795444 0.3089078 0.4303762 0.4162009 0.3602216 0.2935762 0.3626285 0.2694289 
DrobinSFB  0.4240196 0.2188154 0.3965142 0.0000000 0.3225193 0.3721181 0.4240175 0.4760487 0.3878895 0.2361407 0.3201302 0.4495352 0.3556806 
Neam       0.2578612 0.1905423 0.3054642 0.3225193 0.0000000 0.2647979 0.2959808 0.3664919 0.2825515 0.2627228 0.0152909 0.3708618 0.1803828 
RuprSFB    0.3013735 0.2478010 0.2795444 0.3721181 0.2647979 0.0000000 0.2969516 0.3692484 0.3516857 0.3078491 0.2649294 0.3753245 0.2396316 
Retr       0.3185142 0.3052950 0.3089078 0.4240175 0.2959808 0.2969516 0.0000000 0.3971720 0.4026753 0.2960737 0.3067903 0.2186091 0.2345071 
Beta       0.3563468 0.3624593 0.4303762 0.4760487 0.3664919 0.3692484 0.3971720 0.0000000 0.1613247 0.4399484 0.3676549 0.3980878 0.3431668 
Spol       0.3134827 0.3171662 0.4162009 0.3878895 0.2825515 0.3516857 0.4026753 0.1613247 0.0000000 0.3649882 0.2998762 0.3573409 0.2792591 
MJM1652    0.3125960 0.1416865 0.3602216 0.2361407 0.2627228 0.3078491 0.2960737 0.4399484 0.3649882 0.0000000 0.2620699 0.3769171 0.2418934 
NepSFB     0.2444514 0.1914241 0.2935762 0.3201302 0.0152909 0.2649294 0.3067903 0.3676549 0.2998762 0.2620699 0.0000000 0.3663998 0.1813621 
WPYJ       0.3110766 0.3031105 0.3626285 0.4495352 0.3708618 0.3753245 0.2186091 0.3980878 0.3573409 0.3769171 0.3663998 0.0000000 0.2990001 
MJM2940    0.1247301 0.2071745 0.2694289 0.3556806 0.1803828 0.2396316 0.2345071 0.3431668 0.2792591 0.2418934 0.1813621 0.2990001 0.0000000 
