13
DrolusSFB  0.0000000 0.2654331 0.2831387 0.2703331 0.1723518 0.2794299 0.2559184 0.2493395 0.2682491 0.3327155 0.1598221 0.2485387 0.1328130 
Dino       0.2654331 0.0000000 0.2823817 0.1811020 0.2268190 0.3078431 0.3178033 0.3001744 0.3082443 0.1516395 0.2237057 0.2969178 0.2129802 
MJM3360    0.2831387 0.2823817 0.0000000 0.3156160 0.2443156 0.2007979 0.3040965 0.3028469 0.3061179 0.3535681 0.2285010 0.3008333 0.2445896 
DrobinSFB  0.2703331 0.1811020 0.3156160 0.0000000 0.2236733 0.3153972 0.3290641 0.3015964 0.2763778 0.2486448 0.2059278 0.2998269 0.2140644 
Neam       0.1723518 0.2268190 0.2443156 0.2236733 0.0000000 0.2277635 0.2412814 0.2583145 0.2686644 0.2950985 0.0133402 0.2499511 0.1271176 
RuprSFB    0.2794299 0.3078431 0.2007979 0.3153972 0.2277635 0.0000000 0.2398685 0.2529888 0.2535746 0.3562200 0.2136613 0.2355725 0.2296248 
Retr       0.2559184 0.3178033 0.3040965 0.3290641 0.2412814 0.2398685 0.0000000 0.2512703 0.2601478 0.3507014 0.2384205 0.1336081 0.2100840 
Beta       0.2493395 0.3001744 0.3028469 0.3015964 0.2583145 0.2529888 0.2512703 0.0000000 0.1186208 0.3085509 0.2513576 0.2943923 0.1758616 
Spol       0.2682491 0.3082443 0.3061179 0.2763778 0.2686644 0.2535746 0.2601478 0.1186208 0.0000000 0.3787989 0.2491405 0.2809451 0.1860659 
MJM1652    0.3327155 0.1516395 0.3535681 0.2486448 0.2950985 0.3562200 0.3507014 0.3085509 0.3787989 0.0000000 0.2885003 0.3568155 0.2697211 
NepSFB     0.1598221 0.2237057 0.2285010 0.2059278 0.0133402 0.2136613 0.2384205 0.2513576 0.2491405 0.2885003 0.0000000 0.2396838 0.1165422 
WPYJ       0.2485387 0.2969178 0.3008333 0.2998269 0.2499511 0.2355725 0.1336081 0.2943923 0.2809451 0.3568155 0.2396838 0.0000000 0.2130884 
MJM2940    0.1328130 0.2129802 0.2445896 0.2140644 0.1271176 0.2296248 0.2100840 0.1758616 0.1860659 0.2697211 0.1165422 0.2130884 0.0000000 
