13
DrolusSFB  0.0000000 0.3012926 0.4133227 0.3794486 0.2968348 0.3339756 0.3512655 0.4281285 0.5329908 0.3201579 0.2997584 0.3885384 0.2110980 
Dino       0.3012926 0.0000000 0.4811332 0.2275189 0.2531839 0.3482587 0.3800757 0.4188170 0.4712304 0.1298708 0.2608248 0.4163312 0.2511313 
MJM3360    0.4133227 0.4811332 0.0000000 0.5097036 0.4295681 0.3250735 0.4617066 0.4940207 0.5176507 0.4531758 0.4352858 0.4687672 0.4048673 
DrobinSFB  0.3794486 0.2275189 0.5097036 0.0000000 0.3303641 0.3914028 0.4389837 0.4996632 0.5508873 0.2503162 0.3416658 0.4653190 0.3259801 
Neam       0.2968348 0.2531839 0.4295681 0.3303641 0.0000000 0.3125202 0.3745482 0.4251618 0.5011983 0.2629339 0.0176088 0.4014562 0.2213568 
RuprSFB    0.3339756 0.3482587 0.3250735 0.3914028 0.3125202 0.0000000 0.3028423 0.3911273 0.4474313 0.3643076 0.3124876 0.3671062 0.3000544 
Retr       0.3512655 0.3800757 0.4617066 0.4389837 0.3745482 0.3028423 0.0000000 0.3778087 0.3840095 0.3675518 0.3664957 0.1770785 0.3362314 
Beta       0.4281285 0.4188170 0.4940207 0.4996632 0.4251618 0.3911273 0.3778087 0.0000000 0.2160677 0.4266314 0.4300738 0.4592070 0.3971972 
Spol       0.5329908 0.4712304 0.5176507 0.5508873 0.5011983 0.4474313 0.3840095 0.2160677 0.0000000 0.5097901 0.4994587 0.5073042 0.4867935 
MJM1652    0.3201579 0.1298708 0.4531758 0.2503162 0.2629339 0.3643076 0.3675518 0.4266314 0.5097901 0.0000000 0.2688565 0.4062483 0.2655940 
NepSFB     0.2997584 0.2608248 0.4352858 0.3416658 0.0176088 0.3124876 0.3664957 0.4300738 0.4994587 0.2688565 0.0000000 0.4025272 0.2255113 
WPYJ       0.3885384 0.4163312 0.4687672 0.4653190 0.4014562 0.3671062 0.1770785 0.4592070 0.5073042 0.4062483 0.4025272 0.0000000 0.3663754 
MJM2940    0.2110980 0.2511313 0.4048673 0.3259801 0.2213568 0.3000544 0.3362314 0.3971972 0.4867935 0.2655940 0.2255113 0.3663754 0.0000000 
