13
DrolusSFB  0.0000000 0.2978005 0.2825933 0.3122306 0.1932713 0.2897951 0.3254148 0.3244029 0.3613505 0.3092030 0.2002436 0.3533145 0.1505386 
Dino       0.2978005 0.0000000 0.3410149 0.1806590 0.2519470 0.3165347 0.3525192 0.3642709 0.3794847 0.1478488 0.2574838 0.3954527 0.2915765 
MJM3360    0.2825933 0.3410149 0.0000000 0.3794350 0.2933884 0.2656577 0.3484482 0.3455489 0.3743121 0.3669758 0.2963958 0.3826317 0.3112642 
DrobinSFB  0.3122306 0.1806590 0.3794350 0.0000000 0.2819566 0.3592100 0.4148958 0.3941908 0.4316188 0.1942017 0.2876396 0.4051036 0.3097380 
Neam       0.1932713 0.2519470 0.2933884 0.2819566 0.0000000 0.2348297 0.3104673 0.2777879 0.3310206 0.2886687 0.0106820 0.3144384 0.1691549 
RuprSFB    0.2897951 0.3165347 0.2656577 0.3592100 0.2348297 0.0000000 0.2901129 0.2946234 0.3277579 0.3552598 0.2387932 0.3290660 0.2730799 
Retr       0.3254148 0.3525192 0.3484482 0.4148958 0.3104673 0.2901129 0.0000000 0.3323711 0.3868847 0.3900670 0.3178903 0.1627953 0.3126759 
Beta       0.3244029 0.3642709 0.3455489 0.3941908 0.2777879 0.2946234 0.3323711 0.0000000 0.1418278 0.3733881 0.2755577 0.3394095 0.3026199 
Spol       0.3613505 0.3794847 0.3743121 0.4316188 0.3310206 0.3277579 0.3868847 0.1418278 0.0000000 0.3904898 0.3225152 0.3905099 0.3439356 
MJM1652    0.3092030 0.1478488 0.3669758 0.1942017 0.2886687 0.3552598 0.3900670 0.3733881 0.3904898 0.0000000 0.2894024 0.4007647 0.3097635 
NepSFB     0.2002436 0.2574838 0.2963958 0.2876396 0.0106820 0.2387932 0.3178903 0.2755577 0.3225152 0.2894024 0.0000000 0.3116083 0.1724315 
WPYJ       0.3533145 0.3954527 0.3826317 0.4051036 0.3144384 0.3290660 0.1627953 0.3394095 0.3905099 0.4007647 0.3116083 0.0000000 0.3410528 
MJM2940    0.1505386 0.2915765 0.3112642 0.3097380 0.1691549 0.2730799 0.3126759 0.3026199 0.3439356 0.3097635 0.1724315 0.3410528 0.0000000 
