13
DrolusSFB  0.0000000 0.2832516 0.3256132 0.3498917 0.2343194 0.3666085 0.3322132 0.3097654 0.3060470 0.3069869 0.2448358 0.3658689 0.1917464 
Dino       0.2832516 0.0000000 0.2975374 0.2043403 0.2507723 0.3637923 0.3678772 0.3181097 0.3247432 0.1463524 0.2510235 0.3630589 0.2579879 
MJM3360    0.3256132 0.2975374 0.0000000 0.4041357 0.2868472 0.2858452 0.3765686 0.3344073 0.3384138 0.3457345 0.2917506 0.3611009 0.3060396 
DrobinSFB  0.3498917 0.2043403 0.4041357 0.0000000 0.3116155 0.4857591 0.3957524 0.3877644 0.4052931 0.2253153 0.3168854 0.4084710 0.3098930 
Neam       0.2343194 0.2507723 0.2868472 0.3116155 0.0000000 0.3076211 0.3122790 0.2745286 0.2813250 0.2496092 0.0104365 0.3356487 0.1640346 
RuprSFB    0.3666085 0.3637923 0.2858452 0.4857591 0.3076211 0.0000000 0.4183745 0.4032270 0.4001784 0.3977338 0.3155828 0.3992136 0.3354750 
Retr       0.3322132 0.3678772 0.3765686 0.3957524 0.3122790 0.4183745 0.0000000 0.3650687 0.3024230 0.3658214 0.3218792 0.1752991 0.2950844 
Beta       0.3097654 0.3181097 0.3344073 0.3877644 0.2745286 0.4032270 0.3650687 0.0000000 0.1327022 0.3126955 0.2741125 0.3594382 0.2810377 
Spol       0.3060470 0.3247432 0.3384138 0.4052931 0.2813250 0.4001784 0.3024230 0.1327022 0.0000000 0.3241285 0.2833441 0.3132620 0.2729612 
MJM1652    0.3069869 0.1463524 0.3457345 0.2253153 0.2496092 0.3977338 0.3658214 0.3126955 0.3241285 0.0000000 0.2498617 0.3804993 0.2852409 
NepSFB     0.2448358 0.2510235 0.2917506 0.3168854 0.0104365 0.3155828 0.3218792 0.2741125 0.2833441 0.2498617 0.0000000 0.3377842 0.1641650 
WPYJ       0.3658689 0.3630589 0.3611009 0.4084710 0.3356487 0.3992136 0.1752991 0.3594382 0.3132620 0.3804993 0.3377842 0.0000000 0.3157658 
MJM2940    0.1917464 0.2579879 0.3060396 0.3098930 0.1640346 0.3354750 0.2950844 0.2810377 0.2729612 0.2852409 0.1641650 0.3157658 0.0000000 
