13
DrolusSFB  0.0000000 0.3007469 0.2860454 0.3854474 0.1927544 0.2264951 0.3085750 0.2861338 0.3064178 0.3652839 0.1797566 0.3162990 0.1809172 
Dino       0.3007469 0.0000000 0.3626664 0.2095547 0.3163426 0.3200896 0.3774568 0.3891948 0.3905740 0.1625534 0.3154396 0.3752785 0.2760864 
MJM3360    0.2860454 0.3626664 0.0000000 0.4149131 0.3337345 0.2803677 0.3610317 0.4058996 0.4261676 0.3933752 0.3059557 0.3922103 0.3134577 
DrobinSFB  0.3854474 0.2095547 0.4149131 0.0000000 0.3686696 0.3589396 0.4410757 0.4577099 0.4477853 0.2785189 0.3560279 0.4904700 0.3762645 
Neam       0.1927544 0.3163426 0.3337345 0.3686696 0.0000000 0.2789774 0.3085737 0.3387003 0.3655393 0.3537082 0.0160971 0.3584893 0.1936115 
RuprSFB    0.2264951 0.3200896 0.2803677 0.3589396 0.2789774 0.0000000 0.2994551 0.3073240 0.3090507 0.3690683 0.2587603 0.2781273 0.2605219 
Retr       0.3085750 0.3774568 0.3610317 0.4410757 0.3085737 0.2994551 0.0000000 0.3421047 0.3570987 0.4594763 0.2842757 0.1946758 0.3110179 
Beta       0.2861338 0.3891948 0.4058996 0.4577099 0.3387003 0.3073240 0.3421047 0.0000000 0.1228349 0.4823124 0.2990819 0.3873364 0.3063590 
Spol       0.3064178 0.3905740 0.4261676 0.4477853 0.3655393 0.3090507 0.3570987 0.1228349 0.0000000 0.4830647 0.3198277 0.4360380 0.3169410 
MJM1652    0.3652839 0.1625534 0.3933752 0.2785189 0.3537082 0.3690683 0.4594763 0.4823124 0.4830647 0.0000000 0.3408590 0.4486695 0.3358734 
NepSFB     0.1797566 0.3154396 0.3059557 0.3560279 0.0160971 0.2587603 0.2842757 0.2990819 0.3198277 0.3408590 0.0000000 0.3518949 0.1797133 
WPYJ       0.3162990 0.3752785 0.3922103 0.4904700 0.3584893 0.2781273 0.1946758 0.3873364 0.4360380 0.4486695 0.3518949 0.0000000 0.3558018 
MJM2940    0.1809172 0.2760864 0.3134577 0.3762645 0.1936115 0.2605219 0.3110179 0.3063590 0.3169410 0.3358734 0.1797133 0.3558018 0.0000000 
