13
DrolusSFB  0.0000000 0.3500940 0.4368419 0.4095231 0.3179913 0.4168149 0.3997403 0.5099091 0.5062995 0.4398041 0.3217844 0.4327526 0.2255824 
Dino       0.3500940 0.0000000 0.4292970 0.2836604 0.2800728 0.4280097 0.4160419 0.5271196 0.5242814 0.1781614 0.2852330 0.4269587 0.3017706 
MJM3360    0.4368419 0.4292970 0.0000000 0.4750087 0.4570178 0.3457095 0.4169661 0.5353120 0.5113335 0.4769195 0.4640186 0.4401154 0.3811985 
DrobinSFB  0.4095231 0.2836604 0.4750087 0.0000000 0.4005691 0.4539231 0.4878268 0.5214547 0.5032909 0.3190583 0.3998999 0.5260151 0.3808442 
Neam       0.3179913 0.2800728 0.4570178 0.4005691 0.0000000 0.3866106 0.3676508 0.4588881 0.4898217 0.3519717 0.0131827 0.4035042 0.2336948 
RuprSFB    0.4168149 0.4280097 0.3457095 0.4539231 0.3866106 0.0000000 0.3938140 0.5009484 0.5169626 0.4831369 0.3943590 0.4330067 0.3514725 
Retr       0.3997403 0.4160419 0.4169661 0.4878268 0.3676508 0.3938140 0.0000000 0.4616467 0.4377455 0.4778413 0.3690492 0.2105330 0.3315222 
Beta       0.5099091 0.5271196 0.5353120 0.5214547 0.4588881 0.5009484 0.4616467 0.0000000 0.1851379 0.5971040 0.4668577 0.4972874 0.4412212 
Spol       0.5062995 0.5242814 0.5113335 0.5032909 0.4898217 0.5169626 0.4377455 0.1851379 0.0000000 0.5732949 0.4950865 0.4825582 0.4276308 
MJM1652    0.4398041 0.1781614 0.4769195 0.3190583 0.3519717 0.4831369 0.4778413 0.5971040 0.5732949 0.0000000 0.3570948 0.4698452 0.3703198 
NepSFB     0.3217844 0.2852330 0.4640186 0.3998999 0.0131827 0.3943590 0.3690492 0.4668577 0.4950865 0.3570948 0.0000000 0.4118646 0.2400108 
WPYJ       0.4327526 0.4269587 0.4401154 0.5260151 0.4035042 0.4330067 0.2105330 0.4972874 0.4825582 0.4698452 0.4118646 0.0000000 0.3625017 
MJM2940    0.2255824 0.3017706 0.3811985 0.3808442 0.2336948 0.3514725 0.3315222 0.4412212 0.4276308 0.3703198 0.2400108 0.3625017 0.0000000 
