13
DrolusSFB  0.0000000 0.2974466 0.4182959 0.3002277 0.2492418 0.3230082 0.2520734 0.4423855 0.3996880 0.3062607 0.2576110 0.3604170 0.1446613 
Dino       0.2974466 0.0000000 0.4060524 0.2038036 0.2634588 0.3536298 0.2972704 0.3940008 0.3761896 0.1360576 0.2742590 0.3807174 0.2542592 
MJM3360    0.4182959 0.4060524 0.0000000 0.3884705 0.3409871 0.2599990 0.3229557 0.4414133 0.4384110 0.4502208 0.3495068 0.3265047 0.3409646 
DrobinSFB  0.3002277 0.2038036 0.3884705 0.0000000 0.2814059 0.3846525 0.3061588 0.3918260 0.3912303 0.2325298 0.2913395 0.4134940 0.2477874 
Neam       0.2492418 0.2634588 0.3409871 0.2814059 0.0000000 0.3381225 0.2594139 0.3647433 0.3524456 0.3071627 0.0167697 0.3412390 0.1769872 
RuprSFB    0.3230082 0.3536298 0.2599990 0.3846525 0.3381225 0.0000000 0.2952543 0.3887723 0.4070046 0.3947085 0.3467232 0.3190538 0.2788878 
Retr       0.2520734 0.2972704 0.3229557 0.3061588 0.2594139 0.2952543 0.0000000 0.3561737 0.3445640 0.3073879 0.2586845 0.2205760 0.2176441 
Beta       0.4423855 0.3940008 0.4414133 0.3918260 0.3647433 0.3887723 0.3561737 0.0000000 0.1623523 0.4196159 0.3718977 0.3847750 0.3254368 
Spol       0.3996880 0.3761896 0.4384110 0.3912303 0.3524456 0.4070046 0.3445640 0.1623523 0.0000000 0.3962458 0.3637798 0.4385178 0.3336429 
MJM1652    0.3062607 0.1360576 0.4502208 0.2325298 0.3071627 0.3947085 0.3073879 0.4196159 0.3962458 0.0000000 0.3158829 0.3867185 0.2884634 
NepSFB     0.2576110 0.2742590 0.3495068 0.2913395 0.0167697 0.3467232 0.2586845 0.3718977 0.3637798 0.3158829 0.0000000 0.3670960 0.1824360 
WPYJ       0.3604170 0.3807174 0.3265047 0.4134940 0.3412390 0.3190538 0.2205760 0.3847750 0.4385178 0.3867185 0.3670960 0.0000000 0.3137721 
MJM2940    0.1446613 0.2542592 0.3409646 0.2477874 0.1769872 0.2788878 0.2176441 0.3254368 0.3336429 0.2884634 0.1824360 0.3137721 0.0000000 
