13
DrolusSFB  0.0000000 0.3125463 0.4479220 0.3583095 0.2444002 0.3359080 0.3751130 0.3645170 0.3580953 0.3508384 0.2519758 0.3243505 0.1753720 
Dino       0.3125463 0.0000000 0.4486999 0.1483400 0.2297645 0.3588628 0.3560384 0.3724642 0.3530032 0.1304938 0.2317159 0.3447782 0.2427892 
MJM3360    0.4479220 0.4486999 0.0000000 0.4620242 0.4034419 0.3284235 0.4195393 0.4227225 0.4318681 0.4780951 0.4094952 0.3707571 0.3820800 
DrobinSFB  0.3583095 0.1483400 0.4620242 0.0000000 0.2800184 0.3922068 0.3915264 0.4083866 0.3873880 0.1819257 0.2800484 0.3824483 0.2739938 
Neam       0.2444002 0.2297645 0.4034419 0.2800184 0.0000000 0.2977818 0.3127344 0.3301239 0.3160456 0.2542124 0.0104419 0.2744633 0.1842617 
RuprSFB    0.3359080 0.3588628 0.3284235 0.3922068 0.2977818 0.0000000 0.3595712 0.3743863 0.3526355 0.3941378 0.3028276 0.3206691 0.2970067 
Retr       0.3751130 0.3560384 0.4195393 0.3915264 0.3127344 0.3595712 0.0000000 0.3587662 0.3494995 0.3826606 0.3162245 0.1434370 0.3029048 
Beta       0.3645170 0.3724642 0.4227225 0.4083866 0.3301239 0.3743863 0.3587662 0.0000000 0.1299232 0.3922636 0.3321500 0.3135010 0.3153766 
Spol       0.3580953 0.3530032 0.4318681 0.3873880 0.3160456 0.3526355 0.3494995 0.1299232 0.0000000 0.3833852 0.3205877 0.3115705 0.3151131 
MJM1652    0.3508384 0.1304938 0.4780951 0.1819257 0.2542124 0.3941378 0.3826606 0.3922636 0.3833852 0.0000000 0.2581822 0.3727413 0.2759359 
NepSFB     0.2519758 0.2317159 0.4094952 0.2800484 0.0104419 0.3028276 0.3162245 0.3321500 0.3205877 0.2581822 0.0000000 0.2833604 0.1857623 
WPYJ       0.3243505 0.3447782 0.3707571 0.3824483 0.2744633 0.3206691 0.1434370 0.3135010 0.3115705 0.3727413 0.2833604 0.0000000 0.2887794 
MJM2940    0.1753720 0.2427892 0.3820800 0.2739938 0.1842617 0.2970067 0.3029048 0.3153766 0.3151131 0.2759359 0.1857623 0.2887794 0.0000000 
