13
DrolusSFB  0.0000000 0.3785365 0.4672724 0.4220412 0.3548884 0.4515741 0.3996109 0.5043020 0.5344534 0.3834853 0.3873416 0.4604877 0.2320289 
Dino       0.3785365 0.0000000 0.4650507 0.2314651 0.3152194 0.4640417 0.3489506 0.5103311 0.5379363 0.1712010 0.3164656 0.4834413 0.3412695 
MJM3360    0.4672724 0.4650507 0.0000000 0.5199726 0.4090971 0.3607154 0.3640120 0.5333435 0.5249420 0.5050974 0.4104834 0.4663351 0.4155812 
DrobinSFB  0.4220412 0.2314651 0.5199726 0.0000000 0.3512261 0.5463079 0.4374395 0.5598126 0.5615117 0.2758369 0.3697428 0.6103975 0.3873128 
Neam       0.3548884 0.3152194 0.4090971 0.3512261 0.0000000 0.4376536 0.3648529 0.4892722 0.5012287 0.3402503 0.0221055 0.4247062 0.2849072 
RuprSFB    0.4515741 0.4640417 0.3607154 0.5463079 0.4376536 0.0000000 0.3635827 0.5653498 0.5741211 0.4931362 0.4369382 0.4482121 0.4170972 
Retr       0.3996109 0.3489506 0.3640120 0.4374395 0.3648529 0.3635827 0.0000000 0.5031247 0.5259169 0.4133114 0.3706811 0.2659090 0.3583173 
Beta       0.5043020 0.5103311 0.5333435 0.5598126 0.4892722 0.5653498 0.5031247 0.0000000 0.1516276 0.5356277 0.4750408 0.5606202 0.4649100 
Spol       0.5344534 0.5379363 0.5249420 0.5615117 0.5012287 0.5741211 0.5259169 0.1516276 0.0000000 0.5504661 0.5109355 0.6285550 0.4693183 
MJM1652    0.3834853 0.1712010 0.5050974 0.2758369 0.3402503 0.4931362 0.4133114 0.5356277 0.5504661 0.0000000 0.3389092 0.5596042 0.3622147 
NepSFB     0.3873416 0.3164656 0.4104834 0.3697428 0.0221055 0.4369382 0.3706811 0.4750408 0.5109355 0.3389092 0.0000000 0.4466744 0.3109018 
WPYJ       0.4604877 0.4834413 0.4663351 0.6103975 0.4247062 0.4482121 0.2659090 0.5606202 0.6285550 0.5596042 0.4466744 0.0000000 0.4130346 
MJM2940    0.2320289 0.3412695 0.4155812 0.3873128 0.2849072 0.4170972 0.3583173 0.4649100 0.4693183 0.3622147 0.3109018 0.4130346 0.0000000 
