13
DrolusSFB  0.0000000 0.3267200 0.4142486 0.3502867 0.2662141 0.3888365 0.3905925 0.4074381 0.4358025 0.3464526 0.2674892 0.4154774 0.1736694 
Dino       0.3267200 0.0000000 0.3858124 0.2113498 0.2516406 0.3483646 0.3938564 0.3803874 0.4472089 0.1435015 0.2510103 0.4628393 0.2981556 
MJM3360    0.4142486 0.3858124 0.0000000 0.4226579 0.3868002 0.2731839 0.3834927 0.3759601 0.4510676 0.3585766 0.3872377 0.3840642 0.4029304 
DrobinSFB  0.3502867 0.2113498 0.4226579 0.0000000 0.2839822 0.3627159 0.3871295 0.4432153 0.4965561 0.2353845 0.2802371 0.4308278 0.3355125 
Neam       0.2662141 0.2516406 0.3868002 0.2839822 0.0000000 0.3077222 0.3197904 0.3399403 0.3890633 0.2798312 0.0141946 0.3705319 0.2254671 
RuprSFB    0.3888365 0.3483646 0.2731839 0.3627159 0.3077222 0.0000000 0.4036847 0.3400616 0.3683230 0.3546664 0.3026458 0.3785256 0.3512831 
Retr       0.3905925 0.3938564 0.3834927 0.3871295 0.3197904 0.4036847 0.0000000 0.4241388 0.4984973 0.3581975 0.3253850 0.2064242 0.3467816 
Beta       0.4074381 0.3803874 0.3759601 0.4432153 0.3399403 0.3400616 0.4241388 0.0000000 0.1660667 0.3727490 0.3333266 0.4344308 0.3661434 
Spol       0.4358025 0.4472089 0.4510676 0.4965561 0.3890633 0.3683230 0.4984973 0.1660667 0.0000000 0.4413680 0.3897093 0.5070314 0.3732461 
MJM1652    0.3464526 0.1435015 0.3585766 0.2353845 0.2798312 0.3546664 0.3581975 0.3727490 0.4413680 0.0000000 0.2818887 0.4120552 0.3118498 
NepSFB     0.2674892 0.2510103 0.3872377 0.2802371 0.0141946 0.3026458 0.3253850 0.3333266 0.3897093 0.2818887 0.0000000 0.3704890 0.2303911 
WPYJ       0.4154774 0.4628393 0.3840642 0.4308278 0.3705319 0.3785256 0.2064242 0.4344308 0.5070314 0.4120552 0.3704890 0.0000000 0.4012066 
MJM2940    0.1736694 0.2981556 0.4029304 0.3355125 0.2254671 0.3512831 0.3467816 0.3661434 0.3732461 0.3118498 0.2303911 0.4012066 0.0000000 
