13
DrolusSFB  0.0000000 0.3772692 0.4461878 0.4308132 0.2940810 0.4324372 0.3334589 0.4443444 0.4783249 0.4088606 0.2980042 0.4301481 0.2137548 
Dino       0.3772692 0.0000000 0.4855093 0.2276738 0.3051901 0.4506825 0.3674501 0.5568971 0.5742556 0.1862008 0.3027275 0.5016858 0.3351772 
MJM3360    0.4461878 0.4855093 0.0000000 0.4826022 0.3674874 0.3500743 0.4200251 0.4876980 0.5050397 0.4847469 0.3702570 0.4723565 0.4234537 
DrobinSFB  0.4308132 0.2276738 0.4826022 0.0000000 0.3587295 0.4980592 0.3773869 0.5664565 0.5707898 0.2515828 0.3565431 0.5364911 0.3794405 
Neam       0.2940810 0.3051901 0.3674874 0.3587295 0.0000000 0.3433672 0.3156495 0.4171806 0.4302258 0.3512600 0.0100437 0.3939614 0.2352966 
RuprSFB    0.4324372 0.4506825 0.3500743 0.4980592 0.3433672 0.0000000 0.3884681 0.4937025 0.4886441 0.4719889 0.3421693 0.4387281 0.3779545 
Retr       0.3334589 0.3674501 0.4200251 0.3773869 0.3156495 0.3884681 0.0000000 0.3825895 0.4154759 0.3679579 0.3100021 0.1938204 0.3093732 
Beta       0.4443444 0.5568971 0.4876980 0.5664565 0.4171806 0.4937025 0.3825895 0.0000000 0.1664283 0.5793244 0.4181462 0.4753923 0.4474273 
Spol       0.4783249 0.5742556 0.5050397 0.5707898 0.4302258 0.4886441 0.4154759 0.1664283 0.0000000 0.6182646 0.4316739 0.4702114 0.4437244 
MJM1652    0.4088606 0.1862008 0.4847469 0.2515828 0.3512600 0.4719889 0.3679579 0.5793244 0.6182646 0.0000000 0.3495180 0.4968411 0.3642567 
NepSFB     0.2980042 0.3027275 0.3702570 0.3565431 0.0100437 0.3421693 0.3100021 0.4181462 0.4316739 0.3495180 0.0000000 0.3932603 0.2349836 
WPYJ       0.4301481 0.5016858 0.4723565 0.5364911 0.3939614 0.4387281 0.1938204 0.4753923 0.4702114 0.4968411 0.3932603 0.0000000 0.4259933 
MJM2940    0.2137548 0.3351772 0.4234537 0.3794405 0.2352966 0.3779545 0.3093732 0.4474273 0.4437244 0.3642567 0.2349836 0.4259933 0.0000000 
