13
DrolusSFB  0.0000000 0.2629672 0.4303447 0.3462174 0.2549128 0.3608612 0.3154079 0.3943367 0.4093917 0.3296495 0.2599227 0.3703134 0.1882274 
Dino       0.2629672 0.0000000 0.4282989 0.1770334 0.2378766 0.3255307 0.3010585 0.4085312 0.4016882 0.1533820 0.2363186 0.3442853 0.2123478 
MJM3360    0.4303447 0.4282989 0.0000000 0.4925483 0.4197889 0.3155096 0.3624437 0.4424570 0.4483691 0.4214546 0.4243085 0.4087327 0.3973584 
DrobinSFB  0.3462174 0.1770334 0.4925483 0.0000000 0.3073077 0.4210610 0.3541770 0.4362930 0.4329424 0.2238072 0.3025082 0.3763223 0.2749322 
Neam       0.2549128 0.2378766 0.4197889 0.3073077 0.0000000 0.3458675 0.2853506 0.4202188 0.4018581 0.2926250 0.0150063 0.3629286 0.2029348 
RuprSFB    0.3608612 0.3255307 0.3155096 0.4210610 0.3458675 0.0000000 0.3297341 0.4625483 0.4263911 0.3469256 0.3401647 0.3411230 0.3261514 
Retr       0.3154079 0.3010585 0.3624437 0.3541770 0.2853506 0.3297341 0.0000000 0.3716252 0.3578268 0.3098949 0.2994871 0.1471437 0.2496318 
Beta       0.3943367 0.4085312 0.4424570 0.4362930 0.4202188 0.4625483 0.3716252 0.0000000 0.1290786 0.4412555 0.4256962 0.3952273 0.3448728 
Spol       0.4093917 0.4016882 0.4483691 0.4329424 0.4018581 0.4263911 0.3578268 0.1290786 0.0000000 0.4325395 0.4154019 0.3589507 0.3223783 
MJM1652    0.3296495 0.1533820 0.4214546 0.2238072 0.2926250 0.3469256 0.3098949 0.4412555 0.4325395 0.0000000 0.2865190 0.3407829 0.2500289 
NepSFB     0.2599227 0.2363186 0.4243085 0.3025082 0.0150063 0.3401647 0.2994871 0.4256962 0.4154019 0.2865190 0.0000000 0.3723716 0.2120194 
WPYJ       0.3703134 0.3442853 0.4087327 0.3763223 0.3629286 0.3411230 0.1471437 0.3952273 0.3589507 0.3407829 0.3723716 0.0000000 0.3016128 
MJM2940    0.1882274 0.2123478 0.3973584 0.2749322 0.2029348 0.3261514 0.2496318 0.3448728 0.3223783 0.2500289 0.2120194 0.3016128 0.0000000 
