13
DrolusSFB  0.0000000 0.3464673 0.5100793 0.3868275 0.2927357 0.3915128 0.3401724 0.4958210 0.5239505 0.3727773 0.3494722 0.3832815 0.2012946 
Dino       0.3464673 0.0000000 0.5027877 0.2350574 0.3170512 0.3904529 0.3420788 0.5666168 0.6114777 0.1792602 0.3987480 0.3939118 0.3068711 
MJM3360    0.5100793 0.5027877 0.0000000 0.5087487 0.4709565 0.3767900 0.4345432 0.6014762 0.6192533 0.4982895 0.5086299 0.4849125 0.4683936 
DrobinSFB  0.3868275 0.2350574 0.5087487 0.0000000 0.3616551 0.4061904 0.3799677 0.5523426 0.6393834 0.2701381 0.4685854 0.4367673 0.3722034 
Neam       0.2927357 0.3170512 0.4709565 0.3616551 0.0000000 0.3450208 0.3067340 0.4664196 0.5102329 0.3800921 0.0154503 0.3551922 0.2464472 
RuprSFB    0.3915128 0.3904529 0.3767900 0.4061904 0.3450208 0.0000000 0.3669498 0.4546148 0.4779846 0.3837511 0.3961557 0.4334212 0.3561558 
Retr       0.3401724 0.3420788 0.4345432 0.3799677 0.3067340 0.3669498 0.0000000 0.4038368 0.4467306 0.3608859 0.3261953 0.2158490 0.2918797 
Beta       0.4958210 0.5666168 0.6014762 0.5523426 0.4664196 0.4546148 0.4038368 0.0000000 0.2055233 0.5914163 0.5843105 0.4390790 0.4377441 
Spol       0.5239505 0.6114777 0.6192533 0.6393834 0.5102329 0.4779846 0.4467306 0.2055233 0.0000000 0.6630124 0.5743356 0.3996509 0.4769931 
MJM1652    0.3727773 0.1792602 0.4982895 0.2701381 0.3800921 0.3837511 0.3608859 0.5914163 0.6630124 0.0000000 0.4941614 0.4100834 0.3252772 
NepSFB     0.3494722 0.3987480 0.5086299 0.4685854 0.0154503 0.3961557 0.3261953 0.5843105 0.5743356 0.4941614 0.0000000 0.2226898 0.3141026 
WPYJ       0.3832815 0.3939118 0.4849125 0.4367673 0.3551922 0.4334212 0.2158490 0.4390790 0.3996509 0.4100834 0.2226898 0.0000000 0.3736800 
MJM2940    0.2012946 0.3068711 0.4683936 0.3722034 0.2464472 0.3561558 0.2918797 0.4377441 0.4769931 0.3252772 0.3141026 0.3736800 0.0000000 
