13
DrolusSFB  0.0000000 0.3068945 0.3885965 0.3730341 0.2850397 0.4359643 0.4298411 0.3682093 0.3614597 0.3130038 0.2752615 0.4592190 0.2177718 
Dino       0.3068945 0.0000000 0.3710968 0.2017161 0.2482224 0.4003459 0.3786871 0.3376009 0.3467685 0.1276584 0.2420141 0.4238448 0.2292562 
MJM3360    0.3885965 0.3710968 0.0000000 0.3778058 0.3460647 0.3564459 0.4097730 0.4120109 0.3840168 0.3789399 0.3388135 0.4017234 0.3644453 
DrobinSFB  0.3730341 0.2017161 0.3778058 0.0000000 0.3156922 0.4311848 0.4233751 0.3861207 0.3820216 0.2189270 0.3067536 0.4482424 0.3013796 
Neam       0.2850397 0.2482224 0.3460647 0.3156922 0.0000000 0.3586766 0.3155262 0.3350682 0.3266790 0.2360786 0.0137025 0.3682411 0.1924007 
RuprSFB    0.4359643 0.4003459 0.3564459 0.4311848 0.3586766 0.0000000 0.4478558 0.4092694 0.4042482 0.4108571 0.3524929 0.4111604 0.3576211 
Retr       0.4298411 0.3786871 0.4097730 0.4233751 0.3155262 0.4478558 0.0000000 0.4321333 0.4076352 0.3653893 0.3236431 0.2029239 0.3500926 
Beta       0.3682093 0.3376009 0.4120109 0.3861207 0.3350682 0.4092694 0.4321333 0.0000000 0.1920234 0.3378683 0.3233335 0.4231256 0.3154075 
Spol       0.3614597 0.3467685 0.3840168 0.3820216 0.3266790 0.4042482 0.4076352 0.1920234 0.0000000 0.3278395 0.3082812 0.4131434 0.3281331 
MJM1652    0.3130038 0.1276584 0.3789399 0.2189270 0.2360786 0.4108571 0.3653893 0.3378683 0.3278395 0.0000000 0.2363365 0.4213890 0.2339249 
NepSFB     0.2752615 0.2420141 0.3388135 0.3067536 0.0137025 0.3524929 0.3236431 0.3233335 0.3082812 0.2363365 0.0000000 0.3654844 0.1935003 
WPYJ       0.4592190 0.4238448 0.4017234 0.4482424 0.3682411 0.4111604 0.2029239 0.4231256 0.4131434 0.4213890 0.3654844 0.0000000 0.4078992 
MJM2940    0.2177718 0.2292562 0.3644453 0.3013796 0.1924007 0.3576211 0.3500926 0.3154075 0.3281331 0.2339249 0.1935003 0.4078992 0.0000000 
