13
DrolusSFB  0.0000000 0.2878193 0.3771268 0.4573830 0.3097382 0.3906222 0.5030364 0.3933376 0.4014224 0.3329360 0.3164429 0.4086112 0.2342132 
Dino       0.2878193 0.0000000 0.3587823 0.3097728 0.2931273 0.3661337 0.5481184 0.4105275 0.4430535 0.1863754 0.2950468 0.4265403 0.2710904 
MJM3360    0.3771268 0.3587823 0.0000000 0.4932180 0.3999657 0.3381838 0.5725521 0.4089191 0.4418629 0.3954303 0.4019765 0.4800470 0.3789953 
DrobinSFB  0.4573830 0.3097728 0.4932180 0.0000000 0.4008300 0.5294155 0.6216725 0.4778302 0.5076028 0.3737749 0.4023277 0.5259656 0.3853550 
Neam       0.3097382 0.2931273 0.3999657 0.4008300 0.0000000 0.3954954 0.4146883 0.3887166 0.4196168 0.3627981 0.0111095 0.3888544 0.2674689 
RuprSFB    0.3906222 0.3661337 0.3381838 0.5294155 0.3954954 0.0000000 0.4693234 0.3662828 0.4196831 0.4108317 0.4045118 0.3882185 0.3254251 
Retr       0.5030364 0.5481184 0.5725521 0.6216725 0.4146883 0.4693234 0.0000000 0.4220433 0.4701038 0.5599037 0.4136685 0.2777805 0.4143166 
Beta       0.3933376 0.4105275 0.4089191 0.4778302 0.3887166 0.3662828 0.4220433 0.0000000 0.1540935 0.4452631 0.3873924 0.3711317 0.3473887 
Spol       0.4014224 0.4430535 0.4418629 0.5076028 0.4196168 0.4196831 0.4701038 0.1540935 0.0000000 0.4811227 0.4142888 0.4064979 0.3836658 
MJM1652    0.3329360 0.1863754 0.3954303 0.3737749 0.3627981 0.4108317 0.5599037 0.4452631 0.4811227 0.0000000 0.3679522 0.4732182 0.3388136 
NepSFB     0.3164429 0.2950468 0.4019765 0.4023277 0.0111095 0.4045118 0.4136685 0.3873924 0.4142888 0.3679522 0.0000000 0.3911196 0.2735347 
WPYJ       0.4086112 0.4265403 0.4800470 0.5259656 0.3888544 0.3882185 0.2777805 0.3711317 0.4064979 0.4732182 0.3911196 0.0000000 0.3615946 
MJM2940    0.2342132 0.2710904 0.3789953 0.3853550 0.2674689 0.3254251 0.4143166 0.3473887 0.3836658 0.3388136 0.2735347 0.3615946 0.0000000 
