13
DrolusSFB  0.0000000 0.2504846 0.3529464 0.2735343 0.2396508 0.3238635 0.3029444 0.3342808 0.3936075 0.2554652 0.2441271 0.3403035 0.1672543 
Dino       0.2504846 0.0000000 0.3817095 0.2043820 0.2412167 0.3649833 0.3429278 0.3688654 0.4406616 0.1438220 0.2387893 0.3709597 0.2175335 
MJM3360    0.3529464 0.3817095 0.0000000 0.3962940 0.3093402 0.3073656 0.3619616 0.3844246 0.4164766 0.3859485 0.3057983 0.4073890 0.3318007 
DrobinSFB  0.2735343 0.2043820 0.3962940 0.0000000 0.2627716 0.3814481 0.3673465 0.3288626 0.4173192 0.2219560 0.2615710 0.4096124 0.2552429 
Neam       0.2396508 0.2412167 0.3093402 0.2627716 0.0000000 0.3058424 0.3211750 0.3331990 0.4049696 0.2645186 0.0153284 0.3711305 0.1979798 
RuprSFB    0.3238635 0.3649833 0.3073656 0.3814481 0.3058424 0.0000000 0.3507344 0.4002687 0.4558600 0.3701509 0.3033028 0.4015716 0.2962714 
Retr       0.3029444 0.3429278 0.3619616 0.3673465 0.3211750 0.3507344 0.0000000 0.3725852 0.4344362 0.3870168 0.3201119 0.1716129 0.3038231 
Beta       0.3342808 0.3688654 0.3844246 0.3288626 0.3331990 0.4002687 0.3725852 0.0000000 0.1884483 0.3480179 0.3361628 0.4158735 0.3177217 
Spol       0.3936075 0.4406616 0.4164766 0.4173192 0.4049696 0.4558600 0.4344362 0.1884483 0.0000000 0.4518374 0.3999245 0.4987765 0.3704036 
MJM1652    0.2554652 0.1438220 0.3859485 0.2219560 0.2645186 0.3701509 0.3870168 0.3480179 0.4518374 0.0000000 0.2655149 0.3933220 0.2256123 
NepSFB     0.2441271 0.2387893 0.3057983 0.2615710 0.0153284 0.3033028 0.3201119 0.3361628 0.3999245 0.2655149 0.0000000 0.3643570 0.2043062 
WPYJ       0.3403035 0.3709597 0.4073890 0.4096124 0.3711305 0.4015716 0.1716129 0.4158735 0.4987765 0.3933220 0.3643570 0.0000000 0.3551359 
MJM2940    0.1672543 0.2175335 0.3318007 0.2552429 0.1979798 0.2962714 0.3038231 0.3177217 0.3704036 0.2256123 0.2043062 0.3551359 0.0000000 
