13
DrolusSFB  0.0000000 0.2612425 0.3403376 0.2648744 0.3001639 0.2937010 0.3198091 0.3429645 0.3261916 0.2723230 0.2998709 0.2932860 0.1885352 
Dino       0.2612425 0.0000000 0.3242929 0.1794360 0.3260950 0.2941391 0.3293053 0.3731319 0.3410132 0.1290741 0.3239303 0.3138066 0.2556024 
MJM3360    0.3403376 0.3242929 0.0000000 0.3276913 0.3880135 0.2681595 0.3609283 0.4125421 0.3647543 0.3237270 0.3918647 0.3129995 0.3127261 
DrobinSFB  0.2648744 0.1794360 0.3276913 0.0000000 0.3195563 0.3040638 0.3381179 0.3757496 0.3395265 0.2109385 0.3222015 0.2943395 0.2673880 
Neam       0.3001639 0.3260950 0.3880135 0.3195563 0.0000000 0.3523215 0.3898336 0.4408766 0.4087368 0.3408860 0.0100279 0.3608062 0.2342373 
RuprSFB    0.2937010 0.2941391 0.2681595 0.3040638 0.3523215 0.0000000 0.3591375 0.3847740 0.3419975 0.3087273 0.3536193 0.3186769 0.2849912 
Retr       0.3198091 0.3293053 0.3609283 0.3381179 0.3898336 0.3591375 0.0000000 0.3768178 0.3557982 0.3449084 0.3821684 0.2075347 0.2879828 
Beta       0.3429645 0.3731319 0.4125421 0.3757496 0.4408766 0.3847740 0.3768178 0.0000000 0.1645956 0.3942723 0.4453404 0.3331265 0.3234646 
Spol       0.3261916 0.3410132 0.3647543 0.3395265 0.4087368 0.3419975 0.3557982 0.1645956 0.0000000 0.3631975 0.3986482 0.3227119 0.2970783 
MJM1652    0.2723230 0.1290741 0.3237270 0.2109385 0.3408860 0.3087273 0.3449084 0.3942723 0.3631975 0.0000000 0.3340631 0.2930247 0.2718022 
NepSFB     0.2998709 0.3239303 0.3918647 0.3222015 0.0100279 0.3536193 0.3821684 0.4453404 0.3986482 0.3340631 0.0000000 0.3599971 0.2357923 
WPYJ       0.2932860 0.3138066 0.3129995 0.2943395 0.3608062 0.3186769 0.2075347 0.3331265 0.3227119 0.2930247 0.3599971 0.0000000 0.3045639 
MJM2940    0.1885352 0.2556024 0.3127261 0.2673880 0.2342373 0.2849912 0.2879828 0.3234646 0.2970783 0.2718022 0.2357923 0.3045639 0.0000000 
