13
DrolusSFB  0.0000000 0.2914024 0.4213607 0.3071186 0.2367604 0.3585429 0.2929611 0.3509295 0.3626775 0.3109761 0.2139174 0.3303030 0.2076596 
Dino       0.2914024 0.0000000 0.3578068 0.1205830 0.1954147 0.3037490 0.2352574 0.2848689 0.2950768 0.1120813 0.2005647 0.2425986 0.2621432 
MJM3360    0.4213607 0.3578068 0.0000000 0.3662614 0.3361309 0.2924361 0.3795561 0.4317854 0.4051411 0.3774977 0.3483671 0.3929722 0.4791559 
DrobinSFB  0.3071186 0.1205830 0.3662614 0.0000000 0.2301578 0.3024311 0.2621458 0.3018545 0.3261536 0.1662195 0.2197579 0.2866761 0.2925856 
Neam       0.2367604 0.1954147 0.3361309 0.2301578 0.0000000 0.2454069 0.2034976 0.2481627 0.2426118 0.2424914 0.0176401 0.2435162 0.2439504 
RuprSFB    0.3585429 0.3037490 0.2924361 0.3024311 0.2454069 0.0000000 0.2791268 0.3357581 0.3308893 0.3021347 0.2516548 0.2715284 0.3734229 
Retr       0.2929611 0.2352574 0.3795561 0.2621458 0.2034976 0.2791268 0.0000000 0.2808066 0.2982641 0.3110995 0.2090306 0.1421076 0.3623022 
Beta       0.3509295 0.2848689 0.4317854 0.3018545 0.2481627 0.3357581 0.2808066 0.0000000 0.1219420 0.3466226 0.2334730 0.2524670 0.3428833 
Spol       0.3626775 0.2950768 0.4051411 0.3261536 0.2426118 0.3308893 0.2982641 0.1219420 0.0000000 0.3513379 0.2328366 0.2784257 0.3419568 
MJM1652    0.3109761 0.1120813 0.3774977 0.1662195 0.2424914 0.3021347 0.3110995 0.3466226 0.3513379 0.0000000 0.2400176 0.2557783 0.2978739 
NepSFB     0.2139174 0.2005647 0.3483671 0.2197579 0.0176401 0.2516548 0.2090306 0.2334730 0.2328366 0.2400176 0.0000000 0.2288112 0.2337266 
WPYJ       0.3303030 0.2425986 0.3929722 0.2866761 0.2435162 0.2715284 0.1421076 0.2524670 0.2784257 0.2557783 0.2288112 0.0000000 0.3374054 
MJM2940    0.2076596 0.2621432 0.4791559 0.2925856 0.2439504 0.3734229 0.3623022 0.3428833 0.3419568 0.2978739 0.2337266 0.3374054 0.0000000 
