13
DrolusSFB  0.0000000 0.3219220 0.3632759 0.3003328 0.2678815 0.3397538 0.3951200 0.4434569 0.4477132 0.3297729 0.2684633 0.4513441 0.2037345 
Dino       0.3219220 0.0000000 0.4400120 0.1683583 0.2331721 0.3375846 0.3059065 0.4071332 0.4031170 0.1921180 0.2404538 0.3489103 0.2718268 
MJM3360    0.3632759 0.4400120 0.0000000 0.4432630 0.3576081 0.2644947 0.4180262 0.3796622 0.4132627 0.4408242 0.3685227 0.3423912 0.3390934 
DrobinSFB  0.3003328 0.1683583 0.4432630 0.0000000 0.2282982 0.3457606 0.3444541 0.3743267 0.3817815 0.1934659 0.2301320 0.3609918 0.2741552 
Neam       0.2678815 0.2331721 0.3576081 0.2282982 0.0000000 0.3048879 0.3683594 0.4176682 0.4060892 0.2600115 0.0121106 0.3508992 0.2289902 
RuprSFB    0.3397538 0.3375846 0.2644947 0.3457606 0.3048879 0.0000000 0.2813363 0.3376166 0.3329213 0.3411497 0.2976790 0.2555033 0.2953634 
Retr       0.3951200 0.3059065 0.4180262 0.3444541 0.3683594 0.2813363 0.0000000 0.3370183 0.3149424 0.3586323 0.3596304 0.1624847 0.3019803 
Beta       0.4434569 0.4071332 0.3796622 0.3743267 0.4176682 0.3376166 0.3370183 0.0000000 0.0715392 0.4270018 0.4151201 0.3167888 0.3889578 
Spol       0.4477132 0.4031170 0.4132627 0.3817815 0.4060892 0.3329213 0.3149424 0.0715392 0.0000000 0.4188261 0.4075111 0.3139529 0.3897739 
MJM1652    0.3297729 0.1921180 0.4408242 0.1934659 0.2600115 0.3411497 0.3586323 0.4270018 0.4188261 0.0000000 0.2639515 0.3163962 0.3164924 
NepSFB     0.2684633 0.2404538 0.3685227 0.2301320 0.0121106 0.2976790 0.3596304 0.4151201 0.4075111 0.2639515 0.0000000 0.3410866 0.2340052 
WPYJ       0.4513441 0.3489103 0.3423912 0.3609918 0.3508992 0.2555033 0.1624847 0.3167888 0.3139529 0.3163962 0.3410866 0.0000000 0.3008517 
MJM2940    0.2037345 0.2718268 0.3390934 0.2741552 0.2289902 0.2953634 0.3019803 0.3889578 0.3897739 0.3164924 0.2340052 0.3008517 0.0000000 
