13
DrolusSFB  0.0000000 0.3111690 0.4151097 0.3827578 0.2684725 0.3556183 0.4031338 0.3395825 0.3905872 0.3751250 0.2824756 0.3994514 0.1776233 
Dino       0.3111690 0.0000000 0.4501511 0.1733145 0.2581577 0.4126479 0.4168990 0.3946065 0.4463439 0.1502916 0.2884670 0.3950074 0.2505126 
MJM3360    0.4151097 0.4501511 0.0000000 0.5156843 0.3786704 0.2869937 0.4618361 0.3940113 0.4627150 0.5127829 0.4323744 0.4354738 0.3689307 
DrobinSFB  0.3827578 0.1733145 0.5156843 0.0000000 0.3368786 0.4875413 0.4299830 0.4800831 0.5166490 0.2428672 0.3635127 0.4338183 0.3336123 
Neam       0.2684725 0.2581577 0.3786704 0.3368786 0.0000000 0.3585590 0.3455275 0.3220013 0.3739481 0.3211928 0.1504302 0.3454383 0.1894303 
RuprSFB    0.3556183 0.4126479 0.2869937 0.4875413 0.3585590 0.0000000 0.4085407 0.3662858 0.4096204 0.4731573 0.3853351 0.4141796 0.3224007 
Retr       0.4031338 0.4168990 0.4618361 0.4299830 0.3455275 0.4085407 0.0000000 0.4115775 0.4525786 0.4472278 0.3589545 0.2334559 0.3324890 
Beta       0.3395825 0.3946065 0.3940113 0.4800831 0.3220013 0.3662858 0.4115775 0.0000000 0.1533533 0.4519388 0.3739455 0.3700045 0.3163615 
Spol       0.3905872 0.4463439 0.4627150 0.5166490 0.3739481 0.4096204 0.4525786 0.1533533 0.0000000 0.5089217 0.4068737 0.3553597 0.3635799 
MJM1652    0.3751250 0.1502916 0.5127829 0.2428672 0.3211928 0.4731573 0.4472278 0.4519388 0.5089217 0.0000000 0.3432300 0.4212189 0.3248452 
NepSFB     0.2824756 0.2884670 0.4323744 0.3635127 0.1504302 0.3853351 0.3589545 0.3739455 0.4068737 0.3432300 0.0000000 0.3459220 0.2132324 
WPYJ       0.3994514 0.3950074 0.4354738 0.4338183 0.3454383 0.4141796 0.2334559 0.3700045 0.3553597 0.4212189 0.3459220 0.0000000 0.3325252 
MJM2940    0.1776233 0.2505126 0.3689307 0.3336123 0.1894303 0.3224007 0.3324890 0.3163615 0.3635799 0.3248452 0.2132324 0.3325252 0.0000000 
