13
DrolusSFB  0.0000000 0.2665481 0.3419429 0.3484301 0.2194094 0.2925104 0.3252859 0.2997815 0.2937860 0.3138440 0.2197148 0.3667884 0.1326153 
Dino       0.2665481 0.0000000 0.3606913 0.2156090 0.2261538 0.2940017 0.3418557 0.3183375 0.3141388 0.1516879 0.2275547 0.3960062 0.2245778 
MJM3360    0.3419429 0.3606913 0.0000000 0.4307535 0.3201231 0.2796740 0.3699386 0.3682226 0.3455686 0.4276822 0.3237568 0.4167610 0.3119816 
DrobinSFB  0.3484301 0.2156090 0.4307535 0.0000000 0.2863817 0.3638681 0.4108785 0.4058861 0.3952459 0.2636115 0.2871549 0.4529438 0.2950042 
Neam       0.2194094 0.2261538 0.3201231 0.2863817 0.0000000 0.2491935 0.2967041 0.2960695 0.2536068 0.2597316 0.0129128 0.3252307 0.1590264 
RuprSFB    0.2925104 0.2940017 0.2796740 0.3638681 0.2491935 0.0000000 0.3226859 0.3075253 0.2818149 0.3389674 0.2544217 0.3425030 0.2342085 
Retr       0.3252859 0.3418557 0.3699386 0.4108785 0.2967041 0.3226859 0.0000000 0.3302949 0.3265875 0.4037459 0.2989251 0.1879262 0.2691572 
Beta       0.2997815 0.3183375 0.3682226 0.4058861 0.2960695 0.3075253 0.3302949 0.0000000 0.1367228 0.3676543 0.3015307 0.3415095 0.2643600 
Spol       0.2937860 0.3141388 0.3455686 0.3952459 0.2536068 0.2818149 0.3265875 0.1367228 0.0000000 0.3723954 0.2540638 0.3606583 0.2431369 
MJM1652    0.3138440 0.1516879 0.4276822 0.2636115 0.2597316 0.3389674 0.4037459 0.3676543 0.3723954 0.0000000 0.2602855 0.4224293 0.2584209 
NepSFB     0.2197148 0.2275547 0.3237568 0.2871549 0.0129128 0.2544217 0.2989251 0.3015307 0.2540638 0.2602855 0.0000000 0.3185439 0.1599062 
WPYJ       0.3667884 0.3960062 0.4167610 0.4529438 0.3252307 0.3425030 0.1879262 0.3415095 0.3606583 0.4224293 0.3185439 0.0000000 0.2773507 
MJM2940    0.1326153 0.2245778 0.3119816 0.2950042 0.1590264 0.2342085 0.2691572 0.2643600 0.2431369 0.2584209 0.1599062 0.2773507 0.0000000 
