13
DrolusSFB  0.0000000 0.3942438 0.3971399 0.4381355 0.2795793 0.3528799 0.3622320 0.3760953 0.4058775 0.4268653 0.2796643 0.3429843 0.1888698 
Dino       0.3942438 0.0000000 0.4636851 0.2420610 0.3792955 0.4323718 0.4454941 0.4354500 0.4482662 0.1889529 0.3759081 0.4943337 0.3160841 
MJM3360    0.3971399 0.4636851 0.0000000 0.5073910 0.4136522 0.3217453 0.4483095 0.4101570 0.3981652 0.4869140 0.4152087 0.4587227 0.3710893 
DrobinSFB  0.4381355 0.2420610 0.5073910 0.0000000 0.4508639 0.4632990 0.4958592 0.5344184 0.5428725 0.2535058 0.4521450 0.5496598 0.3893506 
Neam       0.2795793 0.3792955 0.4136522 0.4508639 0.0000000 0.3331553 0.3450027 0.3782623 0.4152533 0.4158796 0.0155528 0.3628120 0.2238475 
RuprSFB    0.3528799 0.4323718 0.3217453 0.4632990 0.3331553 0.0000000 0.3780627 0.3731253 0.3909992 0.4463674 0.3357135 0.3675793 0.3268524 
Retr       0.3622320 0.4454941 0.4483095 0.4958592 0.3450027 0.3780627 0.0000000 0.4128613 0.4234491 0.4764986 0.3482499 0.1902694 0.2805546 
Beta       0.3760953 0.4354500 0.4101570 0.5344184 0.3782623 0.3731253 0.4128613 0.0000000 0.1449817 0.4768090 0.3736403 0.4004970 0.3130466 
Spol       0.4058775 0.4482662 0.3981652 0.5428725 0.4152533 0.3909992 0.4234491 0.1449817 0.0000000 0.5114319 0.4214266 0.4108058 0.3359036 
MJM1652    0.4268653 0.1889529 0.4869140 0.2535058 0.4158796 0.4463674 0.4764986 0.4768090 0.5114319 0.0000000 0.4166893 0.5207681 0.3500720 
NepSFB     0.2796643 0.3759081 0.4152087 0.4521450 0.0155528 0.3357135 0.3482499 0.3736403 0.4214266 0.4166893 0.0000000 0.3639711 0.2283116 
WPYJ       0.3429843 0.4943337 0.4587227 0.5496598 0.3628120 0.3675793 0.1902694 0.4004970 0.4108058 0.5207681 0.3639711 0.0000000 0.2961375 
MJM2940    0.1888698 0.3160841 0.3710893 0.3893506 0.2238475 0.3268524 0.2805546 0.3130466 0.3359036 0.3500720 0.2283116 0.2961375 0.0000000 
