13
DrolusSFB  0.0000000 0.3242110 0.4748844 0.3429267 0.2875135 0.4042289 0.3798536 0.4229069 0.4118658 0.3661093 0.2804613 0.4098339 0.2017891 
Dino       0.3242110 0.0000000 0.4757300 0.1827293 0.2613459 0.4020692 0.3529295 0.4188542 0.4153249 0.1426682 0.2590827 0.3903155 0.2699706 
MJM3360    0.4748844 0.4757300 0.0000000 0.4580405 0.4136484 0.3738145 0.4590436 0.4569808 0.4870135 0.4782721 0.4177968 0.5044187 0.3998857 
DrobinSFB  0.3429267 0.1827293 0.4580405 0.0000000 0.2984638 0.3949892 0.3778342 0.4455530 0.4270979 0.1995911 0.2997346 0.4043436 0.3125540 
Neam       0.2875135 0.2613459 0.4136484 0.2984638 0.0000000 0.3855019 0.3348632 0.4068540 0.3775158 0.2903123 0.0111713 0.3581870 0.2414033 
RuprSFB    0.4042289 0.4020692 0.3738145 0.3949892 0.3855019 0.0000000 0.3977444 0.3879960 0.4101944 0.4387968 0.3875826 0.4573456 0.3468384 
Retr       0.3798536 0.3529295 0.4590436 0.3778342 0.3348632 0.3977444 0.0000000 0.4084745 0.4288553 0.4009762 0.3419977 0.2095637 0.3102944 
Beta       0.4229069 0.4188542 0.4569808 0.4455530 0.4068540 0.3879960 0.4084745 0.0000000 0.1444383 0.4363670 0.4070169 0.4974417 0.3610978 
Spol       0.4118658 0.4153249 0.4870135 0.4270979 0.3775158 0.4101944 0.4288553 0.1444383 0.0000000 0.4168230 0.3736519 0.5027280 0.3482413 
MJM1652    0.3661093 0.1426682 0.4782721 0.1995911 0.2903123 0.4387968 0.4009762 0.4363670 0.4168230 0.0000000 0.2915640 0.4109197 0.3145486 
NepSFB     0.2804613 0.2590827 0.4177968 0.2997346 0.0111713 0.3875826 0.3419977 0.4070169 0.3736519 0.2915640 0.0000000 0.3649896 0.2426079 
WPYJ       0.4098339 0.3903155 0.5044187 0.4043436 0.3581870 0.4573456 0.2095637 0.4974417 0.5027280 0.4109197 0.3649896 0.0000000 0.3646437 
MJM2940    0.2017891 0.2699706 0.3998857 0.3125540 0.2414033 0.3468384 0.3102944 0.3610978 0.3482413 0.3145486 0.2426079 0.3646437 0.0000000 
