13
DrolusSFB  0.0000000 0.3086588 0.4409213 0.3804925 0.2513824 0.3051489 0.3481526 0.3492846 0.3875038 0.3359389 0.2541541 0.4532407 0.1917251 
Dino       0.3086588 0.0000000 0.4305470 0.2090611 0.2571500 0.3883843 0.3970221 0.4288160 0.4611933 0.1252326 0.2508557 0.5292662 0.2691956 
MJM3360    0.4409213 0.4305470 0.0000000 0.5038156 0.4002112 0.3785414 0.3795846 0.4334585 0.4336844 0.4741445 0.4013757 0.4689995 0.3816318 
DrobinSFB  0.3804925 0.2090611 0.5038156 0.0000000 0.3217616 0.4683194 0.4565741 0.5065538 0.5518774 0.2327962 0.3226925 0.5766113 0.3241389 
Neam       0.2513824 0.2571500 0.4002112 0.3217616 0.0000000 0.3050890 0.3504971 0.3530332 0.3800890 0.2771654 0.0066643 0.4672753 0.1866458 
RuprSFB    0.3051489 0.3883843 0.3785414 0.4683194 0.3050890 0.0000000 0.3647669 0.3654190 0.4050940 0.4343122 0.3042769 0.5013246 0.2895714 
Retr       0.3481526 0.3970221 0.3795846 0.4565741 0.3504971 0.3647669 0.0000000 0.3810555 0.4072844 0.4480922 0.3515197 0.2656915 0.3104378 
Beta       0.3492846 0.4288160 0.4334585 0.5065538 0.3530332 0.3654190 0.3810555 0.0000000 0.1523487 0.4522693 0.3504651 0.4481624 0.3350513 
Spol       0.3875038 0.4611933 0.4336844 0.5518774 0.3800890 0.4050940 0.4072844 0.1523487 0.0000000 0.4888780 0.3830953 0.4992564 0.3504480 
MJM1652    0.3359389 0.1252326 0.4741445 0.2327962 0.2771654 0.4343122 0.4480922 0.4522693 0.4888780 0.0000000 0.2727680 0.5849659 0.3211511 
NepSFB     0.2541541 0.2508557 0.4013757 0.3226925 0.0066643 0.3042769 0.3515197 0.3504651 0.3830953 0.2727680 0.0000000 0.4723902 0.1889183 
WPYJ       0.4532407 0.5292662 0.4689995 0.5766113 0.4672753 0.5013246 0.2656915 0.4481624 0.4992564 0.5849659 0.4723902 0.0000000 0.4636620 
MJM2940    0.1917251 0.2691956 0.3816318 0.3241389 0.1866458 0.2895714 0.3104378 0.3350513 0.3504480 0.3211511 0.1889183 0.4636620 0.0000000 
