13
DrolusSFB  0.0000000 0.2624266 0.3575511 0.2824760 0.2337114 0.3678446 0.3083844 0.3683294 0.3633135 0.2932363 0.2388753 0.3300042 0.1817768 
Dino       0.2624266 0.0000000 0.3748763 0.1352415 0.2350074 0.3378940 0.3566500 0.3821953 0.3863252 0.1118147 0.2382786 0.3514766 0.2365404 
MJM3360    0.3575511 0.3748763 0.0000000 0.4565705 0.3417886 0.2436287 0.4160574 0.4349493 0.4480285 0.3734896 0.3463098 0.4036706 0.3656163 
DrobinSFB  0.2824760 0.1352415 0.4565705 0.0000000 0.2643366 0.3941537 0.4411024 0.4024804 0.4045293 0.1649279 0.2714005 0.4025686 0.2653715 
Neam       0.2337114 0.2350074 0.3417886 0.2643366 0.0000000 0.3193608 0.2921114 0.3558789 0.3664893 0.2568329 0.0107994 0.3099328 0.2152084 
RuprSFB    0.3678446 0.3378940 0.2436287 0.3941537 0.3193608 0.0000000 0.3485743 0.3944688 0.4307690 0.3388308 0.3313567 0.3549972 0.3445754 
Retr       0.3083844 0.3566500 0.4160574 0.4411024 0.2921114 0.3485743 0.0000000 0.3806671 0.4093315 0.3566411 0.2973857 0.1642759 0.3148702 
Beta       0.3683294 0.3821953 0.4349493 0.4024804 0.3558789 0.3944688 0.3806671 0.0000000 0.1159969 0.4125521 0.3632744 0.3803960 0.3403333 
Spol       0.3633135 0.3863252 0.4480285 0.4045293 0.3664893 0.4307690 0.4093315 0.1159969 0.0000000 0.4201851 0.3760588 0.3986630 0.3505999 
MJM1652    0.2932363 0.1118147 0.3734896 0.1649279 0.2568329 0.3388308 0.3566411 0.4125521 0.4201851 0.0000000 0.2633341 0.3387893 0.2651169 
NepSFB     0.2388753 0.2382786 0.3463098 0.2714005 0.0107994 0.3313567 0.2973857 0.3632744 0.3760588 0.2633341 0.0000000 0.3247689 0.2180885 
WPYJ       0.3300042 0.3514766 0.4036706 0.4025686 0.3099328 0.3549972 0.1642759 0.3803960 0.3986630 0.3387893 0.3247689 0.0000000 0.3295480 
MJM2940    0.1817768 0.2365404 0.3656163 0.2653715 0.2152084 0.3445754 0.3148702 0.3403333 0.3505999 0.2651169 0.2180885 0.3295480 0.0000000 
