13
DrolusSFB  0.0000000 0.3257478 0.4279986 0.3305954 0.2906815 0.3471289 0.3560750 0.3933646 0.4429953 0.3790361 0.2952962 0.4402179 0.2013910 
Dino       0.3257478 0.0000000 0.4967496 0.2191026 0.2450614 0.3894044 0.2273333 0.3732869 0.4488904 0.1417178 0.2402418 0.4245622 0.2790976 
MJM3360    0.4279986 0.4967496 0.0000000 0.4705296 0.4145417 0.3288772 0.4367020 0.4150287 0.4541249 0.4615845 0.4340931 0.4877945 0.4106575 
DrobinSFB  0.3305954 0.2191026 0.4705296 0.0000000 0.2990570 0.4248347 0.3445369 0.4172959 0.4683494 0.2587134 0.3001895 0.4367223 0.3060256 
Neam       0.2906815 0.2450614 0.4145417 0.2990570 0.0000000 0.3412839 0.3162326 0.4010857 0.4391911 0.3373077 0.0167341 0.4207531 0.2406909 
RuprSFB    0.3471289 0.3894044 0.3288772 0.4248347 0.3412839 0.0000000 0.3704447 0.3792047 0.4242679 0.4714668 0.3510282 0.4180871 0.3489609 
Retr       0.3560750 0.2273333 0.4367020 0.3445369 0.3162326 0.3704447 0.0000000 0.4351052 0.4653236 0.4553961 0.3283604 0.2664379 0.3441576 
Beta       0.3933646 0.3732869 0.4150287 0.4172959 0.4010857 0.3792047 0.4351052 0.0000000 0.1684915 0.4594743 0.4114612 0.4598405 0.3832254 
Spol       0.4429953 0.4488904 0.4541249 0.4683494 0.4391911 0.4242679 0.4653236 0.1684915 0.0000000 0.5038668 0.4448648 0.5196116 0.4517483 
MJM1652    0.3790361 0.1417178 0.4615845 0.2587134 0.3373077 0.4714668 0.4553961 0.4594743 0.5038668 0.0000000 0.3408295 0.5023143 0.3297349 
NepSFB     0.2952962 0.2402418 0.4340931 0.3001895 0.0167341 0.3510282 0.3283604 0.4114612 0.4448648 0.3408295 0.0000000 0.4267887 0.2424939 
WPYJ       0.4402179 0.4245622 0.4877945 0.4367223 0.4207531 0.4180871 0.2664379 0.4598405 0.5196116 0.5023143 0.4267887 0.0000000 0.4320544 
MJM2940    0.2013910 0.2790976 0.4106575 0.3060256 0.2406909 0.3489609 0.3441576 0.3832254 0.4517483 0.3297349 0.2424939 0.4320544 0.0000000 
