13
DrolusSFB  0.0000000 0.3472673 0.4333359 0.3644770 0.2654112 0.3832681 0.4175966 0.4308486 0.4346565 0.4045639 0.2719290 0.4048327 0.2261404 
Dino       0.3472673 0.0000000 0.4442098 0.2584492 0.2908227 0.4018316 0.4262673 0.4554486 0.4396791 0.1772267 0.3057423 0.4389784 0.3070149 
MJM3360    0.4333359 0.4442098 0.0000000 0.5063861 0.3989697 0.3117316 0.4433339 0.5121157 0.5128670 0.4690292 0.3964267 0.4400661 0.4223688 
DrobinSFB  0.3644770 0.2584492 0.5063861 0.0000000 0.3529409 0.4733235 0.5036113 0.5097624 0.5265144 0.3110741 0.3437842 0.4601881 0.3610690 
Neam       0.2654112 0.2908227 0.3989697 0.3529409 0.0000000 0.3097921 0.3433181 0.4095708 0.4059779 0.3451732 0.0182686 0.3763968 0.2331119 
RuprSFB    0.3832681 0.4018316 0.3117316 0.4733235 0.3097921 0.0000000 0.3826527 0.4096969 0.3954584 0.4301730 0.3276956 0.3681603 0.3293355 
Retr       0.4175966 0.4262673 0.4433339 0.5036113 0.3433181 0.3826527 0.0000000 0.4639680 0.4654369 0.4871263 0.3518299 0.2138193 0.3607043 
Beta       0.4308486 0.4554486 0.5121157 0.5097624 0.4095708 0.4096969 0.4639680 0.0000000 0.1638171 0.5402906 0.4045024 0.4536678 0.3816048 
Spol       0.4346565 0.4396791 0.5128670 0.5265144 0.4059779 0.3954584 0.4654369 0.1638171 0.0000000 0.5574675 0.4102356 0.4559350 0.4036802 
MJM1652    0.4045639 0.1772267 0.4690292 0.3110741 0.3451732 0.4301730 0.4871263 0.5402906 0.5574675 0.0000000 0.3679786 0.5206599 0.3699593 
NepSFB     0.2719290 0.3057423 0.3964267 0.3437842 0.0182686 0.3276956 0.3518299 0.4045024 0.4102356 0.3679786 0.0000000 0.4059185 0.2401972 
WPYJ       0.4048327 0.4389784 0.4400661 0.4601881 0.3763968 0.3681603 0.2138193 0.4536678 0.4559350 0.5206599 0.4059185 0.0000000 0.3537913 
MJM2940    0.2261404 0.3070149 0.4223688 0.3610690 0.2331119 0.3293355 0.3607043 0.3816048 0.4036802 0.3699593 0.2401972 0.3537913 0.0000000 
