13
DrolusSFB  0.0000000 0.3180067 0.3999167 0.2702477 0.2753013 0.3411264 0.3422844 0.4132981 0.3952258 0.3020951 0.2828224 0.3966513 0.2106422 
Dino       0.3180067 0.0000000 0.3799594 0.1926503 0.2711340 0.3076563 0.3257623 0.4428750 0.4056411 0.1961367 0.2666829 0.3867335 0.2527972 
MJM3360    0.3999167 0.3799594 0.0000000 0.3689571 0.3282945 0.2967448 0.3441276 0.4671586 0.4263050 0.3609853 0.3357150 0.4102627 0.3465824 
DrobinSFB  0.2702477 0.1926503 0.3689571 0.0000000 0.2516270 0.2979746 0.3011825 0.3481609 0.3290204 0.1616117 0.2503009 0.3618299 0.2264014 
Neam       0.2753013 0.2711340 0.3282945 0.2516270 0.0000000 0.2882994 0.2879904 0.3696547 0.3730472 0.2585664 0.0157772 0.3562684 0.2021129 
RuprSFB    0.3411264 0.3076563 0.2967448 0.2979746 0.2882994 0.0000000 0.3035575 0.3760577 0.3610173 0.3132158 0.2938862 0.3908982 0.2841397 
Retr       0.3422844 0.3257623 0.3441276 0.3011825 0.2879904 0.3035575 0.0000000 0.3237442 0.3497220 0.2965652 0.2950536 0.2294000 0.2441954 
Beta       0.4132981 0.4428750 0.4671586 0.3481609 0.3696547 0.3760577 0.3237442 0.0000000 0.1646000 0.3805500 0.3706451 0.4335055 0.3535321 
Spol       0.3952258 0.4056411 0.4263050 0.3290204 0.3730472 0.3610173 0.3497220 0.1646000 0.0000000 0.3657477 0.3796156 0.4352672 0.3253716 
MJM1652    0.3020951 0.1961367 0.3609853 0.1616117 0.2585664 0.3132158 0.2965652 0.3805500 0.3657477 0.0000000 0.2596494 0.3773644 0.2313887 
NepSFB     0.2828224 0.2666829 0.3357150 0.2503009 0.0157772 0.2938862 0.2950536 0.3706451 0.3796156 0.2596494 0.0000000 0.3685502 0.2070147 
WPYJ       0.3966513 0.3867335 0.4102627 0.3618299 0.3562684 0.3908982 0.2294000 0.4335055 0.4352672 0.3773644 0.3685502 0.0000000 0.3237182 
MJM2940    0.2106422 0.2527972 0.3465824 0.2264014 0.2021129 0.2841397 0.2441954 0.3535321 0.3253716 0.2313887 0.2070147 0.3237182 0.0000000 
