13
DrolusSFB  0.0000000 0.2704893 0.3691611 0.3701663 0.2372988 0.3229842 0.3279093 0.4265259 0.3833164 0.2800282 0.2396194 0.3552837 0.1812203 
Dino       0.2704893 0.0000000 0.3454243 0.1846123 0.2153637 0.3125483 0.3164440 0.3845419 0.3675711 0.1251904 0.2207448 0.3577778 0.2279638 
MJM3360    0.3691611 0.3454243 0.0000000 0.3666922 0.3000370 0.2927759 0.3882668 0.4179881 0.4130144 0.3542539 0.2973531 0.3828691 0.3599057 
DrobinSFB  0.3701663 0.1846123 0.3666922 0.0000000 0.2930564 0.3540321 0.3560656 0.4578950 0.4379470 0.1980898 0.2989626 0.3706616 0.2902252 
Neam       0.2372988 0.2153637 0.3000370 0.2930564 0.0000000 0.2725071 0.3085471 0.3598568 0.3517416 0.2248208 0.0107493 0.3123017 0.1932657 
RuprSFB    0.3229842 0.3125483 0.2927759 0.3540321 0.2725071 0.0000000 0.3423867 0.3658787 0.3733131 0.3411971 0.2682219 0.3553412 0.3041684 
Retr       0.3279093 0.3164440 0.3882668 0.3560656 0.3085471 0.3423867 0.0000000 0.4082727 0.4052940 0.3503788 0.3054538 0.1932076 0.3015142 
Beta       0.4265259 0.3845419 0.4179881 0.4578950 0.3598568 0.3658787 0.4082727 0.0000000 0.1635627 0.3907043 0.3487178 0.4551079 0.3855123 
Spol       0.3833164 0.3675711 0.4130144 0.4379470 0.3517416 0.3733131 0.4052940 0.1635627 0.0000000 0.3647917 0.3417818 0.4404223 0.3669718 
MJM1652    0.2800282 0.1251904 0.3542539 0.1980898 0.2248208 0.3411971 0.3503788 0.3907043 0.3647917 0.0000000 0.2215011 0.3624759 0.2274546 
NepSFB     0.2396194 0.2207448 0.2973531 0.2989626 0.0107493 0.2682219 0.3054538 0.3487178 0.3417818 0.2215011 0.0000000 0.3131852 0.1979626 
WPYJ       0.3552837 0.3577778 0.3828691 0.3706616 0.3123017 0.3553412 0.1932076 0.4551079 0.4404223 0.3624759 0.3131852 0.0000000 0.3196161 
MJM2940    0.1812203 0.2279638 0.3599057 0.2902252 0.1932657 0.3041684 0.3015142 0.3855123 0.3669718 0.2274546 0.1979626 0.3196161 0.0000000 
