13
DrolusSFB  0.0000000 0.3886879 0.4274094 0.3894317 0.3006568 0.4190209 0.4491389 0.4697308 0.4589198 0.4250265 0.3054652 0.3977455 0.2283769 
Dino       0.3886879 0.0000000 0.4967038 0.1972547 0.3327239 0.4920759 0.4713652 0.5092671 0.5315654 0.1712848 0.3320000 0.4157786 0.3020339 
MJM3360    0.4274094 0.4967038 0.0000000 0.4582029 0.3807134 0.3141065 0.4091847 0.4552210 0.4538601 0.5077494 0.3877584 0.3851115 0.3848893 
DrobinSFB  0.3894317 0.1972547 0.4582029 0.0000000 0.3434116 0.4683184 0.4571429 0.5094526 0.5194174 0.2338823 0.3442184 0.4137947 0.3351194 
Neam       0.3006568 0.3327239 0.3807134 0.3434116 0.0000000 0.3606568 0.3653927 0.4025776 0.3954849 0.3591517 0.0217439 0.3515620 0.2242800 
RuprSFB    0.4190209 0.4920759 0.3141065 0.4683184 0.3606568 0.0000000 0.4539335 0.4554046 0.4483116 0.5215996 0.3524133 0.4162939 0.3570825 
Retr       0.4491389 0.4713652 0.4091847 0.4571429 0.3653927 0.4539335 0.0000000 0.4475203 0.4200092 0.4794538 0.3675610 0.1956990 0.3798388 
Beta       0.4697308 0.5092671 0.4552210 0.5094526 0.4025776 0.4554046 0.4475203 0.0000000 0.1204525 0.5527887 0.4033360 0.4134849 0.4087414 
Spol       0.4589198 0.5315654 0.4538601 0.5194174 0.3954849 0.4483116 0.4200092 0.1204525 0.0000000 0.5624775 0.3910829 0.4105695 0.3986465 
MJM1652    0.4250265 0.1712848 0.5077494 0.2338823 0.3591517 0.5215996 0.4794538 0.5527887 0.5624775 0.0000000 0.3587108 0.4196870 0.3346744 
NepSFB     0.3054652 0.3320000 0.3877584 0.3442184 0.0217439 0.3524133 0.3675610 0.4033360 0.3910829 0.3587108 0.0000000 0.3504318 0.2284738 
WPYJ       0.3977455 0.4157786 0.3851115 0.4137947 0.3515620 0.4162939 0.1956990 0.4134849 0.4105695 0.4196870 0.3504318 0.0000000 0.3403508 
MJM2940    0.2283769 0.3020339 0.3848893 0.3351194 0.2242800 0.3570825 0.3798388 0.4087414 0.3986465 0.3346744 0.2284738 0.3403508 0.0000000 
