13
DrolusSFB  0.0000000 0.3087400 0.3494212 0.3233905 0.2521038 0.3162058 0.3266632 0.3214286 0.3224500 0.3138416 0.2501378 0.3820516 0.1566727 
Dino       0.3087400 0.0000000 0.3722849 0.1792305 0.2568379 0.3697661 0.3184973 0.3685363 0.3594122 0.1452771 0.2537583 0.3831190 0.2339580 
MJM3360    0.3494212 0.3722849 0.0000000 0.3925193 0.2991580 0.2753464 0.3587624 0.3854225 0.3785577 0.3717622 0.2968488 0.4174997 0.3025805 
DrobinSFB  0.3233905 0.1792305 0.3925193 0.0000000 0.2927469 0.3877492 0.3432691 0.3678237 0.3692405 0.2203572 0.2940270 0.3965217 0.2739348 
Neam       0.2521038 0.2568379 0.2991580 0.2927469 0.0000000 0.2911190 0.2644493 0.3116972 0.3010729 0.2803144 0.0083588 0.3246753 0.1862167 
RuprSFB    0.3162058 0.3697661 0.2753464 0.3877492 0.2911190 0.0000000 0.3203885 0.3646502 0.3177887 0.3722023 0.2948385 0.3973001 0.2727410 
Retr       0.3266632 0.3184973 0.3587624 0.3432691 0.2644493 0.3203885 0.0000000 0.3059515 0.3162129 0.3482662 0.2668736 0.1869096 0.2455426 
Beta       0.3214286 0.3685363 0.3854225 0.3678237 0.3116972 0.3646502 0.3059515 0.0000000 0.1421718 0.3850949 0.3105909 0.3520913 0.2787871 
Spol       0.3224500 0.3594122 0.3785577 0.3692405 0.3010729 0.3177887 0.3162129 0.1421718 0.0000000 0.3715930 0.2949712 0.3861514 0.2852725 
MJM1652    0.3138416 0.1452771 0.3717622 0.2203572 0.2803144 0.3722023 0.3482662 0.3850949 0.3715930 0.0000000 0.2759316 0.4093475 0.2674503 
NepSFB     0.2501378 0.2537583 0.2968488 0.2940270 0.0083588 0.2948385 0.2668736 0.3105909 0.2949712 0.2759316 0.0000000 0.3291490 0.1856391 
WPYJ       0.3820516 0.3831190 0.4174997 0.3965217 0.3246753 0.3973001 0.1869096 0.3520913 0.3861514 0.4093475 0.3291490 0.0000000 0.3044159 
MJM2940    0.1566727 0.2339580 0.3025805 0.2739348 0.1862167 0.2727410 0.2455426 0.2787871 0.2852725 0.2674503 0.1856391 0.3044159 0.0000000 
