13
DrolusSFB  0.0000000 0.2644637 0.4116948 0.3348324 0.2695895 0.3047049 0.2985782 0.4180513 0.4763043 0.2865440 0.2566969 0.3397179 0.1549969 
Dino       0.2644637 0.0000000 0.3833047 0.1836488 0.2161997 0.2885798 0.2984180 0.3682706 0.4842962 0.1454422 0.2034446 0.3562789 0.1905367 
MJM3360    0.4116948 0.3833047 0.0000000 0.4594009 0.3847145 0.3618950 0.4165324 0.5588505 0.5610469 0.3948676 0.3647440 0.4501233 0.3591449 
DrobinSFB  0.3348324 0.1836488 0.4594009 0.0000000 0.2915394 0.3317567 0.3480289 0.4484813 0.5449712 0.1795486 0.2816296 0.4163960 0.2805084 
Neam       0.2695895 0.2161997 0.3847145 0.2915394 0.0000000 0.3089170 0.3283306 0.4092851 0.4957299 0.2463814 0.0126995 0.3592293 0.1780097 
RuprSFB    0.3047049 0.2885798 0.3618950 0.3317567 0.3089170 0.0000000 0.2842372 0.4174765 0.5015965 0.3280071 0.2979634 0.3285984 0.2326768 
Retr       0.2985782 0.2984180 0.4165324 0.3480289 0.3283306 0.2842372 0.0000000 0.3875485 0.4807550 0.3167536 0.3188860 0.1566620 0.2340657 
Beta       0.4180513 0.3682706 0.5588505 0.4484813 0.4092851 0.4174765 0.3875485 0.0000000 0.1958025 0.4061754 0.4441178 0.4740728 0.3540746 
Spol       0.4763043 0.4842962 0.5610469 0.5449712 0.4957299 0.5015965 0.4807550 0.1958025 0.0000000 0.4737463 0.5113878 0.5122770 0.4496163 
MJM1652    0.2865440 0.1454422 0.3948676 0.1795486 0.2463814 0.3280071 0.3167536 0.4061754 0.4737463 0.0000000 0.2043246 0.3622042 0.2158556 
NepSFB     0.2566969 0.2034446 0.3647440 0.2816296 0.0126995 0.2979634 0.3188860 0.4441178 0.5113878 0.2043246 0.0000000 0.3426385 0.1672335 
WPYJ       0.3397179 0.3562789 0.4501233 0.4163960 0.3592293 0.3285984 0.1566620 0.4740728 0.5122770 0.3622042 0.3426385 0.0000000 0.3018453 
MJM2940    0.1549969 0.1905367 0.3591449 0.2805084 0.1780097 0.2326768 0.2340657 0.3540746 0.4496163 0.2158556 0.1672335 0.3018453 0.0000000 
