13
DrolusSFB  0.0000000 0.3073581 0.3593890 0.3153976 0.2797130 0.3290211 0.2259441 0.3883401 0.3750130 0.3354007 0.2519293 0.3358576 0.1964283 
Dino       0.3073581 0.0000000 0.3735089 0.2441222 0.2993988 0.3711474 0.2643981 0.4193995 0.4032431 0.2581358 0.3073739 0.3230411 0.2630655 
MJM3360    0.3593890 0.3735089 0.0000000 0.3923837 0.4030683 0.3153635 0.2876506 0.3883672 0.3679088 0.4047903 0.4010664 0.3750713 0.3079865 
DrobinSFB  0.3153976 0.2441222 0.3923837 0.0000000 0.3596533 0.3778037 0.3059173 0.4244933 0.4260863 0.2776690 0.3567685 0.3703005 0.2733629 
Neam       0.2797130 0.2993988 0.4030683 0.3596533 0.0000000 0.3283099 0.2346953 0.3814108 0.3915703 0.3327594 0.1208315 0.3344942 0.2210760 
RuprSFB    0.3290211 0.3711474 0.3153635 0.3778037 0.3283099 0.0000000 0.2796717 0.3093980 0.3124525 0.3938816 0.3516063 0.2830980 0.2885422 
Retr       0.2259441 0.2643981 0.2876506 0.3059173 0.2346953 0.2796717 0.0000000 0.2577543 0.2639311 0.3132563 0.2618367 0.1625318 0.2284555 
Beta       0.3883401 0.4193995 0.3883672 0.4244933 0.3814108 0.3093980 0.2577543 0.0000000 0.1226637 0.4248470 0.3725624 0.3431056 0.3216437 
Spol       0.3750130 0.4032431 0.3679088 0.4260863 0.3915703 0.3124525 0.2639311 0.1226637 0.0000000 0.4423472 0.3749100 0.3435256 0.3309053 
MJM1652    0.3354007 0.2581358 0.4047903 0.2776690 0.3327594 0.3938816 0.3132563 0.4248470 0.4423472 0.0000000 0.3255900 0.3893620 0.2854779 
NepSFB     0.2519293 0.3073739 0.4010664 0.3567685 0.1208315 0.3516063 0.2618367 0.3725624 0.3749100 0.3255900 0.0000000 0.3580383 0.2200950 
WPYJ       0.3358576 0.3230411 0.3750713 0.3703005 0.3344942 0.2830980 0.1625318 0.3431056 0.3435256 0.3893620 0.3580383 0.0000000 0.2899703 
MJM2940    0.1964283 0.2630655 0.3079865 0.2733629 0.2210760 0.2885422 0.2284555 0.3216437 0.3309053 0.2854779 0.2200950 0.2899703 0.0000000 
