13
DrolusSFB  0.0000000 0.2784671 0.3333675 0.2765435 0.2753298 0.3418607 0.3517844 0.3602678 0.3707343 0.3171987 0.2712830 0.3928860 0.1826693 
Dino       0.2784671 0.0000000 0.3229365 0.1707734 0.2423268 0.2954820 0.3343844 0.3307222 0.3728481 0.1181636 0.2410205 0.3812536 0.2245324 
MJM3360    0.3333675 0.3229365 0.0000000 0.3125362 0.3218326 0.2723695 0.3599552 0.3810707 0.3501543 0.3367322 0.3199278 0.3321238 0.2673995 
DrobinSFB  0.2765435 0.1707734 0.3125362 0.0000000 0.2365795 0.2538466 0.2994629 0.3139508 0.3267697 0.1831635 0.2335709 0.2849040 0.2038469 
Neam       0.2753298 0.2423268 0.3218326 0.2365795 0.0000000 0.3083537 0.3066731 0.3256119 0.3464723 0.2564676 0.0042470 0.3463703 0.2006347 
RuprSFB    0.3418607 0.2954820 0.2723695 0.2538466 0.3083537 0.0000000 0.3505316 0.3589672 0.3420525 0.3237460 0.3068071 0.3954246 0.2560148 
Retr       0.3517844 0.3343844 0.3599552 0.2994629 0.3066731 0.3505316 0.0000000 0.3700443 0.4384907 0.3724891 0.3021988 0.2033755 0.2883232 
Beta       0.3602678 0.3307222 0.3810707 0.3139508 0.3256119 0.3589672 0.3700443 0.0000000 0.1414045 0.3508869 0.3240318 0.4826338 0.3110569 
Spol       0.3707343 0.3728481 0.3501543 0.3267697 0.3464723 0.3420525 0.4384907 0.1414045 0.0000000 0.3899102 0.3449391 0.4974532 0.3346781 
MJM1652    0.3171987 0.1181636 0.3367322 0.1831635 0.2564676 0.3237460 0.3724891 0.3508869 0.3899102 0.0000000 0.2576760 0.4047085 0.2409470 
NepSFB     0.2712830 0.2410205 0.3199278 0.2335709 0.0042470 0.3068071 0.3021988 0.3240318 0.3449391 0.2576760 0.0000000 0.3435000 0.1971260 
WPYJ       0.3928860 0.3812536 0.3321238 0.2849040 0.3463703 0.3954246 0.2033755 0.4826338 0.4974532 0.4047085 0.3435000 0.0000000 0.3486709 
MJM2940    0.1826693 0.2245324 0.2673995 0.2038469 0.2006347 0.2560148 0.2883232 0.3110569 0.3346781 0.2409470 0.1971260 0.3486709 0.0000000 
