13
DrolusSFB  0.0000000 0.2511962 0.4062963 0.3588083 0.2562415 0.3491221 0.2949268 0.3887978 0.3455162 0.3448350 0.2660060 0.3012815 0.1796112 
Dino       0.2511962 0.0000000 0.3694339 0.2006509 0.1958289 0.3363871 0.2281870 0.3226278 0.3209677 0.1438593 0.2022020 0.2636972 0.2025574 
MJM3360    0.4062963 0.3694339 0.0000000 0.4501033 0.3391189 0.3945363 0.3379546 0.4233717 0.4687231 0.4217756 0.3492503 0.4104154 0.3610559 
DrobinSFB  0.3588083 0.2006509 0.4501033 0.0000000 0.3053813 0.4091230 0.3206861 0.4200430 0.4126530 0.2885417 0.3078024 0.3651803 0.3140481 
Neam       0.2562415 0.1958289 0.3391189 0.3053813 0.0000000 0.3022220 0.1973058 0.3239980 0.3369820 0.2923605 0.0144617 0.2659973 0.1769509 
RuprSFB    0.3491221 0.3363871 0.3945363 0.4091230 0.3022220 0.0000000 0.2499064 0.3957552 0.4506018 0.4143637 0.3177502 0.3129416 0.2872590 
Retr       0.2949268 0.2281870 0.3379546 0.3206861 0.1973058 0.2499064 0.0000000 0.3088028 0.3421753 0.3168845 0.1980310 0.1836357 0.2489800 
Beta       0.3887978 0.3226278 0.4233717 0.4200430 0.3239980 0.3957552 0.3088028 0.0000000 0.1369657 0.3950017 0.3228334 0.3608859 0.3429632 
Spol       0.3455162 0.3209677 0.4687231 0.4126530 0.3369820 0.4506018 0.3421753 0.1369657 0.0000000 0.4207917 0.3379300 0.4146962 0.3277859 
MJM1652    0.3448350 0.1438593 0.4217756 0.2885417 0.2923605 0.4143637 0.3168845 0.3950017 0.4207917 0.0000000 0.2930194 0.3526114 0.2813880 
NepSFB     0.2660060 0.2022020 0.3492503 0.3078024 0.0144617 0.3177502 0.1980310 0.3228334 0.3379300 0.2930194 0.0000000 0.2810610 0.1740870 
WPYJ       0.3012815 0.2636972 0.4104154 0.3651803 0.2659973 0.3129416 0.1836357 0.3608859 0.4146962 0.3526114 0.2810610 0.0000000 0.2333247 
MJM2940    0.1796112 0.2025574 0.3610559 0.3140481 0.1769509 0.2872590 0.2489800 0.3429632 0.3277859 0.2813880 0.1740870 0.2333247 0.0000000 
