13
DrolusSFB  0.0000000 0.2436394 0.2761908 0.2781281 0.2673960 0.2135722 0.2362439 0.3237677 0.3478802 0.2589724 0.2737551 0.2551249 0.1493402 
Dino       0.2436394 0.0000000 0.2860242 0.1448879 0.2545961 0.2514297 0.2409246 0.3612405 0.4012762 0.1092679 0.2496017 0.2453095 0.2031759 
MJM3360    0.2761908 0.2860242 0.0000000 0.3056949 0.2624192 0.2274477 0.2393066 0.3734663 0.3421830 0.2620590 0.2690455 0.2624680 0.2498730 
DrobinSFB  0.2781281 0.1448879 0.3056949 0.0000000 0.3283641 0.2771404 0.2893923 0.3754155 0.4054417 0.1620939 0.3151949 0.3052695 0.2625133 
Neam       0.2673960 0.2545961 0.2624192 0.3283641 0.0000000 0.2287823 0.2242487 0.3416962 0.3590861 0.2720904 0.0147204 0.2331890 0.2131147 
RuprSFB    0.2135722 0.2514297 0.2274477 0.2771404 0.2287823 0.0000000 0.2288146 0.3264300 0.3420343 0.2625961 0.2312588 0.2359872 0.2007178 
Retr       0.2362439 0.2409246 0.2393066 0.2893923 0.2242487 0.2288146 0.0000000 0.2950853 0.3094895 0.2387701 0.2270817 0.1182863 0.2106295 
Beta       0.3237677 0.3612405 0.3734663 0.3754155 0.3416962 0.3264300 0.2950853 0.0000000 0.1561327 0.3320054 0.3642367 0.3022288 0.3284238 
Spol       0.3478802 0.4012762 0.3421830 0.4054417 0.3590861 0.3420343 0.3094895 0.1561327 0.0000000 0.3605082 0.3766104 0.3299226 0.3602309 
MJM1652    0.2589724 0.1092679 0.2620590 0.1620939 0.2720904 0.2625961 0.2387701 0.3320054 0.3605082 0.0000000 0.2739571 0.2703053 0.2179323 
NepSFB     0.2737551 0.2496017 0.2690455 0.3151949 0.0147204 0.2312588 0.2270817 0.3642367 0.3766104 0.2739571 0.0000000 0.2404977 0.2217330 
WPYJ       0.2551249 0.2453095 0.2624680 0.3052695 0.2331890 0.2359872 0.1182863 0.3022288 0.3299226 0.2703053 0.2404977 0.0000000 0.2184415 
MJM2940    0.1493402 0.2031759 0.2498730 0.2625133 0.2131147 0.2007178 0.2106295 0.3284238 0.3602309 0.2179323 0.2217330 0.2184415 0.0000000 
