13
DrolusSFB  0.0000000 0.3408123 0.4650880 0.3872094 0.2632863 0.3635248 0.3197251 0.3602344 0.3326275 0.3786048 0.2588039 0.4121154 0.2086585 
Dino       0.3408123 0.0000000 0.4370216 0.1513715 0.1991694 0.3599153 0.2845067 0.3540092 0.3330436 0.1157187 0.1993593 0.3626663 0.2539752 
MJM3360    0.4650880 0.4370216 0.0000000 0.4829058 0.3863695 0.3934319 0.3692388 0.4640355 0.4790663 0.4142333 0.3965698 0.5176094 0.3635892 
DrobinSFB  0.3872094 0.1513715 0.4829058 0.0000000 0.2789467 0.4400784 0.3352076 0.3922066 0.3798237 0.2015363 0.2693714 0.4163299 0.3228556 
Neam       0.2632863 0.1991694 0.3863695 0.2789467 0.0000000 0.3105210 0.2007574 0.2994490 0.3193718 0.2302771 0.0130602 0.2988484 0.1818830 
RuprSFB    0.3635248 0.3599153 0.3934319 0.4400784 0.3105210 0.0000000 0.3672735 0.4204120 0.4279325 0.3541867 0.3162114 0.3911654 0.3060294 
Retr       0.3197251 0.2845067 0.3692388 0.3352076 0.2007574 0.3672735 0.0000000 0.3544550 0.3863673 0.3529451 0.2011755 0.2126332 0.2991533 
Beta       0.3602344 0.3540092 0.4640355 0.3922066 0.2994490 0.4204120 0.3544550 0.0000000 0.1208288 0.3411063 0.2974301 0.3886914 0.3141745 
Spol       0.3326275 0.3330436 0.4790663 0.3798237 0.3193718 0.4279325 0.3863673 0.1208288 0.0000000 0.3478381 0.3226447 0.4349652 0.3175039 
MJM1652    0.3786048 0.1157187 0.4142333 0.2015363 0.2302771 0.3541867 0.3529451 0.3411063 0.3478381 0.0000000 0.2304988 0.3915928 0.2953690 
NepSFB     0.2588039 0.1993593 0.3965698 0.2693714 0.0130602 0.3162114 0.2011755 0.2974301 0.3226447 0.2304988 0.0000000 0.3048001 0.1778571 
WPYJ       0.4121154 0.3626663 0.5176094 0.4163299 0.2988484 0.3911654 0.2126332 0.3886914 0.4349652 0.3915928 0.3048001 0.0000000 0.3897795 
MJM2940    0.2086585 0.2539752 0.3635892 0.3228556 0.1818830 0.3060294 0.2991533 0.3141745 0.3175039 0.2953690 0.1778571 0.3897795 0.0000000 
