13
DrolusSFB  0.0000000 0.2899075 0.3367637 0.3047742 0.2552367 0.3437492 0.2989787 0.3149202 0.3453362 0.3178816 0.2629210 0.3659788 0.1904219 
Dino       0.2899075 0.0000000 0.3946364 0.1638498 0.2332516 0.3292989 0.3292657 0.2925952 0.3197202 0.1387672 0.2467630 0.3282959 0.2835281 
MJM3360    0.3367637 0.3946364 0.0000000 0.3968940 0.3316998 0.2594871 0.3017892 0.3357265 0.3796647 0.3613731 0.3320140 0.3808155 0.3079003 
DrobinSFB  0.3047742 0.1638498 0.3968940 0.0000000 0.2779107 0.4091873 0.3598669 0.3889020 0.4246129 0.1812238 0.2876341 0.3794828 0.2986914 
Neam       0.2552367 0.2332516 0.3316998 0.2779107 0.0000000 0.3384004 0.2807399 0.3410247 0.3567723 0.2734774 0.0076066 0.3303123 0.2544134 
RuprSFB    0.3437492 0.3292989 0.2594871 0.4091873 0.3384004 0.0000000 0.2932410 0.3782890 0.3809693 0.3337476 0.3442782 0.3606652 0.3388756 
Retr       0.2989787 0.3292657 0.3017892 0.3598669 0.2807399 0.2932410 0.0000000 0.3637559 0.3470878 0.3606724 0.2836564 0.1552941 0.3254135 
Beta       0.3149202 0.2925952 0.3357265 0.3889020 0.3410247 0.3782890 0.3637559 0.0000000 0.1432573 0.3667509 0.3394403 0.4403170 0.3384633 
Spol       0.3453362 0.3197202 0.3796647 0.4246129 0.3567723 0.3809693 0.3470878 0.1432573 0.0000000 0.3916125 0.3550632 0.4225371 0.3525977 
MJM1652    0.3178816 0.1387672 0.3613731 0.1812238 0.2734774 0.3337476 0.3606724 0.3667509 0.3916125 0.0000000 0.2822350 0.3477302 0.2950669 
NepSFB     0.2629210 0.2467630 0.3320140 0.2876341 0.0076066 0.3442782 0.2836564 0.3394403 0.3550632 0.2822350 0.0000000 0.3359446 0.2555822 
WPYJ       0.3659788 0.3282959 0.3808155 0.3794828 0.3303123 0.3606652 0.1552941 0.4403170 0.4225371 0.3477302 0.3359446 0.0000000 0.3073628 
MJM2940    0.1904219 0.2835281 0.3079003 0.2986914 0.2544134 0.3388756 0.3254135 0.3384633 0.3525977 0.2950669 0.2555822 0.3073628 0.0000000 
