13
DrolusSFB  0.0000000 0.2317296 0.2710806 0.2776939 0.2081410 0.2736606 0.2500539 0.2780171 0.2858883 0.2467834 0.2103568 0.2762282 0.1308738 
Dino       0.2317296 0.0000000 0.2942070 0.1424668 0.1919726 0.2682254 0.2458148 0.2711414 0.2768484 0.1049652 0.1924318 0.2560696 0.2027378 
MJM3360    0.2710806 0.2942070 0.0000000 0.3291526 0.2787010 0.2383663 0.2715470 0.2800978 0.3036885 0.3120912 0.2808267 0.2738759 0.2532359 
DrobinSFB  0.2776939 0.1424668 0.3291526 0.0000000 0.2300724 0.3070626 0.2909125 0.3143962 0.3413079 0.1601460 0.2286174 0.3191192 0.2439949 
Neam       0.2081410 0.1919726 0.2787010 0.2300724 0.0000000 0.2342587 0.2388893 0.2506570 0.2769613 0.2075612 0.0059202 0.2554980 0.1631622 
RuprSFB    0.2736606 0.2682254 0.2383663 0.3070626 0.2342587 0.0000000 0.2647854 0.2837669 0.2917192 0.2928245 0.2405047 0.2909313 0.2462731 
Retr       0.2500539 0.2458148 0.2715470 0.2909125 0.2388893 0.2647854 0.0000000 0.2414959 0.2626450 0.2691999 0.2383195 0.1261579 0.2243566 
Beta       0.2780171 0.2711414 0.2800978 0.3143962 0.2506570 0.2837669 0.2414959 0.0000000 0.0960209 0.2823816 0.2510767 0.2693600 0.2587345 
Spol       0.2858883 0.2768484 0.3036885 0.3413079 0.2769613 0.2917192 0.2626450 0.0960209 0.0000000 0.2911175 0.2791900 0.2843480 0.2759417 
MJM1652    0.2467834 0.1049652 0.3120912 0.1601460 0.2075612 0.2928245 0.2691999 0.2823816 0.2911175 0.0000000 0.2075673 0.2783150 0.2281761 
NepSFB     0.2103568 0.1924318 0.2808267 0.2286174 0.0059202 0.2405047 0.2383195 0.2510767 0.2791900 0.2075673 0.0000000 0.2572099 0.1673990 
WPYJ       0.2762282 0.2560696 0.2738759 0.3191192 0.2554980 0.2909313 0.1261579 0.2693600 0.2843480 0.2783150 0.2572099 0.0000000 0.2620546 
MJM2940    0.1308738 0.2027378 0.2532359 0.2439949 0.1631622 0.2462731 0.2243566 0.2587345 0.2759417 0.2281761 0.1673990 0.2620546 0.0000000 
