13
DrolusSFB  0.0000000 0.2822284 0.4139177 0.3473315 0.2160091 0.3571785 0.2788525 0.3938596 0.3366376 0.3202696 0.2251736 0.2953522 0.1828654 
Dino       0.2822284 0.0000000 0.3202608 0.2071652 0.2302080 0.3155375 0.2455522 0.3684745 0.3148093 0.1439975 0.2333076 0.2387109 0.2304659 
MJM3360    0.4139177 0.3202608 0.0000000 0.3994568 0.3409579 0.3657382 0.3395541 0.4475744 0.3972643 0.4011941 0.3370926 0.3040553 0.3681728 
DrobinSFB  0.3473315 0.2071652 0.3994568 0.0000000 0.2646937 0.3167103 0.3615984 0.4490149 0.3465111 0.2155135 0.2753767 0.2859345 0.3102402 
Neam       0.2160091 0.2302080 0.3409579 0.2646937 0.0000000 0.2915280 0.2981213 0.3220523 0.2912806 0.2715813 0.0130850 0.2772711 0.1860062 
RuprSFB    0.3571785 0.3155375 0.3657382 0.3167103 0.2915280 0.0000000 0.2537541 0.3798387 0.3204657 0.3442448 0.2924753 0.3104761 0.2958770 
Retr       0.2788525 0.2455522 0.3395541 0.3615984 0.2981213 0.2537541 0.0000000 0.3464201 0.5181182 0.3427521 0.2950497 0.1306727 0.2833317 
Beta       0.3938596 0.3684745 0.4475744 0.4490149 0.3220523 0.3798387 0.3464201 0.0000000 0.1389854 0.3931791 0.3194442 0.3001984 0.3135994 
Spol       0.3366376 0.3148093 0.3972643 0.3465111 0.2912806 0.3204657 0.5181182 0.1389854 0.0000000 0.3474548 0.2933548 0.3134527 0.2927343 
MJM1652    0.3202696 0.1439975 0.4011941 0.2155135 0.2715813 0.3442448 0.3427521 0.3931791 0.3474548 0.0000000 0.2746332 0.2618649 0.2804217 
NepSFB     0.2251736 0.2333076 0.3370926 0.2753767 0.0130850 0.2924753 0.2950497 0.3194442 0.2933548 0.2746332 0.0000000 0.2654876 0.1906393 
WPYJ       0.2953522 0.2387109 0.3040553 0.2859345 0.2772711 0.3104761 0.1306727 0.3001984 0.3134527 0.2618649 0.2654876 0.0000000 0.2390169 
MJM2940    0.1828654 0.2304659 0.3681728 0.3102402 0.1860062 0.2958770 0.2833317 0.3135994 0.2927343 0.2804217 0.1906393 0.2390169 0.0000000 
