13
DrolusSFB  0.0000000 0.3661701 0.4468541 0.3545584 0.2935422 0.3887125 0.3926829 0.4614441 0.4935982 0.3654062 0.2980477 0.3860067 0.2036744 
Dino       0.3661701 0.0000000 0.4689357 0.2099537 0.2833740 0.4631133 0.3893980 0.4555728 0.4838723 0.1794293 0.2863932 0.4116768 0.2780852 
MJM3360    0.4468541 0.4689357 0.0000000 0.4712948 0.4231386 0.3861728 0.4391020 0.4700751 0.5010539 0.4513833 0.4232428 0.4475015 0.3991596 
DrobinSFB  0.3545584 0.2099537 0.4712948 0.0000000 0.2942039 0.4488275 0.3971469 0.4676589 0.4668254 0.2329901 0.2986360 0.4154766 0.2969806 
Neam       0.2935422 0.2833740 0.4231386 0.2942039 0.0000000 0.3770821 0.3357847 0.4259755 0.4551890 0.3151056 0.0074992 0.3748069 0.2019674 
RuprSFB    0.3887125 0.4631133 0.3861728 0.4488275 0.3770821 0.0000000 0.3545704 0.5019703 0.5238481 0.4427675 0.3815207 0.3950379 0.3550189 
Retr       0.3926829 0.3893980 0.4391020 0.3971469 0.3357847 0.3545704 0.0000000 0.4169777 0.4407994 0.3950184 0.3372436 0.2132072 0.3166773 
Beta       0.4614441 0.4555728 0.4700751 0.4676589 0.4259755 0.5019703 0.4169777 0.0000000 0.1632329 0.4530512 0.4305217 0.4450315 0.3773067 
Spol       0.4935982 0.4838723 0.5010539 0.4668254 0.4551890 0.5238481 0.4407994 0.1632329 0.0000000 0.4610244 0.4644817 0.4941841 0.4165538 
MJM1652    0.3654062 0.1794293 0.4513833 0.2329901 0.3151056 0.4427675 0.3950184 0.4530512 0.4610244 0.0000000 0.3201222 0.4344047 0.3015319 
NepSFB     0.2980477 0.2863932 0.4232428 0.2986360 0.0074992 0.3815207 0.3372436 0.4305217 0.4644817 0.3201222 0.0000000 0.3766925 0.2090594 
WPYJ       0.3860067 0.4116768 0.4475015 0.4154766 0.3748069 0.3950379 0.2132072 0.4450315 0.4941841 0.4344047 0.3766925 0.0000000 0.3479196 
MJM2940    0.2036744 0.2780852 0.3991596 0.2969806 0.2019674 0.3550189 0.3166773 0.3773067 0.4165538 0.3015319 0.2090594 0.3479196 0.0000000 
