13
DrolusSFB  0.0000000 0.3560895 0.3633397 0.3763699 0.2654773 0.3617564 0.3926404 0.4343911 0.4267140 0.3855125 0.2457954 0.5405108 0.1974564 
Dino       0.3560895 0.0000000 0.4493471 0.2123559 0.3092382 0.3969226 0.4654642 0.4412205 0.4110160 0.1559837 0.2530896 0.5587809 0.3493528 
MJM3360    0.3633397 0.4493471 0.0000000 0.4104891 0.3888063 0.3688602 0.4182067 0.4343205 0.4444481 0.4401001 0.3796391 0.5316293 0.3362460 
DrobinSFB  0.3763699 0.2123559 0.4104891 0.0000000 0.3367223 0.3974366 0.5297626 0.4902052 0.5097702 0.2371184 0.2848184 0.6829883 0.3740628 
Neam       0.2654773 0.3092382 0.3888063 0.3367223 0.0000000 0.3179277 0.4263330 0.3908720 0.3541724 0.3403705 0.0153056 0.5050524 0.2183955 
RuprSFB    0.3617564 0.3969226 0.3688602 0.3974366 0.3179277 0.0000000 0.4138439 0.3798750 0.3622653 0.4193203 0.3114356 0.5049804 0.3382292 
Retr       0.3926404 0.4654642 0.4182067 0.5297626 0.4263330 0.4138439 0.0000000 0.5401514 0.5217343 0.5077026 0.3420291 0.2657319 0.3803513 
Beta       0.4343911 0.4412205 0.4343205 0.4902052 0.3908720 0.3798750 0.5401514 0.0000000 0.1664112 0.4607610 0.3162657 0.6489168 0.3910779 
Spol       0.4267140 0.4110160 0.4444481 0.5097702 0.3541724 0.3622653 0.5217343 0.1664112 0.0000000 0.4341317 0.2720894 0.5998105 0.3838974 
MJM1652    0.3855125 0.1559837 0.4401001 0.2371184 0.3403705 0.4193203 0.5077026 0.4607610 0.4341317 0.0000000 0.2663202 0.6134473 0.3623426 
NepSFB     0.2457954 0.2530896 0.3796391 0.2848184 0.0153056 0.3114356 0.3420291 0.3162657 0.2720894 0.2663202 0.0000000 0.4149053 0.2082613 
WPYJ       0.5405108 0.5587809 0.5316293 0.6829883 0.5050524 0.5049804 0.2657319 0.6489168 0.5998105 0.6134473 0.4149053 0.0000000 0.5089586 
MJM2940    0.1974564 0.3493528 0.3362460 0.3740628 0.2183955 0.3382292 0.3803513 0.3910779 0.3838974 0.3623426 0.2082613 0.5089586 0.0000000 
