13
DrolusSFB  0.0000000 0.3278626 0.3694061 0.3562055 0.2533376 0.3719019 0.3584822 0.3958772 0.3774003 0.4018012 0.2547400 0.3769234 0.1885619 
Dino       0.3278626 0.0000000 0.3891250 0.2223858 0.2676857 0.3854010 0.3512759 0.3890108 0.3934277 0.2109883 0.2662403 0.4006737 0.2786370 
MJM3360    0.3694061 0.3891250 0.0000000 0.3806218 0.3221760 0.3260624 0.3450958 0.3725052 0.3721431 0.4144461 0.3249673 0.4056820 0.3500238 
DrobinSFB  0.3562055 0.2223858 0.3806218 0.0000000 0.3067519 0.4207098 0.3768413 0.4181597 0.4234499 0.3075813 0.3071053 0.4505296 0.3137342 
Neam       0.2533376 0.2676857 0.3221760 0.3067519 0.0000000 0.3217433 0.2866029 0.3393842 0.3406657 0.3336014 0.0095308 0.3346054 0.1782840 
RuprSFB    0.3719019 0.3854010 0.3260624 0.4207098 0.3217433 0.0000000 0.4120265 0.3967280 0.3829666 0.4611997 0.3222668 0.4560037 0.3234730 
Retr       0.3584822 0.3512759 0.3450958 0.3768413 0.2866029 0.4120265 0.0000000 0.3903357 0.3655298 0.4368614 0.2916125 0.1999746 0.2998649 
Beta       0.3958772 0.3890108 0.3725052 0.4181597 0.3393842 0.3967280 0.3903357 0.0000000 0.1041200 0.4499829 0.3445799 0.4351667 0.3211252 
Spol       0.3774003 0.3934277 0.3721431 0.4234499 0.3406657 0.3829666 0.3655298 0.1041200 0.0000000 0.4766482 0.3461754 0.3979078 0.3253551 
MJM1652    0.4018012 0.2109883 0.4144461 0.3075813 0.3336014 0.4611997 0.4368614 0.4499829 0.4766482 0.0000000 0.3411804 0.4961248 0.3538623 
NepSFB     0.2547400 0.2662403 0.3249673 0.3071053 0.0095308 0.3222668 0.2916125 0.3445799 0.3461754 0.3411804 0.0000000 0.3393967 0.1802307 
WPYJ       0.3769234 0.4006737 0.4056820 0.4505296 0.3346054 0.4560037 0.1999746 0.4351667 0.3979078 0.4961248 0.3393967 0.0000000 0.3479403 
MJM2940    0.1885619 0.2786370 0.3500238 0.3137342 0.1782840 0.3234730 0.2998649 0.3211252 0.3253551 0.3538623 0.1802307 0.3479403 0.0000000 
