13
DrolusSFB  0.0000000 0.3382852 0.3752363 0.3690436 0.2947516 0.3955908 0.4022007 0.4465519 0.4200090 0.3675977 0.2969678 0.4442295 0.1951322 
Dino       0.3382852 0.0000000 0.4024234 0.1642656 0.2759780 0.3890189 0.4207515 0.3844027 0.3961037 0.1675437 0.2796430 0.4580545 0.3052988 
MJM3360    0.3752363 0.4024234 0.0000000 0.4310268 0.3503200 0.2911122 0.4509515 0.4267291 0.4143021 0.4276797 0.3556296 0.4975323 0.3534813 
DrobinSFB  0.3690436 0.1642656 0.4310268 0.0000000 0.3043163 0.4407102 0.3833241 0.4087173 0.3892054 0.1952857 0.3041867 0.4028688 0.3069352 
Neam       0.2947516 0.2759780 0.3503200 0.3043163 0.0000000 0.3384168 0.3638606 0.3682881 0.3769949 0.2750197 0.0175303 0.3956958 0.2383296 
RuprSFB    0.3955908 0.3890189 0.2911122 0.4407102 0.3384168 0.0000000 0.4083196 0.3935068 0.3788302 0.4077790 0.3586737 0.4360946 0.3394001 
Retr       0.4022007 0.4207515 0.4509515 0.3833241 0.3638606 0.4083196 0.0000000 0.3610112 0.3452802 0.4203150 0.3799799 0.2380838 0.3699742 
Beta       0.4465519 0.3844027 0.4267291 0.4087173 0.3682881 0.3935068 0.3610112 0.0000000 0.1287929 0.4609164 0.3777741 0.4194432 0.3856146 
Spol       0.4200090 0.3961037 0.4143021 0.3892054 0.3769949 0.3788302 0.3452802 0.1287929 0.0000000 0.4451991 0.3916926 0.4068291 0.3982580 
MJM1652    0.3675977 0.1675437 0.4276797 0.1952857 0.2750197 0.4077790 0.4203150 0.4609164 0.4451991 0.0000000 0.2827836 0.4531168 0.3195335 
NepSFB     0.2969678 0.2796430 0.3556296 0.3041867 0.0175303 0.3586737 0.3799799 0.3777741 0.3916926 0.2827836 0.0000000 0.4094452 0.2409702 
WPYJ       0.4442295 0.4580545 0.4975323 0.4028688 0.3956958 0.4360946 0.2380838 0.4194432 0.4068291 0.4531168 0.4094452 0.0000000 0.3686176 
MJM2940    0.1951322 0.3052988 0.3534813 0.3069352 0.2383296 0.3394001 0.3699742 0.3856146 0.3982580 0.3195335 0.2409702 0.3686176 0.0000000 
