13
DrolusSFB  0.0000000 0.3096719 0.3571037 0.3485763 0.2501708 0.3353883 0.3243174 0.3612318 0.3910212 0.3377619 0.2500444 0.3438220 0.1930686 
Dino       0.3096719 0.0000000 0.3945339 0.1669893 0.2602103 0.3664890 0.3116390 0.3553156 0.3699888 0.1456603 0.2611315 0.3281819 0.2358344 
MJM3360    0.3571037 0.3945339 0.0000000 0.3902536 0.3100056 0.2808397 0.3066474 0.3459206 0.3401326 0.4267568 0.3190935 0.3469006 0.3257592 
DrobinSFB  0.3485763 0.1669893 0.3902536 0.0000000 0.3016805 0.3704282 0.3550751 0.3882959 0.3865910 0.1864883 0.2982021 0.3693820 0.2916162 
Neam       0.2501708 0.2602103 0.3100056 0.3016805 0.0000000 0.2712894 0.2753640 0.3136637 0.3245370 0.2969043 0.0175492 0.2832471 0.1864712 
RuprSFB    0.3353883 0.3664890 0.2808397 0.3704282 0.2712894 0.0000000 0.2940661 0.3201338 0.3069981 0.3865686 0.2763595 0.3124550 0.2857395 
Retr       0.3243174 0.3116390 0.3066474 0.3550751 0.2753640 0.2940661 0.0000000 0.3224026 0.3343417 0.3119494 0.2756428 0.1751028 0.2914771 
Beta       0.3612318 0.3553156 0.3459206 0.3882959 0.3136637 0.3201338 0.3224026 0.0000000 0.1427495 0.3905982 0.3152249 0.3452797 0.3087249 
Spol       0.3910212 0.3699888 0.3401326 0.3865910 0.3245370 0.3069981 0.3343417 0.1427495 0.0000000 0.3898316 0.3249344 0.3325680 0.3084002 
MJM1652    0.3377619 0.1456603 0.4267568 0.1864883 0.2969043 0.3865686 0.3119494 0.3905982 0.3898316 0.0000000 0.2973324 0.3305242 0.2719836 
NepSFB     0.2500444 0.2611315 0.3190935 0.2982021 0.0175492 0.2763595 0.2756428 0.3152249 0.3249344 0.2973324 0.0000000 0.2809233 0.1850713 
WPYJ       0.3438220 0.3281819 0.3469006 0.3693820 0.2832471 0.3124550 0.1751028 0.3452797 0.3325680 0.3305242 0.2809233 0.0000000 0.3008151 
MJM2940    0.1930686 0.2358344 0.3257592 0.2916162 0.1864712 0.2857395 0.2914771 0.3087249 0.3084002 0.2719836 0.1850713 0.3008151 0.0000000 
