13
DrolusSFB  0.0000000 0.3613687 0.4680229 0.4174091 0.3083598 0.2785123 0.3322190 0.4750043 0.4625083 0.4494123 0.3166792 0.3157721 0.1823929 
Dino       0.3613687 0.0000000 0.4286782 0.2690110 0.3661010 0.3007298 0.3092629 0.5043877 0.4648142 0.2235997 0.3803537 0.3528954 0.3121942 
MJM3360    0.4680229 0.4286782 0.0000000 0.5004975 0.3828050 0.2966037 0.3792323 0.4965334 0.4704042 0.4630687 0.3797589 0.3805855 0.3998867 
DrobinSFB  0.4174091 0.2690110 0.5004975 0.0000000 0.3573233 0.3827783 0.3424718 0.4827958 0.4647417 0.3225488 0.3620049 0.4292502 0.3475898 
Neam       0.3083598 0.3661010 0.3828050 0.3573233 0.0000000 0.2839672 0.2669890 0.4275884 0.4326347 0.4377925 0.0132787 0.3053642 0.2509559 
RuprSFB    0.2785123 0.3007298 0.2966037 0.3827783 0.2839672 0.0000000 0.3295131 0.3171181 0.3440402 0.3708092 0.2890830 0.3147706 0.2705784 
Retr       0.3322190 0.3092629 0.3792323 0.3424718 0.2669890 0.3295131 0.0000000 0.3182907 0.3314712 0.4013355 0.2764646 0.1624569 0.3050927 
Beta       0.4750043 0.5043877 0.4965334 0.4827958 0.4275884 0.3171181 0.3182907 0.0000000 0.1688335 0.6159936 0.4347045 0.3646897 0.4136586 
Spol       0.4625083 0.4648142 0.4704042 0.4647417 0.4326347 0.3440402 0.3314712 0.1688335 0.0000000 0.5465369 0.4389121 0.3463422 0.4147388 
MJM1652    0.4494123 0.2235997 0.4630687 0.3225488 0.4377925 0.3708092 0.4013355 0.6159936 0.5465369 0.0000000 0.4481681 0.4146791 0.3736494 
NepSFB     0.3166792 0.3803537 0.3797589 0.3620049 0.0132787 0.2890830 0.2764646 0.4347045 0.4389121 0.4481681 0.0000000 0.3103310 0.2601656 
WPYJ       0.3157721 0.3528954 0.3805855 0.4292502 0.3053642 0.3147706 0.1624569 0.3646897 0.3463422 0.4146791 0.3103310 0.0000000 0.2733550 
MJM2940    0.1823929 0.3121942 0.3998867 0.3475898 0.2509559 0.2705784 0.3050927 0.4136586 0.4147388 0.3736494 0.2601656 0.2733550 0.0000000 
