13
DrolusSFB  0.0000000 0.3111228 0.3964002 0.3559706 0.2326664 0.3844789 0.3715903 0.4052946 0.3966835 0.3447457 0.2393953 0.4580351 0.2008202 
Dino       0.3111228 0.0000000 0.4226835 0.2093516 0.2306841 0.3579642 0.3720947 0.3699942 0.3345660 0.1543309 0.2282273 0.4695619 0.2638686 
MJM3360    0.3964002 0.4226835 0.0000000 0.4566879 0.3788754 0.3040144 0.4016266 0.4293147 0.4165401 0.4346374 0.3831924 0.5219706 0.3938549 
DrobinSFB  0.3559706 0.2093516 0.4566879 0.0000000 0.3122889 0.4056111 0.3966222 0.4018533 0.3611044 0.2358912 0.3131458 0.5140911 0.3186725 
Neam       0.2326664 0.2306841 0.3788754 0.3122889 0.0000000 0.3121273 0.3317245 0.3585800 0.3316858 0.2680450 0.0104006 0.4380261 0.1943285 
RuprSFB    0.3844789 0.3579642 0.3040144 0.4056111 0.3121273 0.0000000 0.3750217 0.3749914 0.3515581 0.3646936 0.3123359 0.4542379 0.3250732 
Retr       0.3715903 0.3720947 0.4016266 0.3966222 0.3317245 0.3750217 0.0000000 0.4292294 0.3752118 0.3847034 0.3357952 0.2475892 0.3325886 
Beta       0.4052946 0.3699942 0.4293147 0.4018533 0.3585800 0.3749914 0.4292294 0.0000000 0.0891432 0.4037093 0.3655678 0.4644675 0.3600224 
Spol       0.3966835 0.3345660 0.4165401 0.3611044 0.3316858 0.3515581 0.3752118 0.0891432 0.0000000 0.3785211 0.3414529 0.4073945 0.3314220 
MJM1652    0.3447457 0.1543309 0.4346374 0.2358912 0.2680450 0.3646936 0.3847034 0.4037093 0.3785211 0.0000000 0.2662382 0.4721091 0.2953816 
NepSFB     0.2393953 0.2282273 0.3831924 0.3131458 0.0104006 0.3123359 0.3357952 0.3655678 0.3414529 0.2662382 0.0000000 0.4411152 0.1947339 
WPYJ       0.4580351 0.4695619 0.5219706 0.5140911 0.4380261 0.4542379 0.2475892 0.4644675 0.4073945 0.4721091 0.4411152 0.0000000 0.4201787 
MJM2940    0.2008202 0.2638686 0.3938549 0.3186725 0.1943285 0.3250732 0.3325886 0.3600224 0.3314220 0.2953816 0.1947339 0.4201787 0.0000000 
