13
DrolusSFB  0.0000000 0.2811471 0.3339568 0.3895420 0.2166250 0.2861252 0.2479049 0.3140168 0.3416726 0.3385956 0.2209636 0.3341822 0.1433688 
Dino       0.2811471 0.0000000 0.3829113 0.2369473 0.2367336 0.3111665 0.2910915 0.3485605 0.3745899 0.1404829 0.2401110 0.4047153 0.2347781 
MJM3360    0.3339568 0.3829113 0.0000000 0.4940051 0.3201265 0.2565183 0.3066530 0.3802796 0.4201097 0.3936742 0.3292794 0.4166027 0.3099444 
DrobinSFB  0.3895420 0.2369473 0.4940051 0.0000000 0.3630823 0.4246724 0.3793011 0.4343041 0.4613628 0.2803159 0.3669753 0.5241542 0.3354936 
Neam       0.2166250 0.2367336 0.3201265 0.3630823 0.0000000 0.2887612 0.2618924 0.3108313 0.3228207 0.2956955 0.0113373 0.3233011 0.1761530 
RuprSFB    0.2861252 0.3111665 0.2565183 0.4246724 0.2887612 0.0000000 0.2819088 0.3524190 0.3537478 0.3514325 0.2939359 0.3967597 0.2694589 
Retr       0.2479049 0.2910915 0.3066530 0.3793011 0.2618924 0.2819088 0.0000000 0.2755875 0.3091917 0.3383038 0.2653819 0.1760395 0.2413839 
Beta       0.3140168 0.3485605 0.3802796 0.4343041 0.3108313 0.3524190 0.2755875 0.0000000 0.1669145 0.3656649 0.3184783 0.3660058 0.2923490 
Spol       0.3416726 0.3745899 0.4201097 0.4613628 0.3228207 0.3537478 0.3091917 0.1669145 0.0000000 0.3732997 0.3284967 0.3971983 0.3015797 
MJM1652    0.3385956 0.1404829 0.3936742 0.2803159 0.2956955 0.3514325 0.3383038 0.3656649 0.3732997 0.0000000 0.3034932 0.4280257 0.2762594 
NepSFB     0.2209636 0.2401110 0.3292794 0.3669753 0.0113373 0.2939359 0.2653819 0.3184783 0.3284967 0.3034932 0.0000000 0.3360407 0.1792725 
WPYJ       0.3341822 0.4047153 0.4166027 0.5241542 0.3233011 0.3967597 0.1760395 0.3660058 0.3971983 0.4280257 0.3360407 0.0000000 0.3293375 
MJM2940    0.1433688 0.2347781 0.3099444 0.3354936 0.1761530 0.2694589 0.2413839 0.2923490 0.3015797 0.2762594 0.1792725 0.3293375 0.0000000 
