13
DrolusSFB  0.0000000 0.3662400 0.4059347 0.3759105 0.2571501 0.3566264 0.3396539 0.3054298 0.3313593 0.4217453 0.2519014 0.3568728 0.2166358 
Dino       0.3662400 0.0000000 0.3699629 0.1518022 0.2566898 0.3749714 0.3894174 0.4044728 0.4082291 0.1538421 0.2547368 0.3589037 0.2800670 
MJM3360    0.4059347 0.3699629 0.0000000 0.4107190 0.3054535 0.2439499 0.3034667 0.3848514 0.4029455 0.4097051 0.3118071 0.3489784 0.3378397 
DrobinSFB  0.3759105 0.1518022 0.4107190 0.0000000 0.2574892 0.3375015 0.3190675 0.4430186 0.4343149 0.1808229 0.2581863 0.3087020 0.2717734 
Neam       0.2571501 0.2566898 0.3054535 0.2574892 0.0000000 0.2829839 0.2705838 0.2910439 0.2772469 0.2895433 0.0111404 0.3014717 0.1933689 
RuprSFB    0.3566264 0.3749714 0.2439499 0.3375015 0.2829839 0.0000000 0.2956132 0.3162243 0.3115356 0.4327932 0.2744939 0.2971974 0.3007660 
Retr       0.3396539 0.3894174 0.3034667 0.3190675 0.2705838 0.2956132 0.0000000 0.2865885 0.3150925 0.4241718 0.2685109 0.1695602 0.2947449 
Beta       0.3054298 0.4044728 0.3848514 0.4430186 0.2910439 0.3162243 0.2865885 0.0000000 0.1390357 0.4174161 0.2920987 0.3100827 0.2884771 
Spol       0.3313593 0.4082291 0.4029455 0.4343149 0.2772469 0.3115356 0.3150925 0.1390357 0.0000000 0.4680673 0.2764322 0.3527801 0.3339311 
MJM1652    0.4217453 0.1538421 0.4097051 0.1808229 0.2895433 0.4327932 0.4241718 0.4174161 0.4680673 0.0000000 0.3002447 0.3995468 0.3277010 
NepSFB     0.2519014 0.2547368 0.3118071 0.2581863 0.0111404 0.2744939 0.2685109 0.2920987 0.2764322 0.3002447 0.0000000 0.3025416 0.1867429 
WPYJ       0.3568728 0.3589037 0.3489784 0.3087020 0.3014717 0.2971974 0.1695602 0.3100827 0.3527801 0.3995468 0.3025416 0.0000000 0.3127136 
MJM2940    0.2166358 0.2800670 0.3378397 0.2717734 0.1933689 0.3007660 0.2947449 0.2884771 0.3339311 0.3277010 0.1867429 0.3127136 0.0000000 
