13
DrolusSFB  0.0000000 0.3118811 0.3257780 0.3224835 0.2386698 0.2915806 0.3112676 0.3151068 0.3239729 0.3888365 0.2370354 0.3495890 0.1986662 
Dino       0.3118811 0.0000000 0.3417674 0.1436583 0.2236319 0.3226961 0.3456331 0.3615104 0.3451765 0.1377748 0.2265898 0.3627003 0.2506672 
MJM3360    0.3257780 0.3417674 0.0000000 0.3613045 0.2874403 0.2423952 0.2494582 0.3417574 0.3379233 0.3772193 0.2867526 0.2984030 0.2845249 
DrobinSFB  0.3224835 0.1436583 0.3613045 0.0000000 0.2499939 0.3312255 0.3422991 0.3966098 0.3689926 0.2007819 0.2508839 0.3675586 0.2552225 
Neam       0.2386698 0.2236319 0.2874403 0.2499939 0.0000000 0.2838197 0.2761475 0.2961063 0.2915514 0.2863226 0.0112979 0.3150774 0.1748496 
RuprSFB    0.2915806 0.3226961 0.2423952 0.3312255 0.2838197 0.0000000 0.2798165 0.3201448 0.3045796 0.3704430 0.2814496 0.3552566 0.2476907 
Retr       0.3112676 0.3456331 0.2494582 0.3422991 0.2761475 0.2798165 0.0000000 0.3123891 0.3084459 0.3930448 0.2805528 0.1762955 0.2568649 
Beta       0.3151068 0.3615104 0.3417574 0.3966098 0.2961063 0.3201448 0.3123891 0.0000000 0.1143429 0.4195691 0.3055236 0.3690317 0.2664234 
Spol       0.3239729 0.3451765 0.3379233 0.3689926 0.2915514 0.3045796 0.3084459 0.1143429 0.0000000 0.3973580 0.2969196 0.3445463 0.2783981 
MJM1652    0.3888365 0.1377748 0.3772193 0.2007819 0.2863226 0.3704430 0.3930448 0.4195691 0.3973580 0.0000000 0.2871226 0.4016523 0.3099663 
NepSFB     0.2370354 0.2265898 0.2867526 0.2508839 0.0112979 0.2814496 0.2805528 0.3055236 0.2969196 0.2871226 0.0000000 0.3173312 0.1732040 
WPYJ       0.3495890 0.3627003 0.2984030 0.3675586 0.3150774 0.3552566 0.1762955 0.3690317 0.3445463 0.4016523 0.3173312 0.0000000 0.2938366 
MJM2940    0.1986662 0.2506672 0.2845249 0.2552225 0.1748496 0.2476907 0.2568649 0.2664234 0.2783981 0.3099663 0.1732040 0.2938366 0.0000000 
