13
DrolusSFB  0.0000000 0.2992232 0.3373651 0.3115921 0.2764306 0.2675606 0.3024613 0.4195819 0.3408888 0.3502247 0.2850718 0.3352474 0.1579875 
Dino       0.2992232 0.0000000 0.3583328 0.2038352 0.2510731 0.2914731 0.3028119 0.4153630 0.3398848 0.1413202 0.2634522 0.3242109 0.2271396 
MJM3360    0.3373651 0.3583328 0.0000000 0.3602301 0.3242347 0.2080090 0.2707718 0.3639537 0.3384187 0.3415204 0.3261961 0.3347331 0.3019790 
DrobinSFB  0.3115921 0.2038352 0.3602301 0.0000000 0.2859053 0.2899134 0.3373715 0.3971172 0.3326087 0.2210862 0.2925290 0.3300498 0.2644521 
Neam       0.2764306 0.2510731 0.3242347 0.2859053 0.0000000 0.2553625 0.2621122 0.3771730 0.3394593 0.2864763 0.0148928 0.2988276 0.2145139 
RuprSFB    0.2675606 0.2914731 0.2080090 0.2899134 0.2553625 0.0000000 0.2494366 0.2944326 0.2815936 0.2849795 0.2635803 0.3031648 0.2155018 
Retr       0.3024613 0.3028119 0.2707718 0.3373715 0.2621122 0.2494366 0.0000000 0.3108505 0.2862457 0.2827565 0.2547535 0.1470363 0.2405043 
Beta       0.4195819 0.4153630 0.3639537 0.3971172 0.3771730 0.2944326 0.3108505 0.0000000 0.1531141 0.4584083 0.3891826 0.3943878 0.3419847 
Spol       0.3408888 0.3398848 0.3384187 0.3326087 0.3394593 0.2815936 0.2862457 0.1531141 0.0000000 0.3831849 0.3519887 0.3317905 0.3032360 
MJM1652    0.3502247 0.1413202 0.3415204 0.2210862 0.2864763 0.2849795 0.2827565 0.4584083 0.3831849 0.0000000 0.2999612 0.3191626 0.2744770 
NepSFB     0.2850718 0.2634522 0.3261961 0.2925290 0.0148928 0.2635803 0.2547535 0.3891826 0.3519887 0.2999612 0.0000000 0.3025609 0.2247059 
WPYJ       0.3352474 0.3242109 0.3347331 0.3300498 0.2988276 0.3031648 0.1470363 0.3943878 0.3317905 0.3191626 0.3025609 0.0000000 0.2871225 
MJM2940    0.1579875 0.2271396 0.3019790 0.2644521 0.2145139 0.2155018 0.2405043 0.3419847 0.3032360 0.2744770 0.2247059 0.2871225 0.0000000 
