13
DrolusSFB  0.0000000 0.2578720 0.3302697 0.2860379 0.2262791 0.2816888 0.3097096 0.3190854 0.3353236 0.2815359 0.2298550 0.3422424 0.1722143 
Dino       0.2578720 0.0000000 0.3254821 0.1576112 0.2162431 0.2402619 0.2955875 0.3447236 0.3649612 0.1358668 0.2126236 0.3304886 0.2194627 
MJM3360    0.3302697 0.3254821 0.0000000 0.3255261 0.2900267 0.2511556 0.3262949 0.3435776 0.3549417 0.3214906 0.2872200 0.3317059 0.2480013 
DrobinSFB  0.2860379 0.1576112 0.3255261 0.0000000 0.2188908 0.2520687 0.3014647 0.3600949 0.3648636 0.2056857 0.2187245 0.3472341 0.2324905 
Neam       0.2262791 0.2162431 0.2900267 0.2188908 0.0000000 0.2430998 0.2975065 0.3046653 0.3216418 0.2629581 0.0099813 0.3220004 0.1667750 
RuprSFB    0.2816888 0.2402619 0.2511556 0.2520687 0.2430998 0.0000000 0.3009474 0.2949985 0.3053162 0.2971124 0.2414488 0.2963213 0.2133882 
Retr       0.3097096 0.2955875 0.3262949 0.3014647 0.2975065 0.3009474 0.0000000 0.3126611 0.3235772 0.3435716 0.3063296 0.1618442 0.2614414 
Beta       0.3190854 0.3447236 0.3435776 0.3600949 0.3046653 0.2949985 0.3126611 0.0000000 0.1322826 0.4040620 0.3018428 0.3563396 0.2776133 
Spol       0.3353236 0.3649612 0.3549417 0.3648636 0.3216418 0.3053162 0.3235772 0.1322826 0.0000000 0.4131307 0.3239750 0.3658626 0.2903189 
MJM1652    0.2815359 0.1358668 0.3214906 0.2056857 0.2629581 0.2971124 0.3435716 0.4040620 0.4131307 0.0000000 0.2686604 0.3594535 0.2639737 
NepSFB     0.2298550 0.2126236 0.2872200 0.2187245 0.0099813 0.2414488 0.3063296 0.3018428 0.3239750 0.2686604 0.0000000 0.3259816 0.1652781 
WPYJ       0.3422424 0.3304886 0.3317059 0.3472341 0.3220004 0.2963213 0.1618442 0.3563396 0.3658626 0.3594535 0.3259816 0.0000000 0.2692993 
MJM2940    0.1722143 0.2194627 0.2480013 0.2324905 0.1667750 0.2133882 0.2614414 0.2776133 0.2903189 0.2639737 0.1652781 0.2692993 0.0000000 
