13
DrolusSFB  0.0000000 0.3782119 0.3647002 0.4277511 0.2806984 0.3056040 0.4108776 0.4986925 0.5062518 0.4236111 0.2787003 0.4306284 0.1884585 
Dino       0.3782119 0.0000000 0.3005463 0.1829044 0.2651446 0.2571481 0.3603059 0.4515939 0.4765446 0.1637193 0.2747793 0.4166570 0.2665379 
MJM3360    0.3647002 0.3005463 0.0000000 0.3533606 0.3153135 0.2410180 0.3715831 0.4926157 0.5106097 0.3165688 0.3102730 0.4161801 0.3122910 
DrobinSFB  0.4277511 0.1829044 0.3533606 0.0000000 0.3744886 0.3092803 0.4871248 0.5732105 0.5723638 0.2241645 0.3771947 0.4999868 0.3446082 
Neam       0.2806984 0.2651446 0.3153135 0.3744886 0.0000000 0.2755948 0.3495594 0.4649021 0.4528070 0.3351718 0.0081190 0.4165751 0.2148143 
RuprSFB    0.3056040 0.2571481 0.2410180 0.3092803 0.2755948 0.0000000 0.3729143 0.4630509 0.4711070 0.3120267 0.2720024 0.3570409 0.2834069 
Retr       0.4108776 0.3603059 0.3715831 0.4871248 0.3495594 0.3729143 0.0000000 0.4993652 0.5158483 0.4300792 0.3443876 0.2253643 0.3584156 
Beta       0.4986925 0.4515939 0.4926157 0.5732105 0.4649021 0.4630509 0.4993652 0.0000000 0.2186881 0.5228996 0.4643344 0.5397035 0.4361469 
Spol       0.5062518 0.4765446 0.5106097 0.5723638 0.4528070 0.4711070 0.5158483 0.2186881 0.0000000 0.5488969 0.4551649 0.5446629 0.4729135 
MJM1652    0.4236111 0.1637193 0.3165688 0.2241645 0.3351718 0.3120267 0.4300792 0.5228996 0.5488969 0.0000000 0.3395318 0.4613518 0.3510117 
NepSFB     0.2787003 0.2747793 0.3102730 0.3771947 0.0081190 0.2720024 0.3443876 0.4643344 0.4551649 0.3395318 0.0000000 0.4148940 0.2191985 
WPYJ       0.4306284 0.4166570 0.4161801 0.4999868 0.4165751 0.3570409 0.2253643 0.5397035 0.5446629 0.4613518 0.4148940 0.0000000 0.3961163 
MJM2940    0.1884585 0.2665379 0.3122910 0.3446082 0.2148143 0.2834069 0.3584156 0.4361469 0.4729135 0.3510117 0.2191985 0.3961163 0.0000000 
