13
DrolusSFB  0.0000000 0.2518095 0.3246400 0.2388274 0.1980336 0.2874723 0.2741642 0.2732562 0.2616579 0.2847341 0.2020172 0.3300457 0.1520683 
Dino       0.2518095 0.0000000 0.3188658 0.1347554 0.1769690 0.2987259 0.2651389 0.2532376 0.2368850 0.1207088 0.1909999 0.3887003 0.2072239 
MJM3360    0.3246400 0.3188658 0.0000000 0.3501180 0.2820957 0.3087598 0.3131776 0.3393202 0.3473599 0.3474382 0.2849658 0.4308981 0.3139061 
DrobinSFB  0.2388274 0.1347554 0.3501180 0.0000000 0.1597378 0.3182575 0.3086876 0.3057303 0.2834148 0.1604345 0.1947480 0.3937172 0.2082561 
Neam       0.1980336 0.1769690 0.2820957 0.1597378 0.0000000 0.2049121 0.2181910 0.2261348 0.1712090 0.1970253 0.0082734 0.2811538 0.1599018 
RuprSFB    0.2874723 0.2987259 0.3087598 0.3182575 0.2049121 0.0000000 0.3193026 0.3330413 0.3092386 0.3237363 0.2265624 0.3774289 0.2374655 
Retr       0.2741642 0.2651389 0.3131776 0.3086876 0.2181910 0.3193026 0.0000000 0.2514218 0.2560472 0.3061995 0.2461560 0.2007658 0.2543981 
Beta       0.2732562 0.2532376 0.3393202 0.3057303 0.2261348 0.3330413 0.2514218 0.0000000 0.0954354 0.2924149 0.2430370 0.3135357 0.2470008 
Spol       0.2616579 0.2368850 0.3473599 0.2834148 0.1712090 0.3092386 0.2560472 0.0954354 0.0000000 0.2603996 0.2113987 0.2853036 0.2332240 
MJM1652    0.2847341 0.1207088 0.3474382 0.1604345 0.1970253 0.3237363 0.3061995 0.2924149 0.2603996 0.0000000 0.2187708 0.4098282 0.2407386 
NepSFB     0.2020172 0.1909999 0.2849658 0.1947480 0.0082734 0.2265624 0.2461560 0.2430370 0.2113987 0.2187708 0.0000000 0.3374395 0.1582943 
WPYJ       0.3300457 0.3887003 0.4308981 0.3937172 0.2811538 0.3774289 0.2007658 0.3135357 0.2853036 0.4098282 0.3374395 0.0000000 0.2980080 
MJM2940    0.1520683 0.2072239 0.3139061 0.2082561 0.1599018 0.2374655 0.2543981 0.2470008 0.2332240 0.2407386 0.1582943 0.2980080 0.0000000 
