13
DrolusSFB  0.0000000 0.3383435 0.4330519 0.3552627 0.3122085 0.3791643 0.3938497 0.4045354 0.4432327 0.3698601 0.2684015 0.4636893 0.1914831 
Dino       0.3383435 0.0000000 0.4765306 0.2293036 0.3343970 0.4214997 0.4371776 0.4272539 0.4515282 0.1813310 0.2981706 0.5501064 0.3128199 
MJM3360    0.4330519 0.4765306 0.0000000 0.4689231 0.5243252 0.3618766 0.4633945 0.5011149 0.5223428 0.5186693 0.4236529 0.5872954 0.4071790 
DrobinSFB  0.3552627 0.2293036 0.4689231 0.0000000 0.3906707 0.4381298 0.4542467 0.4834857 0.4962092 0.2578414 0.3308569 0.5348365 0.3357838 
Neam       0.3122085 0.3343970 0.5243252 0.3906707 0.0000000 0.4416176 0.4100654 0.4499973 0.4251916 0.3771187 0.0176965 0.4670534 0.2464371 
RuprSFB    0.3791643 0.4214997 0.3618766 0.4381298 0.4416176 0.0000000 0.3975524 0.4165292 0.4594398 0.4584698 0.3372818 0.5518044 0.3386394 
Retr       0.3938497 0.4371776 0.4633945 0.4542467 0.4100654 0.3975524 0.0000000 0.4022991 0.4226829 0.4633960 0.3642681 0.2607432 0.3489427 
Beta       0.4045354 0.4272539 0.5011149 0.4834857 0.4499973 0.4165292 0.4022991 0.0000000 0.1643846 0.4677445 0.3551693 0.5363362 0.3559833 
Spol       0.4432327 0.4515282 0.5223428 0.4962092 0.4251916 0.4594398 0.4226829 0.1643846 0.0000000 0.4971432 0.3731945 0.5190292 0.3742990 
MJM1652    0.3698601 0.1813310 0.5186693 0.2578414 0.3771187 0.4584698 0.4633960 0.4677445 0.4971432 0.0000000 0.3503995 0.5412151 0.3492454 
NepSFB     0.2684015 0.2981706 0.4236529 0.3308569 0.0176965 0.3372818 0.3642681 0.3551693 0.3731945 0.3503995 0.0000000 0.4623254 0.2098630 
WPYJ       0.4636893 0.5501064 0.5872954 0.5348365 0.4670534 0.5518044 0.2607432 0.5363362 0.5190292 0.5412151 0.4623254 0.0000000 0.4629591 
MJM2940    0.1914831 0.3128199 0.4071790 0.3357838 0.2464371 0.3386394 0.3489427 0.3559833 0.3742990 0.3492454 0.2098630 0.4629591 0.0000000 
