13
DrolusSFB  0.0000000 0.2678083 0.3361869 0.2840429 0.2213275 0.3152485 0.3073399 0.3164906 0.3487030 0.3273502 0.2095964 0.3461423 0.1575038 
Dino       0.2678083 0.0000000 0.3491889 0.1640248 0.2296137 0.3413767 0.3311077 0.3384243 0.3444017 0.1611213 0.2176004 0.3587650 0.2280961 
MJM3360    0.3361869 0.3491889 0.0000000 0.3611237 0.3286264 0.2591526 0.3368528 0.3660732 0.3725639 0.3824657 0.3182792 0.3446003 0.3157449 
DrobinSFB  0.2840429 0.1640248 0.3611237 0.0000000 0.2523066 0.3411282 0.3736634 0.3408687 0.3672721 0.2120964 0.2443440 0.3514135 0.2527656 
Neam       0.2213275 0.2296137 0.3286264 0.2523066 0.0000000 0.2645595 0.2847118 0.2896065 0.3095855 0.2678190 0.0081174 0.3203549 0.1829392 
RuprSFB    0.3152485 0.3413767 0.2591526 0.3411282 0.2645595 0.0000000 0.2996246 0.3364490 0.3564676 0.3685360 0.2619846 0.3338974 0.2848054 
Retr       0.3073399 0.3311077 0.3368528 0.3736634 0.2847118 0.2996246 0.0000000 0.3096392 0.3106277 0.3757404 0.2832357 0.1694247 0.2713337 
Beta       0.3164906 0.3384243 0.3660732 0.3408687 0.2896065 0.3364490 0.3096392 0.0000000 0.1241015 0.3735564 0.2763193 0.3270832 0.2720718 
Spol       0.3487030 0.3444017 0.3725639 0.3672721 0.3095855 0.3564676 0.3106277 0.1241015 0.0000000 0.4050489 0.3015054 0.3410586 0.2939337 
MJM1652    0.3273502 0.1611213 0.3824657 0.2120964 0.2678190 0.3685360 0.3757404 0.3735564 0.4050489 0.0000000 0.2612896 0.4177860 0.2711876 
NepSFB     0.2095964 0.2176004 0.3182792 0.2443440 0.0081174 0.2619846 0.2832357 0.2763193 0.3015054 0.2612896 0.0000000 0.3128523 0.1724010 
WPYJ       0.3461423 0.3587650 0.3446003 0.3514135 0.3203549 0.3338974 0.1694247 0.3270832 0.3410586 0.4177860 0.3128523 0.0000000 0.3107380 
MJM2940    0.1575038 0.2280961 0.3157449 0.2527656 0.1829392 0.2848054 0.2713337 0.2720718 0.2939337 0.2711876 0.1724010 0.3107380 0.0000000 
