13
DrolusSFB  0.0000000 0.2919357 0.3744962 0.2367504 0.2058750 0.2921858 0.2399071 0.2784252 0.3120174 0.2831356 0.2042359 0.3518498 0.1470996 
Dino       0.2919357 0.0000000 0.3861294 0.2213716 0.2437452 0.3453342 0.2883829 0.3434160 0.3889982 0.1639314 0.2452104 0.4335304 0.2649441 
MJM3360    0.3744962 0.3861294 0.0000000 0.3612824 0.2911043 0.2377044 0.2784020 0.3410214 0.3623410 0.3633573 0.2921307 0.3934709 0.3125861 
DrobinSFB  0.2367504 0.2213716 0.3612824 0.0000000 0.2155990 0.3209983 0.2952609 0.2887866 0.3231046 0.2098332 0.2201086 0.3529336 0.1869373 
Neam       0.2058750 0.2437452 0.2911043 0.2155990 0.0000000 0.2415452 0.2134973 0.2561159 0.2699754 0.2485068 0.0054435 0.3042708 0.1497928 
RuprSFB    0.2921858 0.3453342 0.2377044 0.3209983 0.2415452 0.0000000 0.2182373 0.3113417 0.3299316 0.3136796 0.2420439 0.3113148 0.2711427 
Retr       0.2399071 0.2883829 0.2784020 0.2952609 0.2134973 0.2182373 0.0000000 0.2301729 0.2355263 0.2470934 0.2111707 0.1449059 0.1997597 
Beta       0.2784252 0.3434160 0.3410214 0.2887866 0.2561159 0.3113417 0.2301729 0.0000000 0.1312119 0.3197896 0.2572458 0.3748200 0.2525797 
Spol       0.3120174 0.3889982 0.3623410 0.3231046 0.2699754 0.3299316 0.2355263 0.1312119 0.0000000 0.3420043 0.2710411 0.3778445 0.2702839 
MJM1652    0.2831356 0.1639314 0.3633573 0.2098332 0.2485068 0.3136796 0.2470934 0.3197896 0.3420043 0.0000000 0.2479708 0.3975559 0.2534202 
NepSFB     0.2042359 0.2452104 0.2921307 0.2201086 0.0054435 0.2420439 0.2111707 0.2572458 0.2710411 0.2479708 0.0000000 0.3016237 0.1511276 
WPYJ       0.3518498 0.4335304 0.3934709 0.3529336 0.3042708 0.3113148 0.1449059 0.3748200 0.3778445 0.3975559 0.3016237 0.0000000 0.3142615 
MJM2940    0.1470996 0.2649441 0.3125861 0.1869373 0.1497928 0.2711427 0.1997597 0.2525797 0.2702839 0.2534202 0.1511276 0.3142615 0.0000000 
