13
DrolusSFB  0.0000000 0.2938517 0.2880877 0.3797955 0.2284449 0.2968738 0.2851297 0.3725119 0.4080254 0.3078241 0.2867422 0.3464345 0.1782446 
Dino       0.2938517 0.0000000 0.3066758 0.3473406 0.2298862 0.3511845 0.3380768 0.3995680 0.4470573 0.2508329 0.3187174 0.4018189 0.2874253 
MJM3360    0.2880877 0.3066758 0.0000000 0.4268860 0.2835099 0.3098465 0.3236910 0.4011032 0.4220815 0.2754943 0.3101837 0.3779511 0.2959185 
DrobinSFB  0.3797955 0.3473406 0.4268860 0.0000000 0.2566017 0.3939401 0.3861483 0.4943091 0.5129363 0.3623196 0.4030286 0.4632093 0.3661911 
Neam       0.2284449 0.2298862 0.2835099 0.2566017 0.0000000 0.2333955 0.2312167 0.2981860 0.3164631 0.2306413 0.0069162 0.3012154 0.1929362 
RuprSFB    0.2968738 0.3511845 0.3098465 0.3939401 0.2333955 0.0000000 0.3247109 0.3235686 0.3581926 0.3319186 0.3143782 0.3323902 0.2571670 
Retr       0.2851297 0.3380768 0.3236910 0.3861483 0.2312167 0.3247109 0.0000000 0.3844055 0.4243482 0.3746850 0.3190214 0.1826651 0.2583740 
Beta       0.3725119 0.3995680 0.4011032 0.4943091 0.2981860 0.3235686 0.3844055 0.0000000 0.2109645 0.4686837 0.4009262 0.4306065 0.3414407 
Spol       0.4080254 0.4470573 0.4220815 0.5129363 0.3164631 0.3581926 0.4243482 0.2109645 0.0000000 0.4983645 0.4614352 0.4788936 0.3703828 
MJM1652    0.3078241 0.2508329 0.2754943 0.3623196 0.2306413 0.3319186 0.3746850 0.4686837 0.4983645 0.0000000 0.2990468 0.4341450 0.2952068 
NepSFB     0.2867422 0.3187174 0.3101837 0.4030286 0.0069162 0.3143782 0.3190214 0.4009262 0.4614352 0.2990468 0.0000000 0.3683513 0.2392974 
WPYJ       0.3464345 0.4018189 0.3779511 0.4632093 0.3012154 0.3323902 0.1826651 0.4306065 0.4788936 0.4341450 0.3683513 0.0000000 0.3071181 
MJM2940    0.1782446 0.2874253 0.2959185 0.3661911 0.1929362 0.2571670 0.2583740 0.3414407 0.3703828 0.2952068 0.2392974 0.3071181 0.0000000 
