13
DrolusSFB  0.0000000 0.2571817 0.3100011 0.3237632 0.2485291 0.2959547 0.3182259 0.3186567 0.3560231 0.3279173 0.2563513 0.2896222 0.1921286 
Dino       0.2571817 0.0000000 0.3642032 0.2367295 0.2261438 0.3508775 0.3464969 0.3250544 0.3478208 0.2179655 0.2336832 0.3780628 0.2795903 
MJM3360    0.3100011 0.3642032 0.0000000 0.4445229 0.2967531 0.2644717 0.3458969 0.4360753 0.4282742 0.4533449 0.3045937 0.3727667 0.3579559 
DrobinSFB  0.3237632 0.2367295 0.4445229 0.0000000 0.2940311 0.4138551 0.3999202 0.3891293 0.3927413 0.2424206 0.2976819 0.3831071 0.3339263 
Neam       0.2485291 0.2261438 0.2967531 0.2940311 0.0000000 0.3132182 0.3052046 0.3036212 0.3566570 0.2887191 0.0065805 0.2929436 0.2598708 
RuprSFB    0.2959547 0.3508775 0.2644717 0.4138551 0.3132182 0.0000000 0.3237547 0.4085200 0.3978494 0.3882099 0.3218312 0.3202916 0.3748094 
Retr       0.3182259 0.3464969 0.3458969 0.3999202 0.3052046 0.3237547 0.0000000 0.3286983 0.3341895 0.3808743 0.3094387 0.1612879 0.3405806 
Beta       0.3186567 0.3250544 0.4360753 0.3891293 0.3036212 0.4085200 0.3286983 0.0000000 0.1301110 0.4046895 0.3142890 0.3479377 0.3638173 
Spol       0.3560231 0.3478208 0.4282742 0.3927413 0.3566570 0.3978494 0.3341895 0.1301110 0.0000000 0.4196761 0.3680669 0.3327966 0.4164006 
MJM1652    0.3279173 0.2179655 0.4533449 0.2424206 0.2887191 0.3882099 0.3808743 0.4046895 0.4196761 0.0000000 0.2972044 0.3886757 0.3709688 
NepSFB     0.2563513 0.2336832 0.3045937 0.2976819 0.0065805 0.3218312 0.3094387 0.3142890 0.3680669 0.2972044 0.0000000 0.2965417 0.2679945 
WPYJ       0.2896222 0.3780628 0.3727667 0.3831071 0.2929436 0.3202916 0.1612879 0.3479377 0.3327966 0.3886757 0.2965417 0.0000000 0.3751956 
MJM2940    0.1921286 0.2795903 0.3579559 0.3339263 0.2598708 0.3748094 0.3405806 0.3638173 0.4164006 0.3709688 0.2679945 0.3751956 0.0000000 
