13
DrolusSFB  0.0000000 0.4196909 0.2839979 0.4532925 0.2891136 0.2524792 0.4191228 0.4423776 0.4329274 0.4427755 0.2873651 0.4369015 0.2009233 
Dino       0.4196909 0.0000000 0.3753077 0.2878869 0.3398736 0.3690886 0.4884123 0.5331638 0.5018838 0.2194774 0.3415598 0.5170046 0.3416928 
MJM3360    0.2839979 0.3753077 0.0000000 0.4438214 0.2725079 0.2687561 0.3417716 0.3245490 0.3196293 0.4366752 0.2734965 0.3447821 0.2436203 
DrobinSFB  0.4532925 0.2878869 0.4438214 0.0000000 0.3948749 0.4192429 0.5918919 0.6268894 0.5702693 0.3201855 0.3951924 0.5772176 0.4009358 
Neam       0.2891136 0.3398736 0.2725079 0.3948749 0.0000000 0.2627423 0.3747108 0.4149659 0.4122085 0.3878073 0.0140716 0.3776470 0.2283568 
RuprSFB    0.2524792 0.3690886 0.2687561 0.4192429 0.2627423 0.0000000 0.2947071 0.3015145 0.3066104 0.4108656 0.2672810 0.3187574 0.2503168 
Retr       0.4191228 0.4884123 0.3417716 0.5918919 0.3747108 0.2947071 0.0000000 0.4317213 0.4418293 0.5000047 0.3730908 0.1887802 0.3440713 
Beta       0.4423776 0.5331638 0.3245490 0.6268894 0.4149659 0.3015145 0.4317213 0.0000000 0.1518816 0.5815646 0.4140236 0.4851184 0.3908645 
Spol       0.4329274 0.5018838 0.3196293 0.5702693 0.4122085 0.3066104 0.4418293 0.1518816 0.0000000 0.5371267 0.4154992 0.4848025 0.3806073 
MJM1652    0.4427755 0.2194774 0.4366752 0.3201855 0.3878073 0.4108656 0.5000047 0.5815646 0.5371267 0.0000000 0.3810206 0.5293614 0.3693402 
NepSFB     0.2873651 0.3415598 0.2734965 0.3951924 0.0140716 0.2672810 0.3730908 0.4140236 0.4154992 0.3810206 0.0000000 0.3742516 0.2309377 
WPYJ       0.4369015 0.5170046 0.3447821 0.5772176 0.3776470 0.3187574 0.1887802 0.4851184 0.4848025 0.5293614 0.3742516 0.0000000 0.3563391 
MJM2940    0.2009233 0.3416928 0.2436203 0.4009358 0.2283568 0.2503168 0.3440713 0.3908645 0.3806073 0.3693402 0.2309377 0.3563391 0.0000000 
