13
DrolusSFB  0.0000000 0.2994788 0.3075560 0.3300076 0.2613789 0.2614228 0.3308533 0.3081398 0.2973537 0.3281265 0.2705422 0.3427234 0.1876409 
Dino       0.2994788 0.0000000 0.3222142 0.1827638 0.2376039 0.2955557 0.3584363 0.3091053 0.3485521 0.1178761 0.2411563 0.3870196 0.2174256 
MJM3360    0.3075560 0.3222142 0.0000000 0.3781814 0.2981904 0.2427079 0.3543129 0.3087432 0.3160948 0.3699722 0.2952850 0.3620867 0.2561559 
DrobinSFB  0.3300076 0.1827638 0.3781814 0.0000000 0.2906803 0.3569399 0.4014205 0.3582364 0.4136109 0.1923835 0.2969654 0.4349972 0.2490456 
Neam       0.2613789 0.2376039 0.2981904 0.2906803 0.0000000 0.2438802 0.3154140 0.2777237 0.2990744 0.2547684 0.0167259 0.3665726 0.1805696 
RuprSFB    0.2614228 0.2955557 0.2427079 0.3569399 0.2438802 0.0000000 0.2916814 0.2619101 0.2968120 0.3396774 0.2453265 0.2968617 0.2304609 
Retr       0.3308533 0.3584363 0.3543129 0.4014205 0.3154140 0.2916814 0.0000000 0.3487086 0.3625139 0.3548971 0.3200332 0.1783103 0.2981452 
Beta       0.3081398 0.3091053 0.3087432 0.3582364 0.2777237 0.2619101 0.3487086 0.0000000 0.1363175 0.3644778 0.2808294 0.4087522 0.2452913 
Spol       0.2973537 0.3485521 0.3160948 0.4136109 0.2990744 0.2968120 0.3625139 0.1363175 0.0000000 0.3780975 0.3022237 0.3849369 0.2655039 
MJM1652    0.3281265 0.1178761 0.3699722 0.1923835 0.2547684 0.3396774 0.3548971 0.3644778 0.3780975 0.0000000 0.2637458 0.4049655 0.2378430 
NepSFB     0.2705422 0.2411563 0.2952850 0.2969654 0.0167259 0.2453265 0.3200332 0.2808294 0.3022237 0.2637458 0.0000000 0.3745455 0.1853533 
WPYJ       0.3427234 0.3870196 0.3620867 0.4349972 0.3665726 0.2968617 0.1783103 0.4087522 0.3849369 0.4049655 0.3745455 0.0000000 0.3307323 
MJM2940    0.1876409 0.2174256 0.2561559 0.2490456 0.1805696 0.2304609 0.2981452 0.2452913 0.2655039 0.2378430 0.1853533 0.3307323 0.0000000 
