13
DrolusSFB  0.0000000 0.3491754 0.3681186 0.4270467 0.2820891 0.3994883 0.4043658 0.3994651 0.3688195 0.3789988 0.2865081 0.3511296 0.2259523 
Dino       0.3491754 0.0000000 0.3745865 0.2403893 0.2609911 0.3273825 0.3503671 0.4152949 0.3404483 0.1673320 0.2635168 0.3554688 0.2499663 
MJM3360    0.3681186 0.3745865 0.0000000 0.4539709 0.2895155 0.2766316 0.3847490 0.3505554 0.3085895 0.4055068 0.2903956 0.3563869 0.2730742 
DrobinSFB  0.4270467 0.2403893 0.4539709 0.0000000 0.3443022 0.4129903 0.4648150 0.4539288 0.4157537 0.3038221 0.3550772 0.4288495 0.3349684 
Neam       0.2820891 0.2609911 0.2895155 0.3443022 0.0000000 0.2721369 0.3157176 0.2989073 0.2593807 0.2759714 0.0095896 0.2952684 0.1712604 
RuprSFB    0.3994883 0.3273825 0.2766316 0.4129903 0.2721369 0.0000000 0.3112639 0.3247183 0.3090515 0.3952477 0.2855801 0.3536481 0.2544278 
Retr       0.4043658 0.3503671 0.3847490 0.4648150 0.3157176 0.3112639 0.0000000 0.3445341 0.3206640 0.4027758 0.3246187 0.2328212 0.3014493 
Beta       0.3994651 0.4152949 0.3505554 0.4539288 0.2989073 0.3247183 0.3445341 0.0000000 0.1377113 0.4470616 0.3086444 0.2863992 0.2489059 
Spol       0.3688195 0.3404483 0.3085895 0.4157537 0.2593807 0.3090515 0.3206640 0.1377113 0.0000000 0.3860289 0.2750492 0.2940729 0.2623117 
MJM1652    0.3789988 0.1673320 0.4055068 0.3038221 0.2759714 0.3952477 0.4027758 0.4470616 0.3860289 0.0000000 0.2811331 0.4238332 0.2947460 
NepSFB     0.2865081 0.2635168 0.2903956 0.3550772 0.0095896 0.2855801 0.3246187 0.3086444 0.2750492 0.2811331 0.0000000 0.3052887 0.1743144 
WPYJ       0.3511296 0.3554688 0.3563869 0.4288495 0.2952684 0.3536481 0.2328212 0.2863992 0.2940729 0.4238332 0.3052887 0.0000000 0.2678160 
MJM2940    0.2259523 0.2499663 0.2730742 0.3349684 0.1712604 0.2544278 0.3014493 0.2489059 0.2623117 0.2947460 0.1743144 0.2678160 0.0000000 
