13
DrolusSFB  0.0000000 0.2889109 0.4444270 0.3515141 0.2294778 0.3065623 0.4721863 0.3272643 0.3397394 0.3148310 0.2317678 0.5950698 0.1901309 
Dino       0.2889109 0.0000000 0.3833157 0.1659872 0.2228527 0.3256952 0.4699137 0.3658095 0.3800895 0.1381594 0.2391563 0.5546825 0.2183986 
MJM3360    0.4444270 0.3833157 0.0000000 0.4383159 0.3512231 0.3125244 0.5206696 0.4544841 0.4336231 0.3838961 0.3601965 0.6428275 0.3823962 
DrobinSFB  0.3515141 0.1659872 0.4383159 0.0000000 0.2520687 0.4029860 0.4507328 0.4125431 0.4440784 0.1866871 0.2712005 0.5841153 0.2758170 
Neam       0.2294778 0.2228527 0.3512231 0.2520687 0.0000000 0.2550527 0.3984935 0.3108813 0.3075618 0.2087451 0.0211517 0.4839619 0.1645535 
RuprSFB    0.3065623 0.3256952 0.3125244 0.4029860 0.2550527 0.0000000 0.4416153 0.3388589 0.3073412 0.3419190 0.2700899 0.4960543 0.2853368 
Retr       0.4721863 0.4699137 0.5206696 0.4507328 0.3984935 0.4416153 0.0000000 0.4124190 0.3674535 0.5066338 0.4090215 0.2379963 0.4697907 
Beta       0.3272643 0.3658095 0.4544841 0.4125431 0.3108813 0.3388589 0.4124190 0.0000000 0.1139857 0.3672718 0.3249480 0.5108411 0.3122229 
Spol       0.3397394 0.3800895 0.4336231 0.4440784 0.3075618 0.3073412 0.3674535 0.1139857 0.0000000 0.3714334 0.3301728 0.4362521 0.3132149 
MJM1652    0.3148310 0.1381594 0.3838961 0.1866871 0.2087451 0.3419190 0.5066338 0.3672718 0.3714334 0.0000000 0.2244061 0.5644607 0.2584418 
NepSFB     0.2317678 0.2391563 0.3601965 0.2712005 0.0211517 0.2700899 0.4090215 0.3249480 0.3301728 0.2244061 0.0000000 0.5108233 0.1789386 
WPYJ       0.5950698 0.5546825 0.6428275 0.5841153 0.4839619 0.4960543 0.2379963 0.5108411 0.4362521 0.5644607 0.5108233 0.0000000 0.5329618 
MJM2940    0.1901309 0.2183986 0.3823962 0.2758170 0.1645535 0.2853368 0.4697907 0.3122229 0.3132149 0.2584418 0.1789386 0.5329618 0.0000000 
