13
DrolusSFB  0.0000000 0.2580203 0.3366829 0.3307275 0.2446201 0.2784780 0.3221273 0.3388142 0.3509220 0.3039325 0.2545556 0.3028613 0.1667847 
Dino       0.2580203 0.0000000 0.3571514 0.2095945 0.2650940 0.3156347 0.3253118 0.3593726 0.3900051 0.1370802 0.2647008 0.3418058 0.2328970 
MJM3360    0.3366829 0.3571514 0.0000000 0.3799841 0.3580959 0.2655494 0.3328146 0.3639897 0.3706369 0.3720386 0.3694925 0.3721351 0.3376737 
DrobinSFB  0.3307275 0.2095945 0.3799841 0.0000000 0.3186886 0.2927580 0.2895781 0.3326652 0.3624921 0.2069162 0.3164613 0.3026854 0.2983011 
Neam       0.2446201 0.2650940 0.3580959 0.3186886 0.0000000 0.2591074 0.3025842 0.3384742 0.3545718 0.2958178 0.0103859 0.3082766 0.2148375 
RuprSFB    0.2784780 0.3156347 0.2655494 0.2927580 0.2591074 0.0000000 0.2651900 0.2642977 0.3005090 0.3167264 0.2712503 0.2897188 0.2468373 
Retr       0.3221273 0.3253118 0.3328146 0.2895781 0.3025842 0.2651900 0.0000000 0.3272629 0.3274974 0.3486242 0.3046945 0.1641501 0.2638660 
Beta       0.3388142 0.3593726 0.3639897 0.3326652 0.3384742 0.2642977 0.3272629 0.0000000 0.1408908 0.3700876 0.3434418 0.3462012 0.3016672 
Spol       0.3509220 0.3900051 0.3706369 0.3624921 0.3545718 0.3005090 0.3274974 0.1408908 0.0000000 0.3789024 0.3519170 0.3421252 0.3000227 
MJM1652    0.3039325 0.1370802 0.3720386 0.2069162 0.2958178 0.3167264 0.3486242 0.3700876 0.3789024 0.0000000 0.3093584 0.3309763 0.2431891 
NepSFB     0.2545556 0.2647008 0.3694925 0.3164613 0.0103859 0.2712503 0.3046945 0.3434418 0.3519170 0.3093584 0.0000000 0.3084522 0.2266810 
WPYJ       0.3028613 0.3418058 0.3721351 0.3026854 0.3082766 0.2897188 0.1641501 0.3462012 0.3421252 0.3309763 0.3084522 0.0000000 0.2522226 
MJM2940    0.1667847 0.2328970 0.3376737 0.2983011 0.2148375 0.2468373 0.2638660 0.3016672 0.3000227 0.2431891 0.2266810 0.2522226 0.0000000 
