13
DrolusSFB  0.0000000 0.3389114 0.5192605 0.3873948 0.3197107 0.3955819 0.4381970 0.3779014 0.4023656 0.4098694 0.3205503 0.4652246 0.2593273 
Dino       0.3389114 0.0000000 0.5110903 0.2436880 0.2617144 0.4075333 0.4378742 0.3913374 0.4420929 0.1758733 0.2666465 0.4089495 0.2979591 
MJM3360    0.5192605 0.5110903 0.0000000 0.5316736 0.4562076 0.3839914 0.4854353 0.4676604 0.4967886 0.5457041 0.4591661 0.4834889 0.4639502 
DrobinSFB  0.3873948 0.2436880 0.5316736 0.0000000 0.3033948 0.3975632 0.4239830 0.3874247 0.4362474 0.2689567 0.3182760 0.3907224 0.3308353 
Neam       0.3197107 0.2617144 0.4562076 0.3033948 0.0000000 0.3720378 0.3945696 0.3910537 0.4360800 0.3091696 0.0129308 0.4166269 0.2094140 
RuprSFB    0.3955819 0.4075333 0.3839914 0.3975632 0.3720378 0.0000000 0.4340486 0.4372977 0.4527795 0.4092624 0.3634889 0.4086499 0.4057177 
Retr       0.4381970 0.4378742 0.4854353 0.4239830 0.3945696 0.4340486 0.0000000 0.4374070 0.4695528 0.4648408 0.3963723 0.2129167 0.3698486 
Beta       0.3779014 0.3913374 0.4676604 0.3874247 0.3910537 0.4372977 0.4374070 0.0000000 0.1396770 0.4446829 0.3964670 0.4156771 0.3546609 
Spol       0.4023656 0.4420929 0.4967886 0.4362474 0.4360800 0.4527795 0.4695528 0.1396770 0.0000000 0.4925147 0.4377376 0.4888343 0.3868220 
MJM1652    0.4098694 0.1758733 0.5457041 0.2689567 0.3091696 0.4092624 0.4648408 0.4446829 0.4925147 0.0000000 0.3141062 0.4529624 0.3484062 
NepSFB     0.3205503 0.2666465 0.4591661 0.3182760 0.0129308 0.3634889 0.3963723 0.3964670 0.4377376 0.3141062 0.0000000 0.4231046 0.2167393 
WPYJ       0.4652246 0.4089495 0.4834889 0.3907224 0.4166269 0.4086499 0.2129167 0.4156771 0.4888343 0.4529624 0.4231046 0.0000000 0.4077722 
MJM2940    0.2593273 0.2979591 0.4639502 0.3308353 0.2094140 0.4057177 0.3698486 0.3546609 0.3868220 0.3484062 0.2167393 0.4077722 0.0000000 
