13
DrolusSFB  0.0000000 0.3083506 0.3956501 0.3386456 0.2186936 0.3306228 0.3159468 0.3061617 0.3039701 0.3760342 0.2309721 0.3405153 0.1688201 
Dino       0.3083506 0.0000000 0.4180976 0.1741856 0.2754328 0.3861545 0.3401926 0.3523672 0.3581497 0.1865630 0.2808929 0.3233293 0.2275151 
MJM3360    0.3956501 0.4180976 0.0000000 0.4743376 0.3525387 0.3251257 0.3808068 0.3747042 0.3319933 0.4632308 0.3651753 0.3799014 0.3254033 
DrobinSFB  0.3386456 0.1741856 0.4743376 0.0000000 0.3156754 0.4189924 0.3603323 0.4197182 0.3712160 0.2299198 0.3195808 0.3376578 0.2643761 
Neam       0.2186936 0.2754328 0.3525387 0.3156754 0.0000000 0.3533642 0.2863466 0.3395677 0.3115248 0.3665248 0.0149283 0.2635975 0.1722891 
RuprSFB    0.3306228 0.3861545 0.3251257 0.4189924 0.3533642 0.0000000 0.3325706 0.3727775 0.3378243 0.4181484 0.3605414 0.3191884 0.3033218 
Retr       0.3159468 0.3401926 0.3808068 0.3603323 0.2863466 0.3325706 0.0000000 0.3218965 0.3393648 0.4030906 0.3021639 0.1784921 0.2506481 
Beta       0.3061617 0.3523672 0.3747042 0.4197182 0.3395677 0.3727775 0.3218965 0.0000000 0.1835883 0.4342163 0.3528019 0.2971743 0.2855199 
Spol       0.3039701 0.3581497 0.3319933 0.3712160 0.3115248 0.3378243 0.3393648 0.1835883 0.0000000 0.3782107 0.3280583 0.3344290 0.2834574 
MJM1652    0.3760342 0.1865630 0.4632308 0.2299198 0.3665248 0.4181484 0.4030906 0.4342163 0.3782107 0.0000000 0.3710817 0.3750764 0.3193599 
NepSFB     0.2309721 0.2808929 0.3651753 0.3195808 0.0149283 0.3605414 0.3021639 0.3528019 0.3280583 0.3710817 0.0000000 0.2584913 0.1797938 
WPYJ       0.3405153 0.3233293 0.3799014 0.3376578 0.2635975 0.3191884 0.1784921 0.2971743 0.3344290 0.3750764 0.2584913 0.0000000 0.2359675 
MJM2940    0.1688201 0.2275151 0.3254033 0.2643761 0.1722891 0.3033218 0.2506481 0.2855199 0.2834574 0.3193599 0.1797938 0.2359675 0.0000000 
