13
DrolusSFB  0.0000000 0.2519393 0.2926222 0.2926930 0.2244975 0.2947315 0.2805212 0.3212696 0.3312500 0.2722197 0.2251297 0.2936453 0.1658493 
Dino       0.2519393 0.0000000 0.2820796 0.1846917 0.2097922 0.2485668 0.2690765 0.3041898 0.3232813 0.1180156 0.2063771 0.3281490 0.2127893 
MJM3360    0.2926222 0.2820796 0.0000000 0.3323714 0.2617349 0.2224341 0.3047059 0.3571655 0.3832953 0.3200409 0.2562750 0.3771847 0.2658459 
DrobinSFB  0.2926930 0.1846917 0.3323714 0.0000000 0.2500437 0.3116246 0.3356754 0.3442328 0.3372682 0.1841436 0.2462615 0.4171028 0.2397747 
Neam       0.2244975 0.2097922 0.2617349 0.2500437 0.0000000 0.2272278 0.2787923 0.3135550 0.3263306 0.2409991 0.0076147 0.3277186 0.1549587 
RuprSFB    0.2947315 0.2485668 0.2224341 0.3116246 0.2272278 0.0000000 0.2937988 0.3304565 0.3376270 0.2817221 0.2270294 0.3447856 0.2366943 
Retr       0.2805212 0.2690765 0.3047059 0.3356754 0.2787923 0.2937988 0.0000000 0.3285424 0.3261760 0.2923423 0.2764816 0.1896103 0.2636180 
Beta       0.3212696 0.3041898 0.3571655 0.3442328 0.3135550 0.3304565 0.3285424 0.0000000 0.1298137 0.3429588 0.3123033 0.3772069 0.3004336 
Spol       0.3312500 0.3232813 0.3832953 0.3372682 0.3263306 0.3376270 0.3261760 0.1298137 0.0000000 0.3417539 0.3231884 0.4269433 0.2942530 
MJM1652    0.2722197 0.1180156 0.3200409 0.1841436 0.2409991 0.2817221 0.2923423 0.3429588 0.3417539 0.0000000 0.2397414 0.3508934 0.2400592 
NepSFB     0.2251297 0.2063771 0.2562750 0.2462615 0.0076147 0.2270294 0.2764816 0.3123033 0.3231884 0.2397414 0.0000000 0.3219642 0.1528069 
WPYJ       0.2936453 0.3281490 0.3771847 0.4171028 0.3277186 0.3447856 0.1896103 0.3772069 0.4269433 0.3508934 0.3219642 0.0000000 0.3323189 
MJM2940    0.1658493 0.2127893 0.2658459 0.2397747 0.1549587 0.2366943 0.2636180 0.3004336 0.2942530 0.2400592 0.1528069 0.3323189 0.0000000 
