13
DrolusSFB  0.0000000 0.2449114 0.3541494 0.3411740 0.2327150 0.3033686 0.3197127 0.3217303 0.3415141 0.3821073 0.3050616 0.4255652 0.1942600 
Dino       0.2449114 0.0000000 0.2830015 0.1643375 0.1954789 0.2489291 0.2930016 0.2853274 0.2727836 0.1544981 0.1997078 0.3234880 0.1905122 
MJM3360    0.3541494 0.2830015 0.0000000 0.3968555 0.3031188 0.2513728 0.3230047 0.3547262 0.3207930 0.4147942 0.3639093 0.4359814 0.3344522 
DrobinSFB  0.3411740 0.1643375 0.3968555 0.0000000 0.2753157 0.3632168 0.3138893 0.3555697 0.3444704 0.2316697 0.3106126 0.4398302 0.2874286 
Neam       0.2327150 0.1954789 0.3031188 0.2753157 0.0000000 0.2560538 0.2773727 0.2686694 0.2784596 0.2548843 0.0142103 0.3154466 0.1749843 
RuprSFB    0.3033686 0.2489291 0.2513728 0.3632168 0.2560538 0.0000000 0.2872377 0.3027003 0.3056646 0.3809264 0.3019190 0.3829766 0.2700416 
Retr       0.3197127 0.2930016 0.3230047 0.3138893 0.2773727 0.2872377 0.0000000 0.3139553 0.2993060 0.3046222 0.2882194 0.1863317 0.2429409 
Beta       0.3217303 0.2853274 0.3547262 0.3555697 0.2686694 0.3027003 0.3139553 0.0000000 0.1386441 0.4028808 0.3272194 0.3936755 0.2874082 
Spol       0.3415141 0.2727836 0.3207930 0.3444704 0.2784596 0.3056646 0.2993060 0.1386441 0.0000000 0.4207194 0.3377465 0.3737896 0.3004260 
MJM1652    0.3821073 0.1544981 0.4147942 0.2316697 0.2548843 0.3809264 0.3046222 0.4028808 0.4207194 0.0000000 0.3625703 0.4941584 0.3321315 
NepSFB     0.3050616 0.1997078 0.3639093 0.3106126 0.0142103 0.3019190 0.2882194 0.3272194 0.3377465 0.3625703 0.0000000 0.4505889 0.2468590 
WPYJ       0.4255652 0.3234880 0.4359814 0.4398302 0.3154466 0.3829766 0.1863317 0.3936755 0.3737896 0.4941584 0.4505889 0.0000000 0.3582627 
MJM2940    0.1942600 0.1905122 0.3344522 0.2874286 0.1749843 0.2700416 0.2429409 0.2874082 0.3004260 0.3321315 0.2468590 0.3582627 0.0000000 
