13
DrolusSFB  0.0000000 0.4144442 0.3762539 0.4036977 0.3442995 0.3606768 0.4535546 0.3777521 0.3727105 0.4054671 0.3463936 0.4743884 0.2735722 
Dino       0.4144442 0.0000000 0.4398443 0.4815555 0.2804717 0.3774739 0.4391659 0.4048974 0.4467294 0.2062717 0.2887158 0.4573655 0.2803473 
MJM3360    0.3762539 0.4398443 0.0000000 0.5249431 0.3318504 0.2777832 0.3873965 0.3927150 0.4343970 0.3919628 0.3237236 0.3918142 0.3589852 
DrobinSFB  0.4036977 0.4815555 0.5249431 0.0000000 0.4031490 0.4898944 0.5175478 0.4882025 0.4639638 0.3986256 0.4026624 0.5523589 0.4052399 
Neam       0.3442995 0.2804717 0.3318504 0.4031490 0.0000000 0.2853254 0.3286273 0.3205169 0.3468756 0.2994006 0.0129446 0.3700365 0.1936069 
RuprSFB    0.3606768 0.3774739 0.2777832 0.4898944 0.2853254 0.0000000 0.3085764 0.3233636 0.3754225 0.3840845 0.2838816 0.3642211 0.2911166 
Retr       0.4535546 0.4391659 0.3873965 0.5175478 0.3286273 0.3085764 0.0000000 0.3273405 0.3874930 0.4421027 0.3226321 0.1875376 0.3274025 
Beta       0.3777521 0.4048974 0.3927150 0.4882025 0.3205169 0.3233636 0.3273405 0.0000000 0.2167535 0.3683879 0.3245159 0.3378483 0.2923222 
Spol       0.3727105 0.4467294 0.4343970 0.4639638 0.3468756 0.3754225 0.3874930 0.2167535 0.0000000 0.4022154 0.3526465 0.3896526 0.3387494 
MJM1652    0.4054671 0.2062717 0.3919628 0.3986256 0.2994006 0.3840845 0.4421027 0.3683879 0.4022154 0.0000000 0.3064813 0.4900968 0.3018502 
NepSFB     0.3463936 0.2887158 0.3237236 0.4026624 0.0129446 0.2838816 0.3226321 0.3245159 0.3526465 0.3064813 0.0000000 0.3651672 0.1974494 
WPYJ       0.4743884 0.4573655 0.3918142 0.5523589 0.3700365 0.3642211 0.1875376 0.3378483 0.3896526 0.4900968 0.3651672 0.0000000 0.3587090 
MJM2940    0.2735722 0.2803473 0.3589852 0.4052399 0.1936069 0.2911166 0.3274025 0.2923222 0.3387494 0.3018502 0.1974494 0.3587090 0.0000000 
