13
DrolusSFB  0.0000000 0.2895534 0.3903386 0.3624153 0.2364436 0.3578067 0.3448042 0.3489991 0.3356941 0.3388346 0.2412475 0.3540843 0.1607682 
Dino       0.2895534 0.0000000 0.3723177 0.1955562 0.2362430 0.3301411 0.3717003 0.3627301 0.3453752 0.1434159 0.2392406 0.3828811 0.2424348 
MJM3360    0.3903386 0.3723177 0.0000000 0.4007375 0.3311897 0.3101464 0.3779175 0.3787850 0.3992717 0.4228425 0.3322183 0.3709923 0.3189296 
DrobinSFB  0.3624153 0.1955562 0.4007375 0.0000000 0.2823818 0.3547110 0.4532803 0.3982269 0.3911460 0.2408061 0.2783314 0.4409085 0.2748289 
Neam       0.2364436 0.2362430 0.3311897 0.2823818 0.0000000 0.3002043 0.2898329 0.2940394 0.3097554 0.2860746 0.0093579 0.2894878 0.1792483 
RuprSFB    0.3578067 0.3301411 0.3101464 0.3547110 0.3002043 0.0000000 0.3522219 0.3640005 0.3752407 0.3944712 0.3001160 0.3818314 0.2825797 
Retr       0.3448042 0.3717003 0.3779175 0.4532803 0.2898329 0.3522219 0.0000000 0.3814573 0.3555088 0.3903891 0.2850549 0.1794896 0.2998733 
Beta       0.3489991 0.3627301 0.3787850 0.3982269 0.2940394 0.3640005 0.3814573 0.0000000 0.1237052 0.4204975 0.2992978 0.4128204 0.2964799 
Spol       0.3356941 0.3453752 0.3992717 0.3911460 0.3097554 0.3752407 0.3555088 0.1237052 0.0000000 0.3918313 0.3125911 0.4005863 0.3012757 
MJM1652    0.3388346 0.1434159 0.4228425 0.2408061 0.2860746 0.3944712 0.3903891 0.4204975 0.3918313 0.0000000 0.2844312 0.3846925 0.2904655 
NepSFB     0.2412475 0.2392406 0.3322183 0.2783314 0.0093579 0.3001160 0.2850549 0.2992978 0.3125911 0.2844312 0.0000000 0.2943663 0.1844826 
WPYJ       0.3540843 0.3828811 0.3709923 0.4409085 0.2894878 0.3818314 0.1794896 0.4128204 0.4005863 0.3846925 0.2943663 0.0000000 0.3169337 
MJM2940    0.1607682 0.2424348 0.3189296 0.2748289 0.1792483 0.2825797 0.2998733 0.2964799 0.3012757 0.2904655 0.1844826 0.3169337 0.0000000 
