13
DrolusSFB  0.0000000 0.2600714 0.4510162 0.3399163 0.2755320 0.3341887 0.3478071 0.3744548 0.4342543 0.3297351 0.2833135 0.3490392 0.1764572 
Dino       0.2600714 0.0000000 0.4248980 0.1934009 0.2525617 0.3002381 0.3212132 0.3744793 0.4253028 0.1581362 0.2526559 0.3790324 0.2223067 
MJM3360    0.4510162 0.4248980 0.0000000 0.4940965 0.3942345 0.3036779 0.4010326 0.4277604 0.4342992 0.4743639 0.4143318 0.4315516 0.3679393 
DrobinSFB  0.3399163 0.1934009 0.4940965 0.0000000 0.3268274 0.3550690 0.4046748 0.4066680 0.4357847 0.2328319 0.3281163 0.4288288 0.2687809 
Neam       0.2755320 0.2525617 0.3942345 0.3268274 0.0000000 0.2632448 0.2907485 0.3578386 0.3920019 0.3039448 0.0144516 0.3321284 0.1943307 
RuprSFB    0.3341887 0.3002381 0.3036779 0.3550690 0.2632448 0.0000000 0.2889230 0.3344936 0.3735341 0.3434080 0.2581231 0.3255829 0.2558623 
Retr       0.3478071 0.3212132 0.4010326 0.4046748 0.2907485 0.2889230 0.0000000 0.3782945 0.4445847 0.3866691 0.2938026 0.1825233 0.2798693 
Beta       0.3744548 0.3744793 0.4277604 0.4066680 0.3578386 0.3344936 0.3782945 0.0000000 0.1294178 0.4107927 0.3674516 0.3653499 0.2953540 
Spol       0.4342543 0.4253028 0.4342992 0.4357847 0.3920019 0.3735341 0.4445847 0.1294178 0.0000000 0.4522358 0.4052801 0.4558083 0.3512851 
MJM1652    0.3297351 0.1581362 0.4743639 0.2328319 0.3039448 0.3434080 0.3866691 0.4107927 0.4522358 0.0000000 0.3105533 0.4187867 0.2501836 
NepSFB     0.2833135 0.2526559 0.4143318 0.3281163 0.0144516 0.2581231 0.2938026 0.3674516 0.4052801 0.3105533 0.0000000 0.3387829 0.1951921 
WPYJ       0.3490392 0.3790324 0.4315516 0.4288288 0.3321284 0.3255829 0.1825233 0.3653499 0.4558083 0.4187867 0.3387829 0.0000000 0.3048869 
MJM2940    0.1764572 0.2223067 0.3679393 0.2687809 0.1943307 0.2558623 0.2798693 0.2953540 0.3512851 0.2501836 0.1951921 0.3048869 0.0000000 
