13
DrolusSFB  0.0000000 0.4122574 0.3366873 0.4691443 0.3657680 0.4236692 0.5510184 0.5635711 0.4135734 0.4696673 0.3675228 0.5002266 0.2529839 
Dino       0.4122574 0.0000000 0.3139655 0.2917252 0.3388991 0.3790768 0.5867888 0.5415154 0.3673737 0.2482319 0.3408390 0.5019326 0.3685399 
MJM3360    0.3366873 0.3139655 0.0000000 0.3953716 0.2978809 0.2815002 0.2894984 0.3602836 0.3796927 0.3391567 0.2944536 0.3077166 0.3365305 
DrobinSFB  0.4691443 0.2917252 0.3953716 0.0000000 0.4118037 0.4309506 0.5956498 0.5935604 0.4142452 0.3571894 0.4173050 0.5755400 0.4204486 
Neam       0.3657680 0.3388991 0.2978809 0.4118037 0.0000000 0.3103695 0.4947233 0.4894056 0.3685278 0.3809384 0.0103340 0.4367577 0.2535364 
RuprSFB    0.4236692 0.3790768 0.2815002 0.4309506 0.3103695 0.0000000 0.3429044 0.4197387 0.4176050 0.4013556 0.3071983 0.3892043 0.3637591 
Retr       0.5510184 0.5867888 0.2894984 0.5956498 0.4947233 0.3429044 0.0000000 0.5803648 0.3122671 0.5603115 0.5021795 0.3161190 0.4711656 
Beta       0.5635711 0.5415154 0.3602836 0.5935604 0.4894056 0.4197387 0.5803648 0.0000000 0.1604324 0.5382096 0.4954281 0.5448182 0.5163474 
Spol       0.4135734 0.3673737 0.3796927 0.4142452 0.3685278 0.4176050 0.3122671 0.1604324 0.0000000 0.3847181 0.3711451 0.3915957 0.3876388 
MJM1652    0.4696673 0.2482319 0.3391567 0.3571894 0.3809384 0.4013556 0.5603115 0.5382096 0.3847181 0.0000000 0.3796295 0.5415348 0.3857401 
NepSFB     0.3675228 0.3408390 0.2944536 0.4173050 0.0103340 0.3071983 0.5021795 0.4954281 0.3711451 0.3796295 0.0000000 0.4369959 0.2545252 
WPYJ       0.5002266 0.5019326 0.3077166 0.5755400 0.4367577 0.3892043 0.3161190 0.5448182 0.3915957 0.5415348 0.4369959 0.0000000 0.4584699 
MJM2940    0.2529839 0.3685399 0.3365305 0.4204486 0.2535364 0.3637591 0.4711656 0.5163474 0.3876388 0.3857401 0.2545252 0.4584699 0.0000000 
