13
DrolusSFB  0.0000000 0.3232181 0.3613784 0.2898439 0.3004691 0.3376568 0.3368041 0.3554497 0.3747569 0.2777330 0.3104730 0.3616653 0.2093641 
Dino       0.3232181 0.0000000 0.4384510 0.2567971 0.2773244 0.4623492 0.3420147 0.3961284 0.4087922 0.1562488 0.2806277 0.3539287 0.2786796 
MJM3360    0.3613784 0.4384510 0.0000000 0.4423822 0.3696720 0.2743372 0.3710434 0.4001106 0.4177633 0.3944201 0.3808561 0.3596037 0.3015417 
DrobinSFB  0.2898439 0.2567971 0.4423822 0.0000000 0.3440287 0.4174818 0.3365737 0.3773272 0.3644177 0.2480163 0.3523214 0.3390038 0.2562990 
Neam       0.3004691 0.2773244 0.3696720 0.3440287 0.0000000 0.3296530 0.2532192 0.3411601 0.3336951 0.3064629 0.0091635 0.2718728 0.2189668 
RuprSFB    0.3376568 0.4623492 0.2743372 0.4174818 0.3296530 0.0000000 0.3526788 0.3863151 0.3685236 0.3621267 0.3367266 0.3389674 0.3069145 
Retr       0.3368041 0.3420147 0.3710434 0.3365737 0.2532192 0.3526788 0.0000000 0.3110799 0.3474092 0.3336889 0.2728198 0.1639385 0.2429561 
Beta       0.3554497 0.3961284 0.4001106 0.3773272 0.3411601 0.3863151 0.3110799 0.0000000 0.1479157 0.3446573 0.3817569 0.3473503 0.3144210 
Spol       0.3747569 0.4087922 0.4177633 0.3644177 0.3336951 0.3685236 0.3474092 0.1479157 0.0000000 0.3892173 0.3672727 0.3933218 0.3114736 
MJM1652    0.2777330 0.1562488 0.3944201 0.2480163 0.3064629 0.3621267 0.3336889 0.3446573 0.3892173 0.0000000 0.3235164 0.3576797 0.2700621 
NepSFB     0.3104730 0.2806277 0.3808561 0.3523214 0.0091635 0.3367266 0.2728198 0.3817569 0.3672727 0.3235164 0.0000000 0.2883033 0.2182636 
WPYJ       0.3616653 0.3539287 0.3596037 0.3390038 0.2718728 0.3389674 0.1639385 0.3473503 0.3933218 0.3576797 0.2883033 0.0000000 0.2928060 
MJM2940    0.2093641 0.2786796 0.3015417 0.2562990 0.2189668 0.3069145 0.2429561 0.3144210 0.3114736 0.2700621 0.2182636 0.2928060 0.0000000 
