13
DrolusSFB  0.0000000 0.2265071 0.3420115 0.3073859 0.2083780 0.2905187 0.3143184 0.3580133 0.3992768 0.2737444 0.2102865 0.3127898 0.1595915 
Dino       0.2265071 0.0000000 0.3277379 0.1652850 0.1925289 0.2943861 0.2900078 0.3371050 0.3490852 0.1303732 0.1917326 0.3473225 0.1988856 
MJM3360    0.3420115 0.3277379 0.0000000 0.3717951 0.3274092 0.3170963 0.3592870 0.4108823 0.4191217 0.3551017 0.3266593 0.3856881 0.3329997 
DrobinSFB  0.3073859 0.1652850 0.3717951 0.0000000 0.2594140 0.3657395 0.3591518 0.3848144 0.4053860 0.1941169 0.2639131 0.4438070 0.2598796 
Neam       0.2083780 0.1925289 0.3274092 0.2594140 0.0000000 0.2709963 0.2809601 0.3455128 0.3801385 0.2382959 0.0106601 0.3325803 0.1638339 
RuprSFB    0.2905187 0.2943861 0.3170963 0.3657395 0.2709963 0.0000000 0.3181295 0.3192869 0.3594305 0.3263028 0.2664676 0.3649546 0.2762796 
Retr       0.3143184 0.2900078 0.3592870 0.3591518 0.2809601 0.3181295 0.0000000 0.3670697 0.4152223 0.3249216 0.2898120 0.1566201 0.2597033 
Beta       0.3580133 0.3371050 0.4108823 0.3848144 0.3455128 0.3192869 0.3670697 0.0000000 0.1523216 0.3910278 0.3505565 0.3670114 0.3195616 
Spol       0.3992768 0.3490852 0.4191217 0.4053860 0.3801385 0.3594305 0.4152223 0.1523216 0.0000000 0.4074481 0.3755525 0.4145559 0.3355810 
MJM1652    0.2737444 0.1303732 0.3551017 0.1941169 0.2382959 0.3263028 0.3249216 0.3910278 0.4074481 0.0000000 0.2393567 0.4334113 0.2302073 
NepSFB     0.2102865 0.1917326 0.3266593 0.2639131 0.0106601 0.2664676 0.2898120 0.3505565 0.3755525 0.2393567 0.0000000 0.3299822 0.1679999 
WPYJ       0.3127898 0.3473225 0.3856881 0.4438070 0.3325803 0.3649546 0.1566201 0.3670114 0.4145559 0.4334113 0.3299822 0.0000000 0.3190509 
MJM2940    0.1595915 0.1988856 0.3329997 0.2598796 0.1638339 0.2762796 0.2597033 0.3195616 0.3355810 0.2302073 0.1679999 0.3190509 0.0000000 
