13
DrolusSFB  0.0000000 0.2883439 0.4690513 0.3217057 0.2641699 0.3808996 0.3758969 0.3670073 0.3836098 0.3069424 0.2670382 0.4755664 0.1703318 
Dino       0.2883439 0.0000000 0.4517312 0.1970307 0.2507571 0.3737301 0.3660733 0.3916726 0.3883397 0.1512366 0.2508446 0.4573040 0.2552440 
MJM3360    0.4690513 0.4517312 0.0000000 0.4513543 0.4105248 0.3387873 0.5511829 0.5007866 0.5291068 0.4605047 0.4115600 0.5970447 0.4483992 
DrobinSFB  0.3217057 0.1970307 0.4513543 0.0000000 0.2516453 0.4193663 0.3855302 0.3857629 0.3938975 0.2178016 0.2542662 0.4799468 0.2777818 
Neam       0.2641699 0.2507571 0.4105248 0.2516453 0.0000000 0.3535074 0.3489286 0.3465370 0.3424035 0.2658019 0.0124503 0.4347553 0.2270556 
RuprSFB    0.3808996 0.3737301 0.3387873 0.4193663 0.3535074 0.0000000 0.4372573 0.4166943 0.4241891 0.3685415 0.3502968 0.4744799 0.3515510 
Retr       0.3758969 0.3660733 0.5511829 0.3855302 0.3489286 0.4372573 0.0000000 0.4306772 0.4628304 0.3757427 0.3531592 0.2199731 0.3721451 
Beta       0.3670073 0.3916726 0.5007866 0.3857629 0.3465370 0.4166943 0.4306772 0.0000000 0.1402053 0.3760891 0.3415388 0.4815242 0.3382800 
Spol       0.3836098 0.3883397 0.5291068 0.3938975 0.3424035 0.4241891 0.4628304 0.1402053 0.0000000 0.3854851 0.3399823 0.5024315 0.3404944 
MJM1652    0.3069424 0.1512366 0.4605047 0.2178016 0.2658019 0.3685415 0.3757427 0.3760891 0.3854851 0.0000000 0.2644966 0.4631432 0.2654018 
NepSFB     0.2670382 0.2508446 0.4115600 0.2542662 0.0124503 0.3502968 0.3531592 0.3415388 0.3399823 0.2644966 0.0000000 0.4390913 0.2266148 
WPYJ       0.4755664 0.4573040 0.5970447 0.4799468 0.4347553 0.4744799 0.2199731 0.4815242 0.5024315 0.4631432 0.4390913 0.0000000 0.4246885 
MJM2940    0.1703318 0.2552440 0.4483992 0.2777818 0.2270556 0.3515510 0.3721451 0.3382800 0.3404944 0.2654018 0.2266148 0.4246885 0.0000000 
