13
DrolusSFB  0.0000000 0.3657918 0.4432636 0.4747732 0.2940049 0.4164291 0.3387654 0.3882096 0.4320277 0.4065735 0.2958371 0.4562981 0.2154102 
Dino       0.3657918 0.0000000 0.4257468 0.2495206 0.2905245 0.4162120 0.3352673 0.4021375 0.4337433 0.1794887 0.2951987 0.4223224 0.2774421 
MJM3360    0.4432636 0.4257468 0.0000000 0.5356805 0.3656422 0.3611011 0.4036857 0.4252937 0.4222264 0.4465931 0.3644427 0.4952525 0.3676284 
DrobinSFB  0.4747732 0.2495206 0.5356805 0.0000000 0.3923897 0.5328337 0.4495292 0.4837883 0.5251396 0.2966961 0.3921876 0.5354996 0.3762639 
Neam       0.2940049 0.2905245 0.3656422 0.3923897 0.0000000 0.3459362 0.2737934 0.3165119 0.3718317 0.3412539 0.0153793 0.3848200 0.2163682 
RuprSFB    0.4164291 0.4162120 0.3611011 0.5328337 0.3459362 0.0000000 0.3539226 0.4330503 0.4925628 0.4734449 0.3505919 0.4354666 0.3263285 
Retr       0.3387654 0.3352673 0.4036857 0.4495292 0.2737934 0.3539226 0.0000000 0.3451333 0.3759801 0.3848911 0.2784041 0.2654392 0.2437331 
Beta       0.3882096 0.4021375 0.4252937 0.4837883 0.3165119 0.4330503 0.3451333 0.0000000 0.1588570 0.4262646 0.3188444 0.4365512 0.3079205 
Spol       0.4320277 0.4337433 0.4222264 0.5251396 0.3718317 0.4925628 0.3759801 0.1588570 0.0000000 0.4944811 0.3770734 0.4498322 0.3424551 
MJM1652    0.4065735 0.1794887 0.4465931 0.2966961 0.3412539 0.4734449 0.3848911 0.4262646 0.4944811 0.0000000 0.3431163 0.4820577 0.3164171 
NepSFB     0.2958371 0.2951987 0.3644427 0.3921876 0.0153793 0.3505919 0.2784041 0.3188444 0.3770734 0.3431163 0.0000000 0.3859635 0.2185791 
WPYJ       0.4562981 0.4223224 0.4952525 0.5354996 0.3848200 0.4354666 0.2654392 0.4365512 0.4498322 0.4820577 0.3859635 0.0000000 0.3718894 
MJM2940    0.2154102 0.2774421 0.3676284 0.3762639 0.2163682 0.3263285 0.2437331 0.3079205 0.3424551 0.3164171 0.2185791 0.3718894 0.0000000 
