13
DrolusSFB  0.0000000 0.2831986 0.4248682 0.3087049 0.2224889 0.3206361 0.3312148 0.3420452 0.3609010 0.3255016 0.2302316 0.3639113 0.2104415 
Dino       0.2831986 0.0000000 0.4199614 0.1889639 0.2391913 0.3504161 0.3082022 0.3610336 0.3784216 0.1497053 0.2458802 0.3098417 0.2396221 
MJM3360    0.4248682 0.4199614 0.0000000 0.4761480 0.4036297 0.3455015 0.3584315 0.4287253 0.4037244 0.4905647 0.4113471 0.4315328 0.3598801 
DrobinSFB  0.3087049 0.1889639 0.4761480 0.0000000 0.2389813 0.3801622 0.3473552 0.4080881 0.4199011 0.2135929 0.2540149 0.2932615 0.2640904 
Neam       0.2224889 0.2391913 0.4036297 0.2389813 0.0000000 0.3054643 0.2713410 0.3564623 0.3476634 0.2797535 0.0204451 0.2918178 0.1906367 
RuprSFB    0.3206361 0.3504161 0.3455015 0.3801622 0.3054643 0.0000000 0.3235756 0.4145436 0.3766973 0.4182248 0.2953581 0.3116152 0.2987006 
Retr       0.3312148 0.3082022 0.3584315 0.3473552 0.2713410 0.3235756 0.0000000 0.3652509 0.3607832 0.3394113 0.2763187 0.1517711 0.2518760 
Beta       0.3420452 0.3610336 0.4287253 0.4080881 0.3564623 0.4145436 0.3652509 0.0000000 0.1126015 0.4195898 0.3623172 0.3913087 0.3324511 
Spol       0.3609010 0.3784216 0.4037244 0.4199011 0.3476634 0.3766973 0.3607832 0.1126015 0.0000000 0.4526368 0.3618523 0.3840019 0.3250641 
MJM1652    0.3255016 0.1497053 0.4905647 0.2135929 0.2797535 0.4182248 0.3394113 0.4195898 0.4526368 0.0000000 0.2870848 0.3424803 0.2814877 
NepSFB     0.2302316 0.2458802 0.4113471 0.2540149 0.0204451 0.2953581 0.2763187 0.3623172 0.3618523 0.2870848 0.0000000 0.2978108 0.1999927 
WPYJ       0.3639113 0.3098417 0.4315328 0.2932615 0.2918178 0.3116152 0.1517711 0.3913087 0.3840019 0.3424803 0.2978108 0.0000000 0.3012789 
MJM2940    0.2104415 0.2396221 0.3598801 0.2640904 0.1906367 0.2987006 0.2518760 0.3324511 0.3250641 0.2814877 0.1999927 0.3012789 0.0000000 
