13
DrolusSFB  0.0000000 0.2963328 0.3971427 0.3354848 0.2566269 0.2729738 0.2932346 0.3204018 0.3499508 0.3005196 0.2579940 0.2896689 0.1800419 
Dino       0.2963328 0.0000000 0.3424302 0.2201541 0.3536344 0.3007777 0.3340034 0.4066620 0.4274386 0.1715547 0.3669481 0.3213788 0.2651511 
MJM3360    0.3971427 0.3424302 0.0000000 0.3683821 0.4076004 0.3450893 0.4021626 0.4033819 0.4352113 0.3764201 0.3879072 0.4175112 0.3806878 
DrobinSFB  0.3354848 0.2201541 0.3683821 0.0000000 0.3046389 0.3301007 0.3413945 0.3726924 0.4044680 0.2172712 0.3071639 0.3560392 0.2769080 
Neam       0.2566269 0.3536344 0.4076004 0.3046389 0.0000000 0.3286714 0.3307004 0.3758294 0.4125779 0.3788768 0.0116056 0.3326131 0.2463499 
RuprSFB    0.2729738 0.3007777 0.3450893 0.3301007 0.3286714 0.0000000 0.2765341 0.3146377 0.3096971 0.3077515 0.3384006 0.2948276 0.2600467 
Retr       0.2932346 0.3340034 0.4021626 0.3413945 0.3307004 0.2765341 0.0000000 0.3270805 0.3455768 0.3809514 0.3225093 0.1749760 0.2774072 
Beta       0.3204018 0.4066620 0.4033819 0.3726924 0.3758294 0.3146377 0.3270805 0.0000000 0.1720976 0.4373162 0.3746947 0.3317521 0.3268899 
Spol       0.3499508 0.4274386 0.4352113 0.4044680 0.4125779 0.3096971 0.3455768 0.1720976 0.0000000 0.4396641 0.4178115 0.3501692 0.3214431 
MJM1652    0.3005196 0.1715547 0.3764201 0.2172712 0.3788768 0.3077515 0.3809514 0.4373162 0.4396641 0.0000000 0.4154781 0.3500318 0.2695519 
NepSFB     0.2579940 0.3669481 0.3879072 0.3071639 0.0116056 0.3384006 0.3225093 0.3746947 0.4178115 0.4154781 0.0000000 0.3109921 0.2478263 
WPYJ       0.2896689 0.3213788 0.4175112 0.3560392 0.3326131 0.2948276 0.1749760 0.3317521 0.3501692 0.3500318 0.3109921 0.0000000 0.2848098 
MJM2940    0.1800419 0.2651511 0.3806878 0.2769080 0.2463499 0.2600467 0.2774072 0.3268899 0.3214431 0.2695519 0.2478263 0.2848098 0.0000000 
