13
DrolusSFB  0.0000000 0.3248712 0.3427329 0.3670435 0.2399376 0.3077255 0.3513547 0.3550340 0.3525860 0.3488586 0.2431454 0.3504785 0.1775553 
Dino       0.3248712 0.0000000 0.3980602 0.2553023 0.2472682 0.3351166 0.3536295 0.4026661 0.3334995 0.1718165 0.2525066 0.4234324 0.3237137 
MJM3360    0.3427329 0.3980602 0.0000000 0.4708113 0.3299231 0.2688816 0.3344119 0.4002503 0.3383902 0.4327076 0.3299307 0.3609445 0.3113974 
DrobinSFB  0.3670435 0.2553023 0.4708113 0.0000000 0.3023325 0.4049267 0.4143221 0.4983964 0.4423080 0.2526708 0.3083741 0.4641638 0.3687810 
Neam       0.2399376 0.2472682 0.3299231 0.3023325 0.0000000 0.2273449 0.2432519 0.3126444 0.2629764 0.2971915 0.0041293 0.2612430 0.1707859 
RuprSFB    0.3077255 0.3351166 0.2688816 0.4049267 0.2273449 0.0000000 0.2615387 0.3400152 0.2793223 0.3449796 0.2321063 0.3132765 0.2760142 
Retr       0.3513547 0.3536295 0.3344119 0.4143221 0.2432519 0.2615387 0.0000000 0.3732513 0.3389645 0.3715313 0.2484416 0.1841116 0.3255661 
Beta       0.3550340 0.4026661 0.4002503 0.4983964 0.3126444 0.3400152 0.3732513 0.0000000 0.1622773 0.4542894 0.3126516 0.3768629 0.3085325 
Spol       0.3525860 0.3334995 0.3383902 0.4423080 0.2629764 0.2793223 0.3389645 0.1622773 0.0000000 0.3392914 0.2725883 0.3291342 0.2594986 
MJM1652    0.3488586 0.1718165 0.4327076 0.2526708 0.2971915 0.3449796 0.3715313 0.4542894 0.3392914 0.0000000 0.3029567 0.3983446 0.3176663 
NepSFB     0.2431454 0.2525066 0.3299307 0.3083741 0.0041293 0.2321063 0.2484416 0.3126516 0.2725883 0.3029567 0.0000000 0.2710565 0.1782142 
WPYJ       0.3504785 0.4234324 0.3609445 0.4641638 0.2612430 0.3132765 0.1841116 0.3768629 0.3291342 0.3983446 0.2710565 0.0000000 0.3205539 
MJM2940    0.1775553 0.3237137 0.3113974 0.3687810 0.1707859 0.2760142 0.3255661 0.3085325 0.2594986 0.3176663 0.1782142 0.3205539 0.0000000 
