13
DrolusSFB  0.0000000 0.3075075 0.4107142 0.3456493 0.2553569 0.3820607 0.3871194 0.3850048 0.3832940 0.3237922 0.2459946 0.3903714 0.1715064 
Dino       0.3075075 0.0000000 0.4028513 0.1952493 0.2552735 0.3954841 0.3732600 0.3315153 0.3470625 0.1617315 0.2459992 0.3447584 0.2337246 
MJM3360    0.4107142 0.4028513 0.0000000 0.4457278 0.3579432 0.2809860 0.4237109 0.3784522 0.3617268 0.4297653 0.3417721 0.4146975 0.3183439 
DrobinSFB  0.3456493 0.1952493 0.4457278 0.0000000 0.2859240 0.4650327 0.4118749 0.4021039 0.4059691 0.2182652 0.2856195 0.4032370 0.2797459 
Neam       0.2553569 0.2552735 0.3579432 0.2859240 0.0000000 0.2997326 0.3041027 0.2698161 0.2826705 0.2722279 0.0109392 0.2911224 0.2057043 
RuprSFB    0.3820607 0.3954841 0.2809860 0.4650327 0.2997326 0.0000000 0.3978018 0.3707928 0.3990785 0.4242382 0.2948107 0.4149262 0.3322300 
Retr       0.3871194 0.3732600 0.4237109 0.4118749 0.3041027 0.3978018 0.0000000 0.3307399 0.3528046 0.3859811 0.3020258 0.1602503 0.3104132 
Beta       0.3850048 0.3315153 0.3784522 0.4021039 0.2698161 0.3707928 0.3307399 0.0000000 0.1134150 0.3649654 0.2582441 0.3504275 0.3094938 
Spol       0.3832940 0.3470625 0.3617268 0.4059691 0.2826705 0.3990785 0.3528046 0.1134150 0.0000000 0.3813320 0.2689498 0.3756609 0.3092505 
MJM1652    0.3237922 0.1617315 0.4297653 0.2182652 0.2722279 0.4242382 0.3859811 0.3649654 0.3813320 0.0000000 0.2704877 0.3750955 0.2970057 
NepSFB     0.2459946 0.2459992 0.3417721 0.2856195 0.0109392 0.2948107 0.3020258 0.2582441 0.2689498 0.2704877 0.0000000 0.2874572 0.1948010 
WPYJ       0.3903714 0.3447584 0.4146975 0.4032370 0.2911224 0.4149262 0.1602503 0.3504275 0.3756609 0.3750955 0.2874572 0.0000000 0.2863968 
MJM2940    0.1715064 0.2337246 0.3183439 0.2797459 0.2057043 0.3322300 0.3104132 0.3094938 0.3092505 0.2970057 0.1948010 0.2863968 0.0000000 
