13
DrolusSFB  0.0000000 0.2968885 0.4090580 0.3045473 0.2729396 0.3809298 0.3483988 0.3758340 0.3794099 0.3420483 0.2767343 0.4034001 0.2035765 
Dino       0.2968885 0.0000000 0.3823541 0.1867293 0.2348596 0.3394843 0.3622916 0.3426017 0.3455877 0.1441168 0.2347607 0.4030769 0.2380076 
MJM3360    0.4090580 0.3823541 0.0000000 0.3907741 0.3231367 0.3034965 0.3378518 0.4051645 0.4050430 0.4026607 0.3361292 0.3746090 0.3630136 
DrobinSFB  0.3045473 0.1867293 0.3907741 0.0000000 0.2569499 0.3031206 0.3383725 0.3410076 0.3449374 0.2264300 0.2559039 0.3774785 0.2648838 
Neam       0.2729396 0.2348596 0.3231367 0.2569499 0.0000000 0.3052877 0.2670079 0.3180195 0.3358819 0.2797270 0.0095601 0.2713116 0.2197113 
RuprSFB    0.3809298 0.3394843 0.3034965 0.3031206 0.3052877 0.0000000 0.3297503 0.4086468 0.3967993 0.3811637 0.3138994 0.2925660 0.2924133 
Retr       0.3483988 0.3622916 0.3378518 0.3383725 0.2670079 0.3297503 0.0000000 0.3488547 0.3592369 0.3536639 0.2748312 0.1955646 0.3154153 
Beta       0.3758340 0.3426017 0.4051645 0.3410076 0.3180195 0.4086468 0.3488547 0.0000000 0.1220407 0.3680899 0.3181119 0.3902665 0.3536063 
Spol       0.3794099 0.3455877 0.4050430 0.3449374 0.3358819 0.3967993 0.3592369 0.1220407 0.0000000 0.3715211 0.3366527 0.4204199 0.3323854 
MJM1652    0.3420483 0.1441168 0.4026607 0.2264300 0.2797270 0.3811637 0.3536639 0.3680899 0.3715211 0.0000000 0.2820058 0.3457024 0.2851118 
NepSFB     0.2767343 0.2347607 0.3361292 0.2559039 0.0095601 0.3138994 0.2748312 0.3181119 0.3366527 0.2820058 0.0000000 0.2698286 0.2227889 
WPYJ       0.4034001 0.4030769 0.3746090 0.3774785 0.2713116 0.2925660 0.1955646 0.3902665 0.4204199 0.3457024 0.2698286 0.0000000 0.3149945 
MJM2940    0.2035765 0.2380076 0.3630136 0.2648838 0.2197113 0.2924133 0.3154153 0.3536063 0.3323854 0.2851118 0.2227889 0.3149945 0.0000000 
