13
DrolusSFB  0.0000000 0.3092395 0.3650647 0.3023757 0.2950364 0.3624076 0.3990742 0.3870485 0.4432573 0.3449956 0.2948427 0.3733117 0.2122912 
Dino       0.3092395 0.0000000 0.3850294 0.1939045 0.2688243 0.3503856 0.3778856 0.3704260 0.3776073 0.1899715 0.2674668 0.3395706 0.2708996 
MJM3360    0.3650647 0.3850294 0.0000000 0.3839151 0.3815956 0.3291714 0.4129018 0.3870219 0.3681337 0.4483471 0.3857787 0.4036133 0.3319898 
DrobinSFB  0.3023757 0.1939045 0.3839151 0.0000000 0.2603316 0.2545216 0.2422506 0.2724720 0.2701023 0.2407577 0.2517834 0.2791595 0.2463863 
Neam       0.2950364 0.2688243 0.3815956 0.2603316 0.0000000 0.3353611 0.3324937 0.3803552 0.3646440 0.3047638 0.0125719 0.3158060 0.2238090 
RuprSFB    0.3624076 0.3503856 0.3291714 0.2545216 0.3353611 0.0000000 0.3812550 0.3577631 0.3403700 0.3947234 0.3364956 0.3568393 0.3047678 
Retr       0.3990742 0.3778856 0.4129018 0.2422506 0.3324937 0.3812550 0.0000000 0.3211535 0.3790098 0.4326467 0.3332924 0.1827874 0.3363460 
Beta       0.3870485 0.3704260 0.3870219 0.2724720 0.3803552 0.3577631 0.3211535 0.0000000 0.1489753 0.4357663 0.3802661 0.4077878 0.3443473 
Spol       0.4432573 0.3776073 0.3681337 0.2701023 0.3646440 0.3403700 0.3790098 0.1489753 0.0000000 0.4291925 0.3627973 0.3822743 0.3379864 
MJM1652    0.3449956 0.1899715 0.4483471 0.2407577 0.3047638 0.3947234 0.4326467 0.4357663 0.4291925 0.0000000 0.3032675 0.3998092 0.2973092 
NepSFB     0.2948427 0.2674668 0.3857787 0.2517834 0.0125719 0.3364956 0.3332924 0.3802661 0.3627973 0.3032675 0.0000000 0.3126325 0.2247436 
WPYJ       0.3733117 0.3395706 0.4036133 0.2791595 0.3158060 0.3568393 0.1827874 0.4077878 0.3822743 0.3998092 0.3126325 0.0000000 0.2949850 
MJM2940    0.2122912 0.2708996 0.3319898 0.2463863 0.2238090 0.3047678 0.3363460 0.3443473 0.3379864 0.2973092 0.2247436 0.2949850 0.0000000 
