13
DrolusSFB  0.0000000 0.3419418 0.4264488 0.3729716 0.4027555 0.3965411 0.4992332 0.4579524 0.4418296 0.3871911 0.4086865 0.4982484 0.2527548 
Dino       0.3419418 0.0000000 0.4066868 0.2116673 0.3553108 0.4597392 0.4581753 0.4071816 0.4105005 0.1800654 0.3654669 0.4188671 0.2516460 
MJM3360    0.4264488 0.4066868 0.0000000 0.4401960 0.4184372 0.3490875 0.5105252 0.5099679 0.4773441 0.4619423 0.4062500 0.6031541 0.4161018 
DrobinSFB  0.3729716 0.2116673 0.4401960 0.0000000 0.4010134 0.4400733 0.4489751 0.4513574 0.4394701 0.2463894 0.4082152 0.3886733 0.3038693 
Neam       0.4027555 0.3553108 0.4184372 0.4010134 0.0000000 0.4140937 0.5819729 0.5082833 0.4712777 0.4225787 0.0190847 0.6784892 0.3878036 
RuprSFB    0.3965411 0.4597392 0.3490875 0.4400733 0.4140937 0.0000000 0.5159732 0.4241277 0.3988281 0.4356308 0.4323140 0.5350738 0.4049751 
Retr       0.4992332 0.4581753 0.5105252 0.4489751 0.5819729 0.5159732 0.0000000 0.4056955 0.4086199 0.4900623 0.5885438 0.2542328 0.4278536 
Beta       0.4579524 0.4071816 0.5099679 0.4513574 0.5082833 0.4241277 0.4056955 0.0000000 0.1547175 0.4595742 0.5004906 0.3664693 0.3774894 
Spol       0.4418296 0.4105005 0.4773441 0.4394701 0.4712777 0.3988281 0.4086199 0.1547175 0.0000000 0.4645802 0.4794030 0.3758113 0.4050831 
MJM1652    0.3871911 0.1800654 0.4619423 0.2463894 0.4225787 0.4356308 0.4900623 0.4595742 0.4645802 0.0000000 0.4256997 0.4327297 0.3149358 
NepSFB     0.4086865 0.3654669 0.4062500 0.4082152 0.0190847 0.4323140 0.5885438 0.5004906 0.4794030 0.4256997 0.0000000 0.6748619 0.3944615 
WPYJ       0.4982484 0.4188671 0.6031541 0.3886733 0.6784892 0.5350738 0.2542328 0.3664693 0.3758113 0.4327297 0.6748619 0.0000000 0.3948873 
MJM2940    0.2527548 0.2516460 0.4161018 0.3038693 0.3878036 0.4049751 0.4278536 0.3774894 0.4050831 0.3149358 0.3944615 0.3948873 0.0000000 
