13
DrolusSFB  0.0000000 0.3344078 0.4157750 0.3620886 0.2732455 0.3510875 0.3635858 0.4640259 0.4536454 0.3675759 0.2826562 0.3756141 0.1914559 
Dino       0.3344078 0.0000000 0.4254497 0.1956575 0.2870932 0.3593636 0.3718720 0.4693733 0.4857228 0.1903572 0.2939845 0.3824683 0.2919702 
MJM3360    0.4157750 0.4254497 0.0000000 0.4748653 0.3790315 0.3106831 0.4031921 0.4682781 0.4822419 0.4946655 0.3875516 0.4038316 0.3667856 
DrobinSFB  0.3620886 0.1956575 0.4748653 0.0000000 0.3313625 0.4121728 0.3912827 0.5069601 0.4966020 0.2595380 0.3425452 0.4123676 0.3342807 
Neam       0.2732455 0.2870932 0.3790315 0.3313625 0.0000000 0.3342342 0.3459699 0.4095038 0.4319309 0.3442853 0.0105443 0.3646648 0.2170340 
RuprSFB    0.3510875 0.3593636 0.3106831 0.4121728 0.3342342 0.0000000 0.3847417 0.4394066 0.4459553 0.3951220 0.3376505 0.3503861 0.3210696 
Retr       0.3635858 0.3718720 0.4031921 0.3912827 0.3459699 0.3847417 0.0000000 0.4766603 0.4610411 0.4018268 0.3559711 0.1894349 0.3161639 
Beta       0.4640259 0.4693733 0.4682781 0.5069601 0.4095038 0.4394066 0.4766603 0.0000000 0.1712601 0.5048434 0.4140081 0.4694210 0.4344759 
Spol       0.4536454 0.4857228 0.4822419 0.4966020 0.4319309 0.4459553 0.4610411 0.1712601 0.0000000 0.5153193 0.4358939 0.4510882 0.4320826 
MJM1652    0.3675759 0.1903572 0.4946655 0.2595380 0.3442853 0.3951220 0.4018268 0.5048434 0.5153193 0.0000000 0.3491095 0.4119105 0.3530168 
NepSFB     0.2826562 0.2939845 0.3875516 0.3425452 0.0105443 0.3376505 0.3559711 0.4140081 0.4358939 0.3491095 0.0000000 0.3719979 0.2239088 
WPYJ       0.3756141 0.3824683 0.4038316 0.4123676 0.3646648 0.3503861 0.1894349 0.4694210 0.4510882 0.4119105 0.3719979 0.0000000 0.3400417 
MJM2940    0.1914559 0.2919702 0.3667856 0.3342807 0.2170340 0.3210696 0.3161639 0.4344759 0.4320826 0.3530168 0.2239088 0.3400417 0.0000000 
