13
DrolusSFB  0.0000000 0.3339629 0.4068792 0.4333582 0.2942086 0.2798427 0.4297834 0.4610739 0.4431476 0.3892125 0.3000695 0.4551280 0.2171199 
Dino       0.3339629 0.0000000 0.4434541 0.2072400 0.2729093 0.3595790 0.3805792 0.4069883 0.3941924 0.1612852 0.2721669 0.4296911 0.2735379 
MJM3360    0.4068792 0.4434541 0.0000000 0.5054912 0.3597988 0.2623859 0.3454722 0.4071790 0.4041378 0.4512549 0.3609144 0.4289942 0.3450515 
DrobinSFB  0.4333582 0.2072400 0.5054912 0.0000000 0.3689586 0.3587892 0.5097983 0.5083587 0.4855112 0.2373055 0.3669587 0.5492368 0.3718185 
Neam       0.2942086 0.2729093 0.3597988 0.3689586 0.0000000 0.2873096 0.3915576 0.4128825 0.3930051 0.3155742 0.0127566 0.3879231 0.2187803 
RuprSFB    0.2798427 0.3595790 0.2623859 0.3587892 0.2873096 0.0000000 0.2691338 0.3107413 0.2864040 0.3778642 0.2855513 0.3441792 0.2591032 
Retr       0.4297834 0.3805792 0.3454722 0.5097983 0.3915576 0.2691338 0.0000000 0.4538361 0.4770605 0.4725084 0.3987868 0.2688882 0.3631684 
Beta       0.4610739 0.4069883 0.4071790 0.5083587 0.4128825 0.3107413 0.4538361 0.0000000 0.1448101 0.4773410 0.4203882 0.4495957 0.3850064 
Spol       0.4431476 0.3941924 0.4041378 0.4855112 0.3930051 0.2864040 0.4770605 0.1448101 0.0000000 0.4637122 0.4030310 0.4541255 0.3747457 
MJM1652    0.3892125 0.1612852 0.4512549 0.2373055 0.3155742 0.3778642 0.4725084 0.4773410 0.4637122 0.0000000 0.3116752 0.4858490 0.3205920 
NepSFB     0.3000695 0.2721669 0.3609144 0.3669587 0.0127566 0.2855513 0.3987868 0.4203882 0.4030310 0.3116752 0.0000000 0.3917092 0.2178884 
WPYJ       0.4551280 0.4296911 0.4289942 0.5492368 0.3879231 0.3441792 0.2688882 0.4495957 0.4541255 0.4858490 0.3917092 0.0000000 0.3941357 
MJM2940    0.2171199 0.2735379 0.3450515 0.3718185 0.2187803 0.2591032 0.3631684 0.3850064 0.3747457 0.3205920 0.2178884 0.3941357 0.0000000 
