13
DrolusSFB  0.0000000 0.2459686 0.2901668 0.3114167 0.2179104 0.3003967 0.2957629 0.4320689 0.4381713 0.2842993 0.2187456 0.3406515 0.1716868 
Dino       0.2459686 0.0000000 0.2306809 0.1382952 0.1933036 0.2729208 0.2897173 0.4207232 0.4180216 0.1678749 0.1956638 0.3420412 0.2201917 
MJM3360    0.2901668 0.2306809 0.0000000 0.2947655 0.2349957 0.1972246 0.2919649 0.3059039 0.3324961 0.2849338 0.2382807 0.3296780 0.2475207 
DrobinSFB  0.3114167 0.1382952 0.2947655 0.0000000 0.1915535 0.2940545 0.3234796 0.3872432 0.4043771 0.1938708 0.1924431 0.3748209 0.2691296 
Neam       0.2179104 0.1933036 0.2349957 0.1915535 0.0000000 0.2632666 0.2541461 0.3668078 0.3899341 0.2256313 0.0061775 0.3126582 0.1777892 
RuprSFB    0.3003967 0.2729208 0.1972246 0.2940545 0.2632666 0.0000000 0.3086596 0.4190501 0.4200240 0.3085422 0.2643592 0.3524855 0.2822708 
Retr       0.2957629 0.2897173 0.2919649 0.3234796 0.2541461 0.3086596 0.0000000 0.3925065 0.4160681 0.2968780 0.2534794 0.1810160 0.2872715 
Beta       0.4320689 0.4207232 0.3059039 0.3872432 0.3668078 0.4190501 0.3925065 0.0000000 0.1497222 0.4990176 0.3775568 0.4195799 0.3664910 
Spol       0.4381713 0.4180216 0.3324961 0.4043771 0.3899341 0.4200240 0.4160681 0.1497222 0.0000000 0.4945417 0.3989296 0.4310684 0.3900191 
MJM1652    0.2842993 0.1678749 0.2849338 0.1938708 0.2256313 0.3085422 0.2968780 0.4990176 0.4945417 0.0000000 0.2211920 0.3402260 0.2666048 
NepSFB     0.2187456 0.1956638 0.2382807 0.1924431 0.0061775 0.2643592 0.2534794 0.3775568 0.3989296 0.2211920 0.0000000 0.3078817 0.1800240 
WPYJ       0.3406515 0.3420412 0.3296780 0.3748209 0.3126582 0.3524855 0.1810160 0.4195799 0.4310684 0.3402260 0.3078817 0.0000000 0.3210507 
MJM2940    0.1716868 0.2201917 0.2475207 0.2691296 0.1777892 0.2822708 0.2872715 0.3664910 0.3900191 0.2666048 0.1800240 0.3210507 0.0000000 
