13
DrolusSFB  0.0000000 0.3424442 0.3516298 0.3975447 0.2290509 0.3215168 0.2908819 0.4218358 0.4296570 0.3669621 0.2334749 0.3179108 0.1640493 
Dino       0.3424442 0.0000000 0.4270304 0.2825389 0.3031070 0.3660705 0.3481852 0.4530706 0.4328117 0.1482454 0.3117317 0.4261787 0.3045059 
MJM3360    0.3516298 0.4270304 0.0000000 0.4773828 0.3445658 0.2997389 0.3196174 0.4729663 0.4526495 0.4277396 0.3526545 0.4003080 0.3385677 
DrobinSFB  0.3975447 0.2825389 0.4773828 0.0000000 0.4115649 0.4632972 0.4267299 0.5627919 0.5231101 0.2715077 0.4192472 0.4707989 0.3938393 
Neam       0.2290509 0.3031070 0.3445658 0.4115649 0.0000000 0.2838740 0.2321616 0.3858118 0.3811869 0.3420176 0.0114630 0.2857201 0.1935891 
RuprSFB    0.3215168 0.3660705 0.2997389 0.4632972 0.2838740 0.0000000 0.2568352 0.4296866 0.4374388 0.4278287 0.2868930 0.3297099 0.2887171 
Retr       0.2908819 0.3481852 0.3196174 0.4267299 0.2321616 0.2568352 0.0000000 0.3930071 0.3725439 0.3697393 0.2432949 0.1873604 0.2334789 
Beta       0.4218358 0.4530706 0.4729663 0.5627919 0.3858118 0.4296866 0.3930071 0.0000000 0.1634208 0.4725138 0.3974010 0.4467022 0.4011511 
Spol       0.4296570 0.4328117 0.4526495 0.5231101 0.3811869 0.4374388 0.3725439 0.1634208 0.0000000 0.4778782 0.3945687 0.4455476 0.3926806 
MJM1652    0.3669621 0.1482454 0.4277396 0.2715077 0.3420176 0.4278287 0.3697393 0.4725138 0.4778782 0.0000000 0.3542629 0.4336122 0.3239045 
NepSFB     0.2334749 0.3117317 0.3526545 0.4192472 0.0114630 0.2868930 0.2432949 0.3974010 0.3945687 0.3542629 0.0000000 0.2938143 0.1981106 
WPYJ       0.3179108 0.4261787 0.4003080 0.4707989 0.2857201 0.3297099 0.1873604 0.4467022 0.4455476 0.4336122 0.2938143 0.0000000 0.2928347 
MJM2940    0.1640493 0.3045059 0.3385677 0.3938393 0.1935891 0.2887171 0.2334789 0.4011511 0.3926806 0.3239045 0.1981106 0.2928347 0.0000000 
