13
DrolusSFB  0.0000000 0.4124471 0.4493484 0.4475578 0.3190527 0.3630862 0.4184504 0.4063062 0.4424476 0.4299832 0.3187816 0.4237870 0.2537039 
Dino       0.4124471 0.0000000 0.4865692 0.2587060 0.3030227 0.3794868 0.4121513 0.3956096 0.4547212 0.2382033 0.3087048 0.4375964 0.3138630 
MJM3360    0.4493484 0.4865692 0.0000000 0.5085766 0.3735920 0.3079948 0.3637708 0.3785273 0.4188213 0.4893168 0.3701261 0.4326781 0.4137357 
DrobinSFB  0.4475578 0.2587060 0.5085766 0.0000000 0.3871915 0.4462763 0.4214254 0.4324687 0.4874787 0.3388874 0.3832693 0.5176324 0.3948933 
Neam       0.3190527 0.3030227 0.3735920 0.3871915 0.0000000 0.3279335 0.3181714 0.3325512 0.3689793 0.3689658 0.0090453 0.3396716 0.2438397 
RuprSFB    0.3630862 0.3794868 0.3079948 0.4462763 0.3279335 0.0000000 0.3446204 0.3657935 0.3610968 0.4399945 0.3313604 0.3721666 0.2986261 
Retr       0.4184504 0.4121513 0.3637708 0.4214254 0.3181714 0.3446204 0.0000000 0.3646945 0.3993183 0.4594674 0.3222530 0.1741173 0.3093223 
Beta       0.4063062 0.3956096 0.3785273 0.4324687 0.3325512 0.3657935 0.3646945 0.0000000 0.1535991 0.4525529 0.3360441 0.3719625 0.3609153 
Spol       0.4424476 0.4547212 0.4188213 0.4874787 0.3689793 0.3610968 0.3993183 0.1535991 0.0000000 0.4546860 0.3684876 0.3890107 0.3764203 
MJM1652    0.4299832 0.2382033 0.4893168 0.3388874 0.3689658 0.4399945 0.4594674 0.4525529 0.4546860 0.0000000 0.3756531 0.4986516 0.3534604 
NepSFB     0.3187816 0.3087048 0.3701261 0.3832693 0.0090453 0.3313604 0.3222530 0.3360441 0.3684876 0.3756531 0.0000000 0.3413572 0.2458684 
WPYJ       0.4237870 0.4375964 0.4326781 0.5176324 0.3396716 0.3721666 0.1741173 0.3719625 0.3890107 0.4986516 0.3413572 0.0000000 0.3508643 
MJM2940    0.2537039 0.3138630 0.4137357 0.3948933 0.2438397 0.2986261 0.3093223 0.3609153 0.3764203 0.3534604 0.2458684 0.3508643 0.0000000 
