13
DrolusSFB  0.0000000 0.2988959 0.4566901 0.3511089 0.2391492 0.3539479 0.3802253 0.3753040 0.3723251 0.3435075 0.2377010 0.4182610 0.1749370 
Dino       0.2988959 0.0000000 0.4534120 0.1755282 0.2317802 0.3816570 0.3888238 0.3970030 0.3645065 0.1427602 0.2325485 0.4326145 0.2501350 
MJM3360    0.4566901 0.4534120 0.0000000 0.5100460 0.3844335 0.3406526 0.4143929 0.4835522 0.4600659 0.4944057 0.3837474 0.4572794 0.4151689 
DrobinSFB  0.3511089 0.1755282 0.5100460 0.0000000 0.2851736 0.4192635 0.4547993 0.4567022 0.4296684 0.2138342 0.2904750 0.4906345 0.3063520 
Neam       0.2391492 0.2317802 0.3844335 0.2851736 0.0000000 0.3251417 0.3217021 0.3387085 0.3248831 0.2864891 0.0162337 0.3660868 0.1827533 
RuprSFB    0.3539479 0.3816570 0.3406526 0.4192635 0.3251417 0.0000000 0.3769040 0.4285074 0.4124136 0.4317440 0.3259893 0.4196962 0.3375527 
Retr       0.3802253 0.3888238 0.4143929 0.4547993 0.3217021 0.3769040 0.0000000 0.3675913 0.3737751 0.4502788 0.3342023 0.2273249 0.3337864 
Beta       0.3753040 0.3970030 0.4835522 0.4567022 0.3387085 0.4285074 0.3675913 0.0000000 0.1260392 0.4429946 0.3373598 0.4611137 0.3449937 
Spol       0.3723251 0.3645065 0.4600659 0.4296684 0.3248831 0.4124136 0.3737751 0.1260392 0.0000000 0.4153658 0.3218530 0.4541548 0.3238847 
MJM1652    0.3435075 0.1427602 0.4944057 0.2138342 0.2864891 0.4317440 0.4502788 0.4429946 0.4153658 0.0000000 0.2894092 0.4974876 0.3064104 
NepSFB     0.2377010 0.2325485 0.3837474 0.2904750 0.0162337 0.3259893 0.3342023 0.3373598 0.3218530 0.2894092 0.0000000 0.3699604 0.1845337 
WPYJ       0.4182610 0.4326145 0.4572794 0.4906345 0.3660868 0.4196962 0.2273249 0.4611137 0.4541548 0.4974876 0.3699604 0.0000000 0.3786461 
MJM2940    0.1749370 0.2501350 0.4151689 0.3063520 0.1827533 0.3375527 0.3337864 0.3449937 0.3238847 0.3064104 0.1845337 0.3786461 0.0000000 
