13
DrolusSFB  0.0000000 0.3191718 0.3907400 0.3988854 0.2484281 0.3364268 0.2686824 0.3700302 0.4013211 0.3773668 0.2472060 0.3117253 0.1831419 
Dino       0.3191718 0.0000000 0.4275944 0.1719636 0.2630790 0.3626648 0.3293664 0.3750159 0.3579381 0.1711757 0.2523592 0.3573211 0.2534218 
MJM3360    0.3907400 0.4275944 0.0000000 0.5202120 0.3660666 0.3203824 0.3338457 0.4417708 0.4402570 0.4662929 0.3665172 0.3861670 0.3287335 
DrobinSFB  0.3988854 0.1719636 0.5202120 0.0000000 0.3492764 0.4621807 0.3873198 0.4405279 0.4546369 0.2387478 0.3414321 0.4091674 0.3488844 
Neam       0.2484281 0.2630790 0.3660666 0.3492764 0.0000000 0.3377338 0.2564592 0.3265586 0.3312045 0.3375245 0.0222838 0.2893198 0.2011736 
RuprSFB    0.3364268 0.3626648 0.3203824 0.4621807 0.3377338 0.0000000 0.3070845 0.4189464 0.4161039 0.4567987 0.3396827 0.3358283 0.2901916 
Retr       0.2686824 0.3293664 0.3338457 0.3873198 0.2564592 0.3070845 0.0000000 0.3546951 0.3567506 0.3845438 0.2547703 0.2009131 0.2468161 
Beta       0.3700302 0.3750159 0.4417708 0.4405279 0.3265586 0.4189464 0.3546951 0.0000000 0.1426430 0.4586040 0.3249471 0.3646167 0.3310020 
Spol       0.4013211 0.3579381 0.4402570 0.4546369 0.3312045 0.4161039 0.3567506 0.1426430 0.0000000 0.4814442 0.3364129 0.3638113 0.3357201 
MJM1652    0.3773668 0.1711757 0.4662929 0.2387478 0.3375245 0.4567987 0.3845438 0.4586040 0.4814442 0.0000000 0.3189221 0.3971801 0.3221261 
NepSFB     0.2472060 0.2523592 0.3665172 0.3414321 0.0222838 0.3396827 0.2547703 0.3249471 0.3364129 0.3189221 0.0000000 0.2729111 0.1981127 
WPYJ       0.3117253 0.3573211 0.3861670 0.4091674 0.2893198 0.3358283 0.2009131 0.3646167 0.3638113 0.3971801 0.2729111 0.0000000 0.2724485 
MJM2940    0.1831419 0.2534218 0.3287335 0.3488844 0.2011736 0.2901916 0.2468161 0.3310020 0.3357201 0.3221261 0.1981127 0.2724485 0.0000000 
