13
DrolusSFB  0.0000000 0.2985294 0.4090503 0.3382027 0.2660697 0.3755463 0.4084955 0.3935384 0.3675723 0.3319086 0.2662421 0.4243329 0.1766072 
Dino       0.2985294 0.0000000 0.3792829 0.1754325 0.2662413 0.3585956 0.4073363 0.3934528 0.3793022 0.1352291 0.2695837 0.4330039 0.2393459 
MJM3360    0.4090503 0.3792829 0.0000000 0.4080888 0.3461590 0.2923702 0.4574016 0.4439203 0.4215246 0.4066096 0.3436891 0.4617056 0.3384041 
DrobinSFB  0.3382027 0.1754325 0.4080888 0.0000000 0.2878717 0.3782939 0.4605753 0.4295842 0.4046384 0.2021499 0.2841481 0.4804157 0.2700038 
Neam       0.2660697 0.2662413 0.3461590 0.2878717 0.0000000 0.3173659 0.3359211 0.3444460 0.3390016 0.2822554 0.0102007 0.3722112 0.1876504 
RuprSFB    0.3755463 0.3585956 0.2923702 0.3782939 0.3173659 0.0000000 0.4193224 0.3876548 0.3734868 0.3739489 0.3210508 0.4396362 0.3023244 
Retr       0.4084955 0.4073363 0.4574016 0.4605753 0.3359211 0.4193224 0.0000000 0.4297006 0.4372930 0.4344212 0.3377616 0.2331861 0.3525424 
Beta       0.3935384 0.3934528 0.4439203 0.4295842 0.3444460 0.3876548 0.4297006 0.0000000 0.1795866 0.4229371 0.3445339 0.4765972 0.3277782 
Spol       0.3675723 0.3793022 0.4215246 0.4046384 0.3390016 0.3734868 0.4372930 0.1795866 0.0000000 0.3973505 0.3393466 0.4461958 0.3209065 
MJM1652    0.3319086 0.1352291 0.4066096 0.2021499 0.2822554 0.3739489 0.4344212 0.4229371 0.3973505 0.0000000 0.2816247 0.4514005 0.2706726 
NepSFB     0.2662421 0.2695837 0.3436891 0.2841481 0.0102007 0.3210508 0.3377616 0.3445339 0.3393466 0.2816247 0.0000000 0.3715807 0.1886830 
WPYJ       0.4243329 0.4330039 0.4617056 0.4804157 0.3722112 0.4396362 0.2331861 0.4765972 0.4461958 0.4514005 0.3715807 0.0000000 0.3662152 
MJM2940    0.1766072 0.2393459 0.3384041 0.2700038 0.1876504 0.3023244 0.3525424 0.3277782 0.3209065 0.2706726 0.1886830 0.3662152 0.0000000 
