13
DrolusSFB  0.0000000 0.3187332 0.4382564 0.3328481 0.2906011 0.3806426 0.3888458 0.3834378 0.4999640 0.3789861 0.2884916 0.3520978 0.2210191 
Dino       0.3187332 0.0000000 0.4178835 0.1390483 0.2580773 0.4011784 0.3391102 0.3256835 0.3795019 0.1479544 0.2662855 0.3063345 0.2214237 
MJM3360    0.4382564 0.4178835 0.0000000 0.4581382 0.4471285 0.3538971 0.4320374 0.4166407 0.4265593 0.4852617 0.4555977 0.4673554 0.4145950 
DrobinSFB  0.3328481 0.1390483 0.4581382 0.0000000 0.2549153 0.4552531 0.3842091 0.3871943 0.4019518 0.1656381 0.2655636 0.3596882 0.2501675 
Neam       0.2906011 0.2580773 0.4471285 0.2549153 0.0000000 0.3762881 0.3747499 0.3096100 0.3838254 0.2921024 0.0167977 0.3077198 0.2199903 
RuprSFB    0.3806426 0.4011784 0.3538971 0.4552531 0.3762881 0.0000000 0.4220156 0.3897614 0.4267032 0.4406144 0.3713871 0.4232628 0.3279815 
Retr       0.3888458 0.3391102 0.4320374 0.3842091 0.3747499 0.4220156 0.0000000 0.3417968 0.4133589 0.3915691 0.3770085 0.1910727 0.3608589 
Beta       0.3834378 0.3256835 0.4166407 0.3871943 0.3096100 0.3897614 0.3417968 0.0000000 0.1900401 0.4134991 0.3161815 0.3500332 0.3094451 
Spol       0.4999640 0.3795019 0.4265593 0.4019518 0.3838254 0.4267032 0.4133589 0.1900401 0.0000000 0.4445915 0.3849551 0.3855329 0.4090976 
MJM1652    0.3789861 0.1479544 0.4852617 0.1656381 0.2921024 0.4406144 0.3915691 0.4134991 0.4445915 0.0000000 0.3008810 0.3280188 0.2637082 
NepSFB     0.2884916 0.2662855 0.4555977 0.2655636 0.0167977 0.3713871 0.3770085 0.3161815 0.3849551 0.3008810 0.0000000 0.3127958 0.2078336 
WPYJ       0.3520978 0.3063345 0.4673554 0.3596882 0.3077198 0.4232628 0.1910727 0.3500332 0.3855329 0.3280188 0.3127958 0.0000000 0.3363035 
MJM2940    0.2210191 0.2214237 0.4145950 0.2501675 0.2199903 0.3279815 0.3608589 0.3094451 0.4090976 0.2637082 0.2078336 0.3363035 0.0000000 
