13
DrolusSFB  0.0000000 0.3763813 0.5548474 0.4444232 0.2972403 0.4992964 0.4623010 0.5026360 0.4966359 0.4369872 0.3080443 0.4560493 0.2367989 
Dino       0.3763813 0.0000000 0.5758737 0.2040363 0.3003604 0.5068828 0.4934622 0.4895220 0.5304839 0.1665600 0.3052639 0.5432025 0.3138261 
MJM3360    0.5548474 0.5758737 0.0000000 0.6246548 0.4646897 0.4313970 0.6304865 0.5449479 0.5814094 0.5850801 0.4658274 0.6269199 0.4924572 
DrobinSFB  0.4444232 0.2040363 0.6246548 0.0000000 0.3572749 0.5320747 0.5299891 0.5223239 0.5668688 0.2437284 0.3624292 0.5795483 0.3819270 
Neam       0.2972403 0.3003604 0.4646897 0.3572749 0.0000000 0.3977383 0.4186974 0.3946703 0.4326877 0.3323774 0.0106910 0.4453747 0.2227795 
RuprSFB    0.4992964 0.5068828 0.4313970 0.5320747 0.3977383 0.0000000 0.5073235 0.5079197 0.5519688 0.5363399 0.4043135 0.5348288 0.4211386 
Retr       0.4623010 0.4934622 0.6304865 0.5299891 0.4186974 0.5073235 0.0000000 0.5271956 0.6149238 0.5368045 0.4171331 0.2340108 0.4050817 
Beta       0.5026360 0.4895220 0.5449479 0.5223239 0.3946703 0.5079197 0.5271956 0.0000000 0.1522664 0.4978670 0.4024808 0.5342715 0.4195261 
Spol       0.4966359 0.5304839 0.5814094 0.5668688 0.4326877 0.5519688 0.6149238 0.1522664 0.0000000 0.5530376 0.4401030 0.5820093 0.4348614 
MJM1652    0.4369872 0.1665600 0.5850801 0.2437284 0.3323774 0.5363399 0.5368045 0.4978670 0.5530376 0.0000000 0.3375067 0.5602912 0.3568560 
NepSFB     0.3080443 0.3052639 0.4658274 0.3624292 0.0106910 0.4043135 0.4171331 0.4024808 0.4401030 0.3375067 0.0000000 0.4490231 0.2302764 
WPYJ       0.4560493 0.5432025 0.6269199 0.5795483 0.4453747 0.5348288 0.2340108 0.5342715 0.5820093 0.5602912 0.4490231 0.0000000 0.4383301 
MJM2940    0.2367989 0.3138261 0.4924572 0.3819270 0.2227795 0.4211386 0.4050817 0.4195261 0.4348614 0.3568560 0.2302764 0.4383301 0.0000000 
