13
DrolusSFB  0.0000000 0.3675813 0.4488417 0.3197102 0.2756554 0.3703709 0.4448502 0.4116833 0.4594581 0.3561657 0.3610950 0.3718490 0.2583209 
Dino       0.3675813 0.0000000 0.4908199 0.2259479 0.3570492 0.3818708 0.4516947 0.4468670 0.5052109 0.2220114 0.3615298 0.4250235 0.3283707 
MJM3360    0.4488417 0.4908199 0.0000000 0.4688704 0.4494624 0.2892661 0.5791894 0.4794941 0.4499461 0.5083955 0.4628137 0.4733616 0.3937188 
DrobinSFB  0.3197102 0.2259479 0.4688704 0.0000000 0.3149688 0.3597672 0.4957203 0.3916517 0.4862440 0.2995022 0.3157702 0.4246681 0.3043029 
Neam       0.2756554 0.3570492 0.4494624 0.3149688 0.0000000 0.4002813 0.4018294 0.4917689 0.5188918 0.3693928 0.0137248 0.3965191 0.2522364 
RuprSFB    0.3703709 0.3818708 0.2892661 0.3597672 0.4002813 0.0000000 0.4604941 0.4094489 0.3881063 0.4061431 0.3649099 0.3925460 0.3154586 
Retr       0.4448502 0.4516947 0.5791894 0.4957203 0.4018294 0.4604941 0.0000000 0.4891571 0.5360759 0.5373677 0.4656647 0.3468808 0.4174872 
Beta       0.4116833 0.4468670 0.4794941 0.3916517 0.4917689 0.4094489 0.4891571 0.0000000 0.1944006 0.4749849 0.4045941 0.3632272 0.3683482 
Spol       0.4594581 0.5052109 0.4499461 0.4862440 0.5188918 0.3881063 0.5360759 0.1944006 0.0000000 0.6083563 0.4702653 0.4060651 0.4462737 
MJM1652    0.3561657 0.2220114 0.5083955 0.2995022 0.3693928 0.4061431 0.5373677 0.4749849 0.6083563 0.0000000 0.3892548 0.5133854 0.3772103 
NepSFB     0.3610950 0.3615298 0.4628137 0.3157702 0.0137248 0.3649099 0.4656647 0.4045941 0.4702653 0.3892548 0.0000000 0.4222992 0.2562219 
WPYJ       0.3718490 0.4250235 0.4733616 0.4246681 0.3965191 0.3925460 0.3468808 0.3632272 0.4060651 0.5133854 0.4222992 0.0000000 0.3695877 
MJM2940    0.2583209 0.3283707 0.3937188 0.3043029 0.2522364 0.3154586 0.4174872 0.3683482 0.4462737 0.3772103 0.2562219 0.3695877 0.0000000 
