13
DrolusSFB  0.0000000 0.2980706 0.3788123 0.3383222 0.2427505 0.3300365 0.4094817 0.4108179 0.4207361 0.3502766 0.2475135 0.3393845 0.1798164 
Dino       0.2980706 0.0000000 0.3726811 0.1856093 0.2191194 0.3254438 0.3688784 0.3312780 0.3495640 0.1442997 0.2349560 0.3176056 0.2326534 
MJM3360    0.3788123 0.3726811 0.0000000 0.4202605 0.3488559 0.2894730 0.4628070 0.4018345 0.4099330 0.4058739 0.3443499 0.3740448 0.3185637 
DrobinSFB  0.3383222 0.1856093 0.4202605 0.0000000 0.2681449 0.3756548 0.4578064 0.4134948 0.4194081 0.2321071 0.2825527 0.3884740 0.3005071 
Neam       0.2427505 0.2191194 0.3488559 0.2681449 0.0000000 0.2972367 0.3575133 0.2954237 0.3200342 0.2594033 0.0050983 0.3214770 0.1646684 
RuprSFB    0.3300365 0.3254438 0.2894730 0.3756548 0.2972367 0.0000000 0.4182242 0.3624951 0.3560210 0.3631155 0.3051640 0.3150492 0.2940809 
Retr       0.4094817 0.3688784 0.4628070 0.4578064 0.3575133 0.4182242 0.0000000 0.4340847 0.4652462 0.4397034 0.3699108 0.1332270 0.3421260 
Beta       0.4108179 0.3312780 0.4018345 0.4134948 0.2954237 0.3624951 0.4340847 0.0000000 0.1408254 0.3978586 0.3312792 0.3114179 0.3563899 
Spol       0.4207361 0.3495640 0.4099330 0.4194081 0.3200342 0.3560210 0.4652462 0.1408254 0.0000000 0.4006944 0.3583958 0.3517823 0.3825733 
MJM1652    0.3502766 0.1442997 0.4058739 0.2321071 0.2594033 0.3631155 0.4397034 0.3978586 0.4006944 0.0000000 0.2847977 0.3794372 0.2861224 
NepSFB     0.2475135 0.2349560 0.3443499 0.2825527 0.0050983 0.3051640 0.3699108 0.3312792 0.3583958 0.2847977 0.0000000 0.3113064 0.1867838 
WPYJ       0.3393845 0.3176056 0.3740448 0.3884740 0.3214770 0.3150492 0.1332270 0.3114179 0.3517823 0.3794372 0.3113064 0.0000000 0.2919272 
MJM2940    0.1798164 0.2326534 0.3185637 0.3005071 0.1646684 0.2940809 0.3421260 0.3563899 0.3825733 0.2861224 0.1867838 0.2919272 0.0000000 
