13
DrolusSFB  0.0000000 0.2620749 0.2504506 0.2551313 0.2702362 0.2628222 0.2404334 0.2987147 0.2864913 0.2727111 0.2415019 0.2621492 0.1738391 
Dino       0.2620749 0.0000000 0.2308406 0.1769868 0.2947572 0.2569120 0.2638867 0.3285353 0.3191699 0.1236445 0.2109262 0.3011424 0.2340452 
MJM3360    0.2504506 0.2308406 0.0000000 0.2346685 0.3335956 0.2233856 0.2909156 0.2919879 0.2723443 0.2503382 0.2342023 0.2782744 0.2577960 
DrobinSFB  0.2551313 0.1769868 0.2346685 0.0000000 0.2383740 0.2408785 0.2585578 0.3055726 0.3122655 0.2362133 0.2028769 0.2990006 0.2331810 
Neam       0.2702362 0.2947572 0.3335956 0.2383740 0.0000000 0.3288682 0.3371171 0.3108286 0.2518485 0.2378810 0.0235643 0.3631731 0.2410918 
RuprSFB    0.2628222 0.2569120 0.2233856 0.2408785 0.3288682 0.0000000 0.2636570 0.2803051 0.2731373 0.2887852 0.2407443 0.2909357 0.2194114 
Retr       0.2404334 0.2638867 0.2909156 0.2585578 0.3371171 0.2636570 0.0000000 0.2617435 0.2832827 0.2475035 0.2683814 0.1833151 0.2273197 
Beta       0.2987147 0.3285353 0.2919879 0.3055726 0.3108286 0.2803051 0.2617435 0.0000000 0.1202950 0.2983217 0.2707395 0.2611927 0.2342992 
Spol       0.2864913 0.3191699 0.2723443 0.3122655 0.2518485 0.2731373 0.2832827 0.1202950 0.0000000 0.3075238 0.2521648 0.2899875 0.2175613 
MJM1652    0.2727111 0.1236445 0.2503382 0.2362133 0.2378810 0.2887852 0.2475035 0.2983217 0.3075238 0.0000000 0.2064631 0.2849610 0.2470654 
NepSFB     0.2415019 0.2109262 0.2342023 0.2028769 0.0235643 0.2407443 0.2683814 0.2707395 0.2521648 0.2064631 0.0000000 0.2865036 0.2111664 
WPYJ       0.2621492 0.3011424 0.2782744 0.2990006 0.3631731 0.2909357 0.1833151 0.2611927 0.2899875 0.2849610 0.2865036 0.0000000 0.2618406 
MJM2940    0.1738391 0.2340452 0.2577960 0.2331810 0.2410918 0.2194114 0.2273197 0.2342992 0.2175613 0.2470654 0.2111664 0.2618406 0.0000000 
