13
DrolusSFB  0.0000000 0.2988642 0.3682884 0.3402790 0.2819064 0.3548029 0.3712609 0.3649435 0.3331766 0.3156493 0.2842871 0.3300809 0.2082873 
Dino       0.2988642 0.0000000 0.3965873 0.2457361 0.2908040 0.3814140 0.4314010 0.4040195 0.3771582 0.1457180 0.2933371 0.3589916 0.2726069 
MJM3360    0.3682884 0.3965873 0.0000000 0.4748881 0.3665138 0.3035310 0.4588375 0.4171280 0.4086671 0.4130862 0.3595822 0.4924222 0.3658484 
DrobinSFB  0.3402790 0.2457361 0.4748881 0.0000000 0.3756905 0.3793568 0.4856206 0.4070662 0.4013953 0.2332344 0.3766199 0.3527206 0.3426681 
Neam       0.2819064 0.2908040 0.3665138 0.3756905 0.0000000 0.3562732 0.3380037 0.4101514 0.3703014 0.3101948 0.0170782 0.3816607 0.2490755 
RuprSFB    0.3548029 0.3814140 0.3035310 0.3793568 0.3562732 0.0000000 0.4070534 0.3535110 0.3594109 0.3807526 0.3443457 0.3785154 0.3448116 
Retr       0.3712609 0.4314010 0.4588375 0.4856206 0.3380037 0.4070534 0.0000000 0.3502130 0.4055694 0.4684267 0.3343997 0.2148700 0.3372593 
Beta       0.3649435 0.4040195 0.4171280 0.4070662 0.4101514 0.3535110 0.3502130 0.0000000 0.1492857 0.4441557 0.4058829 0.3768390 0.3182308 
Spol       0.3331766 0.3771582 0.4086671 0.4013953 0.3703014 0.3594109 0.4055694 0.1492857 0.0000000 0.3939139 0.3753255 0.3729587 0.3126248 
MJM1652    0.3156493 0.1457180 0.4130862 0.2332344 0.3101948 0.3807526 0.4684267 0.4441557 0.3939139 0.0000000 0.3135122 0.3997846 0.2927469 
NepSFB     0.2842871 0.2933371 0.3595822 0.3766199 0.0170782 0.3443457 0.3343997 0.4058829 0.3753255 0.3135122 0.0000000 0.3596481 0.2436835 
WPYJ       0.3300809 0.3589916 0.4924222 0.3527206 0.3816607 0.3785154 0.2148700 0.3768390 0.3729587 0.3997846 0.3596481 0.0000000 0.3284169 
MJM2940    0.2082873 0.2726069 0.3658484 0.3426681 0.2490755 0.3448116 0.3372593 0.3182308 0.3126248 0.2927469 0.2436835 0.3284169 0.0000000 
