13
DrolusSFB  0.0000000 0.2543856 0.3437960 0.3297538 0.2441199 0.2500989 0.3070620 0.3199955 0.3459125 0.2696284 0.2460907 0.3384036 0.1732287 
Dino       0.2543856 0.0000000 0.3231400 0.1738105 0.2441311 0.2722695 0.2715156 0.3238812 0.3429466 0.1251363 0.2451177 0.3020293 0.2170452 
MJM3360    0.3437960 0.3231400 0.0000000 0.3927469 0.3151366 0.2496627 0.2892201 0.3360306 0.3504191 0.3495365 0.3176994 0.2892508 0.3190481 
DrobinSFB  0.3297538 0.1738105 0.3927469 0.0000000 0.3587348 0.3566202 0.3918403 0.4313714 0.4909663 0.2153487 0.3627410 0.4288306 0.2839702 
Neam       0.2441199 0.2441311 0.3151366 0.3587348 0.0000000 0.2531369 0.2957026 0.3923152 0.3746330 0.3197328 0.0169444 0.3397054 0.2251417 
RuprSFB    0.2500989 0.2722695 0.2496627 0.3566202 0.2531369 0.0000000 0.2649907 0.3011862 0.3458441 0.3025260 0.2558820 0.2893784 0.2330181 
Retr       0.3070620 0.2715156 0.2892201 0.3918403 0.2957026 0.2649907 0.0000000 0.3471774 0.3740007 0.3326220 0.2884757 0.1802871 0.2834684 
Beta       0.3199955 0.3238812 0.3360306 0.4313714 0.3923152 0.3011862 0.3471774 0.0000000 0.1372068 0.3773024 0.3723291 0.3453415 0.2897180 
Spol       0.3459125 0.3429466 0.3504191 0.4909663 0.3746330 0.3458441 0.3740007 0.1372068 0.0000000 0.3993868 0.3553857 0.3596569 0.3187879 
MJM1652    0.2696284 0.1251363 0.3495365 0.2153487 0.3197328 0.3025260 0.3326220 0.3773024 0.3993868 0.0000000 0.3162198 0.3708011 0.2451006 
NepSFB     0.2460907 0.2451177 0.3176994 0.3627410 0.0169444 0.2558820 0.2884757 0.3723291 0.3553857 0.3162198 0.0000000 0.3329323 0.2292619 
WPYJ       0.3384036 0.3020293 0.2892508 0.4288306 0.3397054 0.2893784 0.1802871 0.3453415 0.3596569 0.3708011 0.3329323 0.0000000 0.3120613 
MJM2940    0.1732287 0.2170452 0.3190481 0.2839702 0.2251417 0.2330181 0.2834684 0.2897180 0.3187879 0.2451006 0.2292619 0.3120613 0.0000000 
