13
DrolusSFB  0.0000000 0.4177119 0.5005481 0.4944448 0.3515472 0.4312035 0.4129419 0.5358835 0.5412487 0.4798505 0.3579849 0.4360756 0.2554943 
Dino       0.4177119 0.0000000 0.4701209 0.2350212 0.3525679 0.3874311 0.3581074 0.5197603 0.5330051 0.2211397 0.3513874 0.3864678 0.3640595 
MJM3360    0.5005481 0.4701209 0.0000000 0.5166538 0.4305599 0.3700382 0.3993341 0.4654979 0.4603039 0.5332422 0.4047063 0.4313859 0.4486227 
DrobinSFB  0.4944448 0.2350212 0.5166538 0.0000000 0.4158226 0.4942810 0.4700829 0.5883334 0.5903844 0.3298437 0.4145146 0.5226536 0.4083536 
Neam       0.3515472 0.3525679 0.4305599 0.4158226 0.0000000 0.3801572 0.3732673 0.4823724 0.4847953 0.4204004 0.0092654 0.3963023 0.2557307 
RuprSFB    0.4312035 0.3874311 0.3700382 0.4942810 0.3801572 0.0000000 0.3953300 0.3964201 0.4274036 0.4994123 0.3806009 0.4264175 0.4026080 
Retr       0.4129419 0.3581074 0.3993341 0.4700829 0.3732673 0.3953300 0.0000000 0.4284446 0.4447204 0.4432940 0.3661158 0.2378790 0.3712772 
Beta       0.5358835 0.5197603 0.4654979 0.5883334 0.4823724 0.3964201 0.4284446 0.0000000 0.1892215 0.5627497 0.4720135 0.4834290 0.4666261 
Spol       0.5412487 0.5330051 0.4603039 0.5903844 0.4847953 0.4274036 0.4447204 0.1892215 0.0000000 0.5835316 0.4761142 0.4865213 0.4966970 
MJM1652    0.4798505 0.2211397 0.5332422 0.3298437 0.4204004 0.4994123 0.4432940 0.5627497 0.5835316 0.0000000 0.4133860 0.4408592 0.4016147 
NepSFB     0.3579849 0.3513874 0.4047063 0.4145146 0.0092654 0.3806009 0.3661158 0.4720135 0.4761142 0.4133860 0.0000000 0.4018885 0.2598726 
WPYJ       0.4360756 0.3864678 0.4313859 0.5226536 0.3963023 0.4264175 0.2378790 0.4834290 0.4865213 0.4408592 0.4018885 0.0000000 0.3860634 
MJM2940    0.2554943 0.3640595 0.4486227 0.4083536 0.2557307 0.4026080 0.3712772 0.4666261 0.4966970 0.4016147 0.2598726 0.3860634 0.0000000 
