13
DrolusSFB  0.0000000 0.3006697 0.4150377 0.3056616 0.2017033 0.3691267 0.2315646 0.4258027 0.4185956 0.3219424 0.2730752 0.3818435 0.1866283 
Dino       0.3006697 0.0000000 0.4079522 0.1998224 0.1964747 0.3766087 0.2739012 0.4220850 0.4556218 0.1880692 0.2539858 0.4436537 0.2571477 
MJM3360    0.4150377 0.4079522 0.0000000 0.4353120 0.3369356 0.3341465 0.2383864 0.4270790 0.4467511 0.4280668 0.4289374 0.4707308 0.3509989 
DrobinSFB  0.3056616 0.1998224 0.4353120 0.0000000 0.2546008 0.3773084 0.2924335 0.4439888 0.4446087 0.2162612 0.3124799 0.4521391 0.2906819 
Neam       0.2017033 0.1964747 0.3369356 0.2546008 0.0000000 0.2437172 0.2356560 0.2830073 0.2897221 0.2258724 0.0191463 0.2911808 0.1549587 
RuprSFB    0.3691267 0.3766087 0.3341465 0.3773084 0.2437172 0.0000000 0.3165926 0.3976881 0.4131282 0.4128605 0.2991984 0.4083865 0.3061074 
Retr       0.2315646 0.2739012 0.2383864 0.2924335 0.2356560 0.3165926 0.0000000 0.2729818 0.2921744 0.2339808 0.2523247 0.1908500 0.2276437 
Beta       0.4258027 0.4220850 0.4270790 0.4439888 0.2830073 0.3976881 0.2729818 0.0000000 0.1368235 0.4883645 0.3760702 0.4735396 0.3769824 
Spol       0.4185956 0.4556218 0.4467511 0.4446087 0.2897221 0.4131282 0.2921744 0.1368235 0.0000000 0.4802265 0.3763922 0.4782509 0.3672377 
MJM1652    0.3219424 0.1880692 0.4280668 0.2162612 0.2258724 0.4128605 0.2339808 0.4883645 0.4802265 0.0000000 0.3046046 0.4480425 0.2918684 
NepSFB     0.2730752 0.2539858 0.4289374 0.3124799 0.0191463 0.2991984 0.2523247 0.3760702 0.3763922 0.3046046 0.0000000 0.3632917 0.2109974 
WPYJ       0.3818435 0.4436537 0.4707308 0.4521391 0.2911808 0.4083865 0.1908500 0.4735396 0.4782509 0.4480425 0.3632917 0.0000000 0.3339408 
MJM2940    0.1866283 0.2571477 0.3509989 0.2906819 0.1549587 0.3061074 0.2276437 0.3769824 0.3672377 0.2918684 0.2109974 0.3339408 0.0000000 
