13
DrolusSFB  0.0000000 0.2431974 0.3090881 0.2821824 0.2222084 0.2843149 0.3118355 0.3253000 0.3483290 0.2747364 0.2207202 0.2981915 0.1772951 
Dino       0.2431974 0.0000000 0.3105677 0.1418262 0.1888475 0.2353465 0.2592502 0.3080973 0.3164600 0.1046333 0.1835674 0.3123484 0.2103009 
MJM3360    0.3090881 0.3105677 0.0000000 0.3458195 0.2895181 0.2407449 0.3230107 0.3788504 0.4023656 0.3499223 0.2881229 0.3290052 0.2845762 
DrobinSFB  0.2821824 0.1418262 0.3458195 0.0000000 0.2387102 0.2961781 0.3150864 0.3550942 0.3673382 0.1662453 0.2385322 0.3462945 0.2385524 
Neam       0.2222084 0.1888475 0.2895181 0.2387102 0.0000000 0.2455094 0.2247327 0.2848131 0.3114887 0.2247582 0.0098604 0.2923412 0.1646518 
RuprSFB    0.2843149 0.2353465 0.2407449 0.2961781 0.2455094 0.0000000 0.3309228 0.2979580 0.2923022 0.2867003 0.2472817 0.3203413 0.2532948 
Retr       0.3118355 0.2592502 0.3230107 0.3150864 0.2247327 0.3309228 0.0000000 0.3832564 0.3619446 0.3035492 0.2282795 0.1828940 0.2653925 
Beta       0.3253000 0.3080973 0.3788504 0.3550942 0.2848131 0.2979580 0.3832564 0.0000000 0.1305724 0.3245997 0.2852105 0.3833193 0.2617884 
Spol       0.3483290 0.3164600 0.4023656 0.3673382 0.3114887 0.2923022 0.3619446 0.1305724 0.0000000 0.3287578 0.3090716 0.3752102 0.2739454 
MJM1652    0.2747364 0.1046333 0.3499223 0.1662453 0.2247582 0.2867003 0.3035492 0.3245997 0.3287578 0.0000000 0.2240585 0.3463990 0.2258194 
NepSFB     0.2207202 0.1835674 0.2881229 0.2385322 0.0098604 0.2472817 0.2282795 0.2852105 0.3090716 0.2240585 0.0000000 0.2887260 0.1648198 
WPYJ       0.2981915 0.3123484 0.3290052 0.3462945 0.2923412 0.3203413 0.1828940 0.3833193 0.3752102 0.3463990 0.2887260 0.0000000 0.2762015 
MJM2940    0.1772951 0.2103009 0.2845762 0.2385524 0.1646518 0.2532948 0.2653925 0.2617884 0.2739454 0.2258194 0.1648198 0.2762015 0.0000000 
