13
DrolusSFB  0.0000000 0.3371048 0.4918930 0.3242639 0.2843280 0.3991568 0.3675563 0.3753005 0.3955951 0.3784581 0.2779026 0.3935195 0.1958906 
Dino       0.3371048 0.0000000 0.5285816 0.2014644 0.2969225 0.4467504 0.4221347 0.4161498 0.4477471 0.1795432 0.2909238 0.4224782 0.2873622 
MJM3360    0.4918930 0.5285816 0.0000000 0.5529423 0.4602706 0.3959954 0.4776378 0.4926864 0.4881676 0.5562683 0.4663264 0.5184439 0.4530195 
DrobinSFB  0.3242639 0.2014644 0.5529423 0.0000000 0.3264253 0.4396236 0.3984889 0.3868941 0.4095438 0.2426717 0.3326094 0.4416509 0.2744354 
Neam       0.2843280 0.2969225 0.4602706 0.3264253 0.0000000 0.3580739 0.3577367 0.3520883 0.3528761 0.3322711 0.0166185 0.3890215 0.2424840 
RuprSFB    0.3991568 0.4467504 0.3959954 0.4396236 0.3580739 0.0000000 0.3696750 0.4199868 0.4016128 0.4438901 0.3609622 0.3922651 0.3447638 
Retr       0.3675563 0.4221347 0.4776378 0.3984889 0.3577367 0.3696750 0.0000000 0.3747219 0.3768267 0.4530402 0.3570352 0.2217382 0.3480976 
Beta       0.3753005 0.4161498 0.4926864 0.3868941 0.3520883 0.4199868 0.3747219 0.0000000 0.1654429 0.4350504 0.3522257 0.4209069 0.3290474 
Spol       0.3955951 0.4477471 0.4881676 0.4095438 0.3528761 0.4016128 0.3768267 0.1654429 0.0000000 0.4711664 0.3500527 0.4229104 0.3426510 
MJM1652    0.3784581 0.1795432 0.5562683 0.2426717 0.3322711 0.4438901 0.4530402 0.4350504 0.4711664 0.0000000 0.3230104 0.4363954 0.3147532 
NepSFB     0.2779026 0.2909238 0.4663264 0.3326094 0.0166185 0.3609622 0.3570352 0.3522257 0.3500527 0.3230104 0.0000000 0.3797580 0.2382618 
WPYJ       0.3935195 0.4224782 0.5184439 0.4416509 0.3890215 0.3922651 0.2217382 0.4209069 0.4229104 0.4363954 0.3797580 0.0000000 0.3663496 
MJM2940    0.1958906 0.2873622 0.4530195 0.2744354 0.2424840 0.3447638 0.3480976 0.3290474 0.3426510 0.3147532 0.2382618 0.3663496 0.0000000 
