13
DrolusSFB  0.0000000 0.3254168 0.3353192 0.3443985 0.2564135 0.3241070 0.3298513 0.3378860 0.3702612 0.3324254 0.4187330 0.4236331 0.2075557 
Dino       0.3254168 0.0000000 0.4366636 0.2293489 0.3621963 0.4080415 0.4856451 0.4754667 0.5037507 0.2148632 0.4996584 0.5919556 0.3191243 
MJM3360    0.3353192 0.4366636 0.0000000 0.3982455 0.3513867 0.3206140 0.3768990 0.3794326 0.4033649 0.4166969 0.5024392 0.4579528 0.3616459 
DrobinSFB  0.3443985 0.2293489 0.3982455 0.0000000 0.3831831 0.4583625 0.4306303 0.4946360 0.5031883 0.2631814 0.6266937 0.5983716 0.3924847 
Neam       0.2564135 0.3621963 0.3513867 0.3831831 0.0000000 0.3491342 0.4307221 0.4422253 0.4325893 0.4159004 0.0148389 0.5931950 0.2668607 
RuprSFB    0.3241070 0.4080415 0.3206140 0.4583625 0.3491342 0.0000000 0.4320529 0.4298858 0.4583539 0.4468204 0.5018526 0.6223912 0.3540779 
Retr       0.3298513 0.4856451 0.3768990 0.4306303 0.4307221 0.4320529 0.0000000 0.5175477 0.5265109 0.5218904 0.6502585 0.3028985 0.3754888 
Beta       0.3378860 0.4754667 0.3794326 0.4946360 0.4422253 0.4298858 0.5175477 0.0000000 0.1542131 0.5010263 0.7061514 0.6587759 0.3750784 
Spol       0.3702612 0.5037507 0.4033649 0.5031883 0.4325893 0.4583539 0.5265109 0.1542131 0.0000000 0.5490610 0.6727970 0.6538886 0.3929638 
MJM1652    0.3324254 0.2148632 0.4166969 0.2631814 0.4159004 0.4468204 0.5218904 0.5010263 0.5490610 0.0000000 0.5939199 0.6576481 0.3488389 
NepSFB     0.4187330 0.4996584 0.5024392 0.6266937 0.0148389 0.5018526 0.6502585 0.7061514 0.6727970 0.5939199 0.0000000 0.7514616 0.3767145 
WPYJ       0.4236331 0.5919556 0.4579528 0.5983716 0.5931950 0.6223912 0.3028985 0.6587759 0.6538886 0.6576481 0.7514616 0.0000000 0.5069270 
MJM2940    0.2075557 0.3191243 0.3616459 0.3924847 0.2668607 0.3540779 0.3754888 0.3750784 0.3929638 0.3488389 0.3767145 0.5069270 0.0000000 
