13
DrolusSFB  0.0000000 0.2530211 0.3833012 0.2999728 0.2061198 0.3516341 0.3366718 0.3194145 0.3413008 0.2677748 0.2120735 0.3859064 0.1569575 
Dino       0.2530211 0.0000000 0.3849703 0.2115942 0.2355294 0.4006046 0.3905084 0.3391445 0.3625840 0.1544690 0.2399657 0.3794098 0.2104064 
MJM3360    0.3833012 0.3849703 0.0000000 0.4193033 0.3081707 0.2475600 0.3799539 0.3807160 0.3977032 0.3722747 0.3157531 0.4194449 0.3116336 
DrobinSFB  0.2999728 0.2115942 0.4193033 0.0000000 0.3341713 0.4338788 0.4855142 0.4168431 0.4229105 0.2238224 0.3311704 0.4723041 0.2932439 
Neam       0.2061198 0.2355294 0.3081707 0.3341713 0.0000000 0.3296402 0.2940447 0.3233537 0.3341630 0.2517485 0.0088706 0.3296549 0.1525890 
RuprSFB    0.3516341 0.4006046 0.2475600 0.4338788 0.3296402 0.0000000 0.3707427 0.3719825 0.3859745 0.4197952 0.3345789 0.4228967 0.3136169 
Retr       0.3366718 0.3905084 0.3799539 0.4855142 0.2940447 0.3707427 0.0000000 0.3319405 0.3166569 0.4112024 0.3036585 0.1701849 0.2959170 
Beta       0.3194145 0.3391445 0.3807160 0.4168431 0.3233537 0.3719825 0.3319405 0.0000000 0.1300403 0.3819841 0.3308602 0.3501340 0.2941757 
Spol       0.3413008 0.3625840 0.3977032 0.4229105 0.3341630 0.3859745 0.3166569 0.1300403 0.0000000 0.3772985 0.3336910 0.3638560 0.2819422 
MJM1652    0.2677748 0.1544690 0.3722747 0.2238224 0.2517485 0.4197952 0.4112024 0.3819841 0.3772985 0.0000000 0.2630191 0.4149614 0.2217774 
NepSFB     0.2120735 0.2399657 0.3157531 0.3311704 0.0088706 0.3345789 0.3036585 0.3308602 0.3336910 0.2630191 0.0000000 0.3394607 0.1561173 
WPYJ       0.3859064 0.3794098 0.4194449 0.4723041 0.3296549 0.4228967 0.1701849 0.3501340 0.3638560 0.4149614 0.3394607 0.0000000 0.3440651 
MJM2940    0.1569575 0.2104064 0.3116336 0.2932439 0.1525890 0.3136169 0.2959170 0.2941757 0.2819422 0.2217774 0.1561173 0.3440651 0.0000000 
