13
DrolusSFB  0.0000000 0.3545851 0.4715922 0.3786155 0.2670702 0.3859576 0.2891655 0.4064852 0.4437608 0.3787820 0.2651545 0.2938991 0.2362564 
Dino       0.3545851 0.0000000 0.3853543 0.1845731 0.2530420 0.3684007 0.3116943 0.3587149 0.4055929 0.1771523 0.2438340 0.2937198 0.2870191 
MJM3360    0.4715922 0.3853543 0.0000000 0.4026968 0.3442829 0.3375378 0.3555814 0.4426927 0.4848669 0.4141454 0.3464943 0.3584238 0.3790196 
DrobinSFB  0.3786155 0.1845731 0.4026968 0.0000000 0.2861892 0.3678250 0.2984250 0.3732715 0.4174220 0.2285540 0.2829215 0.3064179 0.3105410 
Neam       0.2670702 0.2530420 0.3442829 0.2861892 0.0000000 0.3142707 0.2681938 0.3132802 0.3400297 0.2766360 0.0056036 0.3080207 0.2072286 
RuprSFB    0.3859576 0.3684007 0.3375378 0.3678250 0.3142707 0.0000000 0.2906530 0.3927413 0.4288448 0.3773668 0.3062927 0.2966737 0.3223575 
Retr       0.2891655 0.3116943 0.3555814 0.2984250 0.2681938 0.2906530 0.0000000 0.3377871 0.3656536 0.3521269 0.2657633 0.1848664 0.2840139 
Beta       0.4064852 0.3587149 0.4426927 0.3732715 0.3132802 0.3927413 0.3377871 0.0000000 0.1270213 0.3709833 0.3160471 0.3352165 0.3218882 
Spol       0.4437608 0.4055929 0.4848669 0.4174220 0.3400297 0.4288448 0.3656536 0.1270213 0.0000000 0.4282192 0.3486344 0.3782160 0.3600439 
MJM1652    0.3787820 0.1771523 0.4141454 0.2285540 0.2766360 0.3773668 0.3521269 0.3709833 0.4282192 0.0000000 0.2773173 0.3286803 0.3022299 
NepSFB     0.2651545 0.2438340 0.3464943 0.2829215 0.0056036 0.3062927 0.2657633 0.3160471 0.3486344 0.2773173 0.0000000 0.3118966 0.2108044 
WPYJ       0.2938991 0.2937198 0.3584238 0.3064179 0.3080207 0.2966737 0.1848664 0.3352165 0.3782160 0.3286803 0.3118966 0.0000000 0.2628757 
MJM2940    0.2362564 0.2870191 0.3790196 0.3105410 0.2072286 0.3223575 0.2840139 0.3218882 0.3600439 0.3022299 0.2108044 0.2628757 0.0000000 
