13
DrolusSFB  0.0000000 0.2911367 0.3980657 0.3683352 0.2747255 0.3854452 0.3801154 0.3825486 0.3974830 0.3310285 0.2719780 0.3803975 0.1887732 
Dino       0.2911367 0.0000000 0.3577505 0.1696882 0.2216757 0.4028232 0.3512103 0.3140227 0.2935445 0.1760669 0.2299411 0.3644569 0.2826777 
MJM3360    0.3980657 0.3577505 0.0000000 0.3974617 0.3282871 0.3913304 0.4233000 0.4568161 0.4118931 0.3864331 0.3335946 0.4200517 0.3557634 
DrobinSFB  0.3683352 0.1696882 0.3974617 0.0000000 0.2901177 0.3997321 0.4025236 0.3434199 0.3353797 0.2269837 0.2872977 0.3745336 0.3237508 
Neam       0.2747255 0.2216757 0.3282871 0.2901177 0.0000000 0.2953881 0.2977531 0.2896575 0.3086608 0.3015606 0.0052959 0.3258959 0.2454180 
RuprSFB    0.3854452 0.4028232 0.3913304 0.3997321 0.2953881 0.0000000 0.4150326 0.3742209 0.3935204 0.4404896 0.2907848 0.4377811 0.3707285 
Retr       0.3801154 0.3512103 0.4233000 0.4025236 0.2977531 0.4150326 0.0000000 0.3765388 0.3828625 0.3725517 0.2999420 0.1487050 0.3720590 
Beta       0.3825486 0.3140227 0.4568161 0.3434199 0.2896575 0.3742209 0.3765388 0.0000000 0.1217839 0.3488226 0.2996033 0.3845714 0.3364885 
Spol       0.3974830 0.2935445 0.4118931 0.3353797 0.3086608 0.3935204 0.3828625 0.1217839 0.0000000 0.3418177 0.3161591 0.3786375 0.3500905 
MJM1652    0.3310285 0.1760669 0.3864331 0.2269837 0.3015606 0.4404896 0.3725517 0.3488226 0.3418177 0.0000000 0.3041708 0.3996208 0.3517705 
NepSFB     0.2719780 0.2299411 0.3335946 0.2872977 0.0052959 0.2907848 0.2999420 0.2996033 0.3161591 0.3041708 0.0000000 0.3285424 0.2470790 
WPYJ       0.3803975 0.3644569 0.4200517 0.3745336 0.3258959 0.4377811 0.1487050 0.3845714 0.3786375 0.3996208 0.3285424 0.0000000 0.3514786 
MJM2940    0.1887732 0.2826777 0.3557634 0.3237508 0.2454180 0.3707285 0.3720590 0.3364885 0.3500905 0.3517705 0.2470790 0.3514786 0.0000000 
