13
DrolusSFB  0.0000000 0.2755421 0.3388038 0.2907929 0.2369025 0.2959458 0.2959111 0.3210687 0.3412388 0.2712119 0.2393243 0.3027923 0.1623649 
Dino       0.2755421 0.0000000 0.3284825 0.1489096 0.2089749 0.2744658 0.2499007 0.3374999 0.3358649 0.1460516 0.2094679 0.2735688 0.2528253 
MJM3360    0.3388038 0.3284825 0.0000000 0.3468703 0.3475834 0.3351467 0.3417733 0.3685667 0.3647351 0.3336167 0.3452980 0.3555211 0.2917969 
DrobinSFB  0.2907929 0.1489096 0.3468703 0.0000000 0.2621706 0.2584015 0.2972228 0.3547357 0.3230741 0.1898843 0.2679548 0.2864387 0.2800396 
Neam       0.2369025 0.2089749 0.3475834 0.2621706 0.0000000 0.2795452 0.2393377 0.2688110 0.2878408 0.2217136 0.0110280 0.2237597 0.1792642 
RuprSFB    0.2959458 0.2744658 0.3351467 0.2584015 0.2795452 0.0000000 0.2809593 0.3309973 0.3200766 0.2897874 0.2798540 0.3199268 0.2402724 
Retr       0.2959111 0.2499007 0.3417733 0.2972228 0.2393377 0.2809593 0.0000000 0.3133828 0.2935573 0.2800409 0.2356443 0.1480015 0.2553545 
Beta       0.3210687 0.3374999 0.3685667 0.3547357 0.2688110 0.3309973 0.3133828 0.0000000 0.1275821 0.3144627 0.2652738 0.2870882 0.2991916 
Spol       0.3412388 0.3358649 0.3647351 0.3230741 0.2878408 0.3200766 0.2935573 0.1275821 0.0000000 0.3071354 0.2857706 0.3055640 0.3096390 
MJM1652    0.2712119 0.1460516 0.3336167 0.1898843 0.2217136 0.2897874 0.2800409 0.3144627 0.3071354 0.0000000 0.2188830 0.2929871 0.2701816 
NepSFB     0.2393243 0.2094679 0.3452980 0.2679548 0.0110280 0.2798540 0.2356443 0.2652738 0.2857706 0.2188830 0.0000000 0.2200787 0.1822031 
WPYJ       0.3027923 0.2735688 0.3555211 0.2864387 0.2237597 0.3199268 0.1480015 0.2870882 0.3055640 0.2929871 0.2200787 0.0000000 0.2633314 
MJM2940    0.1623649 0.2528253 0.2917969 0.2800396 0.1792642 0.2402724 0.2553545 0.2991916 0.3096390 0.2701816 0.1822031 0.2633314 0.0000000 
