13
DrolusSFB  0.0000000 0.3900678 0.4444277 0.3680171 0.2729754 0.3806397 0.3934569 0.4222694 0.4144285 0.4030311 0.2790797 0.4396909 0.2233504 
Dino       0.3900678 0.0000000 0.4717044 0.2453668 0.3091101 0.3891787 0.3688811 0.4186593 0.4486937 0.2048853 0.3059940 0.3543763 0.2851677 
MJM3360    0.4444277 0.4717044 0.0000000 0.4596931 0.3963786 0.3714202 0.4635179 0.4704407 0.4758440 0.4759884 0.4023287 0.4672543 0.3812458 
DrobinSFB  0.3680171 0.2453668 0.4596931 0.0000000 0.2863271 0.4453327 0.3614627 0.4164686 0.4458617 0.2756897 0.2818371 0.3521675 0.2891510 
Neam       0.2729754 0.3091101 0.3963786 0.2863271 0.0000000 0.3582165 0.2893595 0.3685687 0.3943358 0.3294636 0.0161028 0.3286412 0.1666177 
RuprSFB    0.3806397 0.3891787 0.3714202 0.4453327 0.3582165 0.0000000 0.3524175 0.3901225 0.4287990 0.3948675 0.3567259 0.3634802 0.3280465 
Retr       0.3934569 0.3688811 0.4635179 0.3614627 0.2893595 0.3524175 0.0000000 0.3560423 0.3717402 0.3931752 0.2914071 0.1962747 0.2904848 
Beta       0.4222694 0.4186593 0.4704407 0.4164686 0.3685687 0.3901225 0.3560423 0.0000000 0.1541149 0.4562791 0.3716332 0.4175365 0.3737989 
Spol       0.4144285 0.4486937 0.4758440 0.4458617 0.3943358 0.4287990 0.3717402 0.1541149 0.0000000 0.4713026 0.3882113 0.4275259 0.3563579 
MJM1652    0.4030311 0.2048853 0.4759884 0.2756897 0.3294636 0.3948675 0.3931752 0.4562791 0.4713026 0.0000000 0.3203934 0.3743132 0.3202819 
NepSFB     0.2790797 0.3059940 0.4023287 0.2818371 0.0161028 0.3567259 0.2914071 0.3716332 0.3882113 0.3203934 0.0000000 0.3280386 0.1644016 
WPYJ       0.4396909 0.3543763 0.4672543 0.3521675 0.3286412 0.3634802 0.1962747 0.4175365 0.4275259 0.3743132 0.3280386 0.0000000 0.3052046 
MJM2940    0.2233504 0.2851677 0.3812458 0.2891510 0.1666177 0.3280465 0.2904848 0.3737989 0.3563579 0.3202819 0.1644016 0.3052046 0.0000000 
