13
DrolusSFB  0.0000000 0.3125576 0.3775001 0.3915843 0.2652339 0.3315837 0.3310224 0.4200633 0.3588119 0.3413673 0.2654184 0.4421637 0.2172465 
Dino       0.3125576 0.0000000 0.3495724 0.1960503 0.2445870 0.3224299 0.3437429 0.3892071 0.3601022 0.1690298 0.2394190 0.4424971 0.2685434 
MJM3360    0.3775001 0.3495724 0.0000000 0.3778316 0.3225666 0.2749011 0.3799436 0.4518072 0.4098114 0.3934306 0.3309207 0.4507759 0.3364631 
DrobinSFB  0.3915843 0.1960503 0.3778316 0.0000000 0.2983202 0.4085589 0.3508093 0.4161610 0.3814106 0.2407250 0.2960758 0.4699399 0.3189501 
Neam       0.2652339 0.2445870 0.3225666 0.2983202 0.0000000 0.3052356 0.2444002 0.3343809 0.3056457 0.2927849 0.0121072 0.3668621 0.2065830 
RuprSFB    0.3315837 0.3224299 0.2749011 0.4085589 0.3052356 0.0000000 0.3247208 0.3334338 0.3229909 0.3760945 0.3025699 0.4209554 0.3119724 
Retr       0.3310224 0.3437429 0.3799436 0.3508093 0.2444002 0.3247208 0.0000000 0.3807353 0.3560793 0.3601736 0.2516371 0.1941191 0.3005902 
Beta       0.4200633 0.3892071 0.4518072 0.4161610 0.3343809 0.3334338 0.3807353 0.0000000 0.1462689 0.4075265 0.3392967 0.4943675 0.3729028 
Spol       0.3588119 0.3601022 0.4098114 0.3814106 0.3056457 0.3229909 0.3560793 0.1462689 0.0000000 0.3772182 0.3109410 0.4357840 0.3425145 
MJM1652    0.3413673 0.1690298 0.3934306 0.2407250 0.2927849 0.3760945 0.3601736 0.4075265 0.3772182 0.0000000 0.2993291 0.4380274 0.3155203 
NepSFB     0.2654184 0.2394190 0.3309207 0.2960758 0.0121072 0.3025699 0.2516371 0.3392967 0.3109410 0.2993291 0.0000000 0.3745613 0.2011469 
WPYJ       0.4421637 0.4424971 0.4507759 0.4699399 0.3668621 0.4209554 0.1941191 0.4943675 0.4357840 0.4380274 0.3745613 0.0000000 0.3888647 
MJM2940    0.2172465 0.2685434 0.3364631 0.3189501 0.2065830 0.3119724 0.3005902 0.3729028 0.3425145 0.3155203 0.2011469 0.3888647 0.0000000 
