13
DrolusSFB  0.0000000 0.2572048 0.2574498 0.2077136 0.1807532 0.2782296 0.2253858 0.2633693 0.2577491 0.2489206 0.1843001 0.2689688 0.1404539 
Dino       0.2572048 0.0000000 0.2778548 0.1403031 0.2379102 0.3182923 0.2856881 0.2716677 0.2939212 0.1193313 0.2400432 0.3387724 0.1953855 
MJM3360    0.2574498 0.2778548 0.0000000 0.2607373 0.2546781 0.2234103 0.2303424 0.2530224 0.2985156 0.3030357 0.2595194 0.2526947 0.2184314 
DrobinSFB  0.2077136 0.1403031 0.2607373 0.0000000 0.1807221 0.2864796 0.2475438 0.2210561 0.2771095 0.1722002 0.1774128 0.2834397 0.1709002 
Neam       0.1807532 0.2379102 0.2546781 0.1807221 0.0000000 0.2374038 0.2332715 0.2052614 0.2448646 0.2668049 0.0071214 0.2895178 0.1579209 
RuprSFB    0.2782296 0.3182923 0.2234103 0.2864796 0.2374038 0.0000000 0.2702371 0.2815541 0.3148089 0.3206749 0.2419782 0.3325974 0.2508276 
Retr       0.2253858 0.2856881 0.2303424 0.2475438 0.2332715 0.2702371 0.0000000 0.2206923 0.2018403 0.2706472 0.2292723 0.1612475 0.2047811 
Beta       0.2633693 0.2716677 0.2530224 0.2210561 0.2052614 0.2815541 0.2206923 0.0000000 0.1401542 0.3245203 0.2023453 0.2688185 0.1969347 
Spol       0.2577491 0.2939212 0.2985156 0.2771095 0.2448646 0.3148089 0.2018403 0.1401542 0.0000000 0.3569987 0.2370762 0.2564489 0.2415322 
MJM1652    0.2489206 0.1193313 0.3030357 0.1722002 0.2668049 0.3206749 0.2706472 0.3245203 0.3569987 0.0000000 0.2694940 0.3065603 0.2071860 
NepSFB     0.1843001 0.2400432 0.2595194 0.1774128 0.0071214 0.2419782 0.2292723 0.2023453 0.2370762 0.2694940 0.0000000 0.2850829 0.1612524 
WPYJ       0.2689688 0.3387724 0.2526947 0.2834397 0.2895178 0.3325974 0.1612475 0.2688185 0.2564489 0.3065603 0.2850829 0.0000000 0.2443651 
MJM2940    0.1404539 0.1953855 0.2184314 0.1709002 0.1579209 0.2508276 0.2047811 0.1969347 0.2415322 0.2071860 0.1612524 0.2443651 0.0000000 
