13
DrolusSFB  0.0000000 0.3430749 0.2847406 0.3639995 0.3087114 0.3378076 0.2703103 0.4680376 0.5220223 0.3754749 0.2959094 0.2950778 0.2387294 
Dino       0.3430749 0.0000000 0.3417594 0.1766960 0.2863767 0.3709252 0.3712237 0.4390006 0.4787054 0.1939410 0.2719520 0.3832825 0.2920355 
MJM3360    0.2847406 0.3417594 0.0000000 0.3126366 0.2500280 0.2460928 0.3205231 0.2722700 0.2992355 0.3357702 0.2403729 0.3592019 0.2544337 
DrobinSFB  0.3639995 0.1766960 0.3126366 0.0000000 0.3105101 0.3517644 0.3798035 0.4193325 0.4134100 0.2612700 0.3044699 0.4125966 0.2846566 
Neam       0.3087114 0.2863767 0.2500280 0.3105101 0.0000000 0.3271206 0.2538295 0.4277640 0.4569058 0.3212991 0.0163697 0.3384239 0.2266053 
RuprSFB    0.3378076 0.3709252 0.2460928 0.3517644 0.3271206 0.0000000 0.3295107 0.3646788 0.3875883 0.4159983 0.3160202 0.3650046 0.2914198 
Retr       0.2703103 0.3712237 0.3205231 0.3798035 0.2538295 0.3295107 0.0000000 0.3068090 0.3176283 0.3578073 0.2493618 0.1910253 0.2506917 
Beta       0.4680376 0.4390006 0.2722700 0.4193325 0.4277640 0.3646788 0.3068090 0.0000000 0.1796487 0.4835384 0.4111945 0.3763026 0.3946047 
Spol       0.5220223 0.4787054 0.2992355 0.4134100 0.4569058 0.3875883 0.3176283 0.1796487 0.0000000 0.5335219 0.4500548 0.3861265 0.4621724 
MJM1652    0.3754749 0.1939410 0.3357702 0.2612700 0.3212991 0.4159983 0.3578073 0.4835384 0.5335219 0.0000000 0.3039155 0.4065631 0.3250574 
NepSFB     0.2959094 0.2719520 0.2403729 0.3044699 0.0163697 0.3160202 0.2493618 0.4111945 0.4500548 0.3039155 0.0000000 0.3254887 0.2196735 
WPYJ       0.2950778 0.3832825 0.3592019 0.4125966 0.3384239 0.3650046 0.1910253 0.3763026 0.3861265 0.4065631 0.3254887 0.0000000 0.3025646 
MJM2940    0.2387294 0.2920355 0.2544337 0.2846566 0.2266053 0.2914198 0.2506917 0.3946047 0.4621724 0.3250574 0.2196735 0.3025646 0.0000000 
