13
DrolusSFB  0.0000000 0.3333714 0.3725067 0.3960415 0.2360021 0.3219722 0.3283711 0.4011227 0.4039164 0.3229144 0.2427257 0.4313706 0.1733498 
Dino       0.3333714 0.0000000 0.4276395 0.2167718 0.2976767 0.3818741 0.3711174 0.4713997 0.4391960 0.2205793 0.3028587 0.4968110 0.2710628 
MJM3360    0.3725067 0.4276395 0.0000000 0.4794796 0.3184213 0.2662855 0.3562170 0.4502691 0.4372098 0.3882511 0.3277824 0.4651846 0.3120751 
DrobinSFB  0.3960415 0.2167718 0.4794796 0.0000000 0.3669084 0.4456148 0.4370463 0.5314226 0.4982542 0.2737601 0.3736393 0.5558082 0.3469507 
Neam       0.2360021 0.2976767 0.3184213 0.3669084 0.0000000 0.2898444 0.3223859 0.3863163 0.3636411 0.2832284 0.0105563 0.4218074 0.1715908 
RuprSFB    0.3219722 0.3818741 0.2662855 0.4456148 0.2898444 0.0000000 0.3522991 0.4229565 0.4217845 0.3659927 0.2968996 0.4345888 0.2683776 
Retr       0.3283711 0.3711174 0.3562170 0.4370463 0.3223859 0.3522991 0.0000000 0.4161442 0.3957427 0.3569333 0.3268101 0.2323088 0.2869215 
Beta       0.4011227 0.4713997 0.4502691 0.5314226 0.3863163 0.4229565 0.4161442 0.0000000 0.1228259 0.4297769 0.3980847 0.4998006 0.3394429 
Spol       0.4039164 0.4391960 0.4372098 0.4982542 0.3636411 0.4217845 0.3957427 0.1228259 0.0000000 0.4201935 0.3725394 0.4937609 0.3289664 
MJM1652    0.3229144 0.2205793 0.3882511 0.2737601 0.2832284 0.3659927 0.3569333 0.4297769 0.4201935 0.0000000 0.2897965 0.4646578 0.2766347 
NepSFB     0.2427257 0.3028587 0.3277824 0.3736393 0.0105563 0.2968996 0.3268101 0.3980847 0.3725394 0.2897965 0.0000000 0.4293726 0.1772522 
WPYJ       0.4313706 0.4968110 0.4651846 0.5558082 0.4218074 0.4345888 0.2323088 0.4998006 0.4937609 0.4646578 0.4293726 0.0000000 0.3798159 
MJM2940    0.1733498 0.2710628 0.3120751 0.3469507 0.1715908 0.2683776 0.2869215 0.3394429 0.3289664 0.2766347 0.1772522 0.3798159 0.0000000 
