13
DrolusSFB  0.0000000 0.2612969 0.3610190 0.3592334 0.1981102 0.3979712 0.3324843 0.3029744 0.3006011 0.2862585 0.1989735 0.3475074 0.1883523 
Dino       0.2612969 0.0000000 0.3422448 0.2053638 0.2170475 0.3698604 0.3556266 0.3214021 0.3434916 0.1478735 0.2187334 0.3634720 0.2287057 
MJM3360    0.3610190 0.3422448 0.0000000 0.3879947 0.3204875 0.2866775 0.3761839 0.4070084 0.3854822 0.3479171 0.3186080 0.3413235 0.3318798 
DrobinSFB  0.3592334 0.2053638 0.3879947 0.0000000 0.3002268 0.4291778 0.3766932 0.4296009 0.4312637 0.2135915 0.3028698 0.4334779 0.3260197 
Neam       0.1981102 0.2170475 0.3204875 0.3002268 0.0000000 0.2965076 0.2925778 0.2727497 0.2787499 0.2202472 0.0082847 0.3390271 0.1501644 
RuprSFB    0.3979712 0.3698604 0.2866775 0.4291778 0.2965076 0.0000000 0.3770102 0.3603040 0.3379089 0.3609191 0.3001505 0.3763079 0.3030266 
Retr       0.3324843 0.3556266 0.3761839 0.3766932 0.2925778 0.3770102 0.0000000 0.3448855 0.3283385 0.3333478 0.2917977 0.2020239 0.3099633 
Beta       0.3029744 0.3214021 0.4070084 0.4296009 0.2727497 0.3603040 0.3448855 0.0000000 0.1068720 0.3158551 0.2730752 0.3781768 0.2868975 
Spol       0.3006011 0.3434916 0.3854822 0.4312637 0.2787499 0.3379089 0.3283385 0.1068720 0.0000000 0.3456673 0.2769930 0.3562926 0.2760048 
MJM1652    0.2862585 0.1478735 0.3479171 0.2135915 0.2202472 0.3609191 0.3333478 0.3158551 0.3456673 0.0000000 0.2187116 0.3657160 0.2370925 
NepSFB     0.1989735 0.2187334 0.3186080 0.3028698 0.0082847 0.3001505 0.2917977 0.2730752 0.2769930 0.2187116 0.0000000 0.3383172 0.1503531 
WPYJ       0.3475074 0.3634720 0.3413235 0.4334779 0.3390271 0.3763079 0.2020239 0.3781768 0.3562926 0.3657160 0.3383172 0.0000000 0.3204929 
MJM2940    0.1883523 0.2287057 0.3318798 0.3260197 0.1501644 0.3030266 0.3099633 0.2868975 0.2760048 0.2370925 0.1503531 0.3204929 0.0000000 
