13
DrolusSFB  0.0000000 0.3569244 0.4343250 0.3833897 0.2767864 0.3306320 0.4389223 0.4263767 0.4264359 0.3099462 0.3193149 0.4659866 0.1982768 
Dino       0.3569244 0.0000000 0.4604601 0.1800393 0.2898819 0.3968866 0.4325740 0.4922560 0.4726195 0.1230212 0.3266578 0.4423207 0.2844648 
MJM3360    0.4343250 0.4604601 0.0000000 0.4962050 0.3619256 0.3740404 0.4690557 0.5138205 0.4900365 0.4627588 0.4770637 0.5052122 0.3677904 
DrobinSFB  0.3833897 0.1800393 0.4962050 0.0000000 0.3471866 0.3927093 0.4377442 0.5261888 0.5233886 0.2116871 0.3716294 0.4756062 0.3250456 
Neam       0.2767864 0.2898819 0.3619256 0.3471866 0.0000000 0.2757326 0.3472918 0.3774697 0.3960430 0.3380989 0.0217039 0.3913275 0.1993591 
RuprSFB    0.3306320 0.3968866 0.3740404 0.3927093 0.2757326 0.0000000 0.3881010 0.3794022 0.3775385 0.3690731 0.3947441 0.3752317 0.3216794 
Retr       0.4389223 0.4325740 0.4690557 0.4377442 0.3472918 0.3881010 0.0000000 0.4613947 0.4530758 0.4252350 0.4564574 0.2063563 0.3752154 
Beta       0.4263767 0.4922560 0.5138205 0.5261888 0.3774697 0.3794022 0.4613947 0.0000000 0.1577245 0.5011234 0.4611168 0.4620077 0.3765741 
Spol       0.4264359 0.4726195 0.4900365 0.5233886 0.3960430 0.3775385 0.4530758 0.1577245 0.0000000 0.4901576 0.4452824 0.4627998 0.3524316 
MJM1652    0.3099462 0.1230212 0.4627588 0.2116871 0.3380989 0.3690731 0.4252350 0.5011234 0.4901576 0.0000000 0.3480317 0.4516545 0.2598421 
NepSFB     0.3193149 0.3266578 0.4770637 0.3716294 0.0217039 0.3947441 0.4564574 0.4611168 0.4452824 0.3480317 0.0000000 0.4817505 0.2510286 
WPYJ       0.4659866 0.4423207 0.5052122 0.4756062 0.3913275 0.3752317 0.2063563 0.4620077 0.4627998 0.4516545 0.4817505 0.0000000 0.3828351 
MJM2940    0.1982768 0.2844648 0.3677904 0.3250456 0.1993591 0.3216794 0.3752154 0.3765741 0.3524316 0.2598421 0.2510286 0.3828351 0.0000000 
