13
DrolusSFB  0.0000000 0.3087987 0.3804117 0.3563261 0.2450045 0.3250250 0.3441960 0.3634730 0.3743958 0.3430990 0.2458110 0.3642275 0.1806941 
Dino       0.3087987 0.0000000 0.3926492 0.1932727 0.2337542 0.3028506 0.3615121 0.3697007 0.3659042 0.1415517 0.2320515 0.3616899 0.2327153 
MJM3360    0.3804117 0.3926492 0.0000000 0.4487237 0.3430172 0.2972881 0.3595819 0.3849832 0.3878719 0.3989997 0.3392669 0.3754999 0.3081347 
DrobinSFB  0.3563261 0.1932727 0.4487237 0.0000000 0.2873558 0.3413310 0.3853084 0.4044072 0.3997541 0.2164200 0.2865095 0.3968952 0.2937128 
Neam       0.2450045 0.2337542 0.3430172 0.2873558 0.0000000 0.2606086 0.2884389 0.3149855 0.3216891 0.2622830 0.0107711 0.3064189 0.1489935 
RuprSFB    0.3250250 0.3028506 0.2972881 0.3413310 0.2606086 0.0000000 0.3164975 0.3291559 0.3315387 0.3069170 0.2603439 0.3281873 0.2468947 
Retr       0.3441960 0.3615121 0.3595819 0.3853084 0.2884389 0.3164975 0.0000000 0.3511972 0.3488976 0.3669540 0.2845871 0.1662802 0.2907799 
Beta       0.3634730 0.3697007 0.3849832 0.4044072 0.3149855 0.3291559 0.3511972 0.0000000 0.1353603 0.3765748 0.3159115 0.3587331 0.3057952 
Spol       0.3743958 0.3659042 0.3878719 0.3997541 0.3216891 0.3315387 0.3488976 0.1353603 0.0000000 0.3705644 0.3211511 0.3559806 0.3132520 
MJM1652    0.3430990 0.1415517 0.3989997 0.2164200 0.2622830 0.3069170 0.3669540 0.3765748 0.3705644 0.0000000 0.2605463 0.3609810 0.2572691 
NepSFB     0.2458110 0.2320515 0.3392669 0.2865095 0.0107711 0.2603439 0.2845871 0.3159115 0.3211511 0.2605463 0.0000000 0.3027292 0.1459390 
WPYJ       0.3642275 0.3616899 0.3754999 0.3968952 0.3064189 0.3281873 0.1662802 0.3587331 0.3559806 0.3609810 0.3027292 0.0000000 0.2997660 
MJM2940    0.1806941 0.2327153 0.3081347 0.2937128 0.1489935 0.2468947 0.2907799 0.3057952 0.3132520 0.2572691 0.1459390 0.2997660 0.0000000 
