13
DrolusSFB  0.0000000 0.2818664 0.3521762 0.3923255 0.2291874 0.3184645 0.2687814 0.3867399 0.3927480 0.3495592 0.2281688 0.3171228 0.1656546 
Dino       0.2818664 0.0000000 0.3631575 0.2921022 0.3073791 0.3853475 0.3435424 0.4514506 0.4509927 0.1534182 0.3048436 0.4029919 0.2850951 
MJM3360    0.3521762 0.3631575 0.0000000 0.4678913 0.3651677 0.3362616 0.3707793 0.5057156 0.4644910 0.4014220 0.3575757 0.4564903 0.3504479 
DrobinSFB  0.3923255 0.2921022 0.4678913 0.0000000 0.4321706 0.4403199 0.4614457 0.4858495 0.5197786 0.3429330 0.4231845 0.5638041 0.4181388 
Neam       0.2291874 0.3073791 0.3651677 0.4321706 0.0000000 0.3241984 0.2605533 0.4121613 0.3930073 0.3248357 0.0082084 0.2959657 0.1995951 
RuprSFB    0.3184645 0.3853475 0.3362616 0.4403199 0.3241984 0.0000000 0.3413479 0.4480312 0.4282065 0.3953299 0.3254978 0.4115258 0.3051065 
Retr       0.2687814 0.3435424 0.3707793 0.4614457 0.2605533 0.3413479 0.0000000 0.4637973 0.4446342 0.4040510 0.2585685 0.2126489 0.2547119 
Beta       0.3867399 0.4514506 0.5057156 0.4858495 0.4121613 0.4480312 0.4637973 0.0000000 0.1481365 0.4668467 0.4044232 0.5244014 0.4114443 
Spol       0.3927480 0.4509927 0.4644910 0.5197786 0.3930073 0.4282065 0.4446342 0.1481365 0.0000000 0.4924431 0.3889856 0.5211238 0.4066625 
MJM1652    0.3495592 0.1534182 0.4014220 0.3429330 0.3248357 0.3953299 0.4040510 0.4668467 0.4924431 0.0000000 0.3233929 0.4480841 0.3196157 
NepSFB     0.2281688 0.3048436 0.3575757 0.4231845 0.0082084 0.3254978 0.2585685 0.4044232 0.3889856 0.3233929 0.0000000 0.2849832 0.1943102 
WPYJ       0.3171228 0.4029919 0.4564903 0.5638041 0.2959657 0.4115258 0.2126489 0.5244014 0.5211238 0.4480841 0.2849832 0.0000000 0.2924889 
MJM2940    0.1656546 0.2850951 0.3504479 0.4181388 0.1995951 0.3051065 0.2547119 0.4114443 0.4066625 0.3196157 0.1943102 0.2924889 0.0000000 
