13
DrolusSFB  0.0000000 0.2861904 0.3481078 0.2752868 0.2281256 0.3740421 0.3457146 0.3790294 0.4032632 0.3091997 0.2698570 0.3960609 0.1758965 
Dino       0.2861904 0.0000000 0.3636013 0.1599144 0.2194005 0.3655375 0.3311048 0.3384848 0.3736239 0.1480762 0.2501805 0.3567216 0.2290527 
MJM3360    0.3481078 0.3636013 0.0000000 0.3796032 0.3431731 0.3048174 0.4115855 0.4079642 0.4477591 0.3891872 0.3793586 0.4187830 0.3109346 
DrobinSFB  0.2752868 0.1599144 0.3796032 0.0000000 0.2501602 0.3925897 0.3819798 0.3859421 0.3938056 0.1987025 0.3062391 0.4210700 0.2495923 
Neam       0.2281256 0.2194005 0.3431731 0.2501602 0.0000000 0.3469064 0.2906000 0.3417353 0.3684222 0.2598925 0.0120371 0.3321082 0.1895015 
RuprSFB    0.3740421 0.3655375 0.3048174 0.3925897 0.3469064 0.0000000 0.3736495 0.4044315 0.4289350 0.3750892 0.3830939 0.3881599 0.3016314 
Retr       0.3457146 0.3311048 0.4115855 0.3819798 0.2906000 0.3736495 0.0000000 0.4269368 0.4338328 0.3737097 0.3496509 0.1937864 0.2842182 
Beta       0.3790294 0.3384848 0.4079642 0.3859421 0.3417353 0.4044315 0.4269368 0.0000000 0.1247840 0.3879564 0.3746219 0.4010621 0.3182103 
Spol       0.4032632 0.3736239 0.4477591 0.3938056 0.3684222 0.4289350 0.4338328 0.1247840 0.0000000 0.4192943 0.4189932 0.4469834 0.3411383 
MJM1652    0.3091997 0.1480762 0.3891872 0.1987025 0.2598925 0.3750892 0.3737097 0.3879564 0.4192943 0.0000000 0.2924537 0.4190832 0.2710613 
NepSFB     0.2698570 0.2501805 0.3793586 0.3062391 0.0120371 0.3830939 0.3496509 0.3746219 0.4189932 0.2924537 0.0000000 0.3757953 0.2062273 
WPYJ       0.3960609 0.3567216 0.4187830 0.4210700 0.3321082 0.3881599 0.1937864 0.4010621 0.4469834 0.4190832 0.3757953 0.0000000 0.3312501 
MJM2940    0.1758965 0.2290527 0.3109346 0.2495923 0.1895015 0.3016314 0.2842182 0.3182103 0.3411383 0.2710613 0.2062273 0.3312501 0.0000000 
