13
DrolusSFB  0.0000000 0.3159358 0.3892897 0.3443614 0.3053099 0.3507701 0.3782227 0.3879698 0.3918787 0.3566271 0.3024692 0.4070893 0.1825442 
Dino       0.3159358 0.0000000 0.3953632 0.1817721 0.2634972 0.3584898 0.3195429 0.3736392 0.3702797 0.1456947 0.2633082 0.3777322 0.2645022 
MJM3360    0.3892897 0.3953632 0.0000000 0.4299089 0.3588106 0.3312102 0.3924497 0.4130701 0.4273000 0.4655721 0.3571118 0.4342315 0.3418814 
DrobinSFB  0.3443614 0.1817721 0.4299089 0.0000000 0.2998167 0.3789544 0.3509268 0.4158496 0.4205309 0.2260182 0.2966393 0.4264926 0.2976739 
Neam       0.3053099 0.2634972 0.3588106 0.2998167 0.0000000 0.3298930 0.3154309 0.3502089 0.3403694 0.3105872 0.0103061 0.3745484 0.2348660 
RuprSFB    0.3507701 0.3584898 0.3312102 0.3789544 0.3298930 0.0000000 0.3914124 0.3956156 0.3955718 0.4010806 0.3257157 0.3989002 0.3022427 
Retr       0.3782227 0.3195429 0.3924497 0.3509268 0.3154309 0.3914124 0.0000000 0.3568393 0.3700060 0.3863523 0.3166271 0.2008208 0.3007777 
Beta       0.3879698 0.3736392 0.4130701 0.4158496 0.3502089 0.3956156 0.3568393 0.0000000 0.1199909 0.4263394 0.3495516 0.4244510 0.3457751 
Spol       0.3918787 0.3702797 0.4273000 0.4205309 0.3403694 0.3955718 0.3700060 0.1199909 0.0000000 0.4401308 0.3422898 0.4026820 0.3427118 
MJM1652    0.3566271 0.1456947 0.4655721 0.2260182 0.3105872 0.4010806 0.3863523 0.4263394 0.4401308 0.0000000 0.3077223 0.4201944 0.3069535 
NepSFB     0.3024692 0.2633082 0.3571118 0.2966393 0.0103061 0.3257157 0.3166271 0.3495516 0.3422898 0.3077223 0.0000000 0.3748899 0.2349633 
WPYJ       0.4070893 0.3777322 0.4342315 0.4264926 0.3745484 0.3989002 0.2008208 0.4244510 0.4026820 0.4201944 0.3748899 0.0000000 0.3597675 
MJM2940    0.1825442 0.2645022 0.3418814 0.2976739 0.2348660 0.3022427 0.3007777 0.3457751 0.3427118 0.3069535 0.2349633 0.3597675 0.0000000 
