13
DrolusSFB  0.0000000 0.2813996 0.3767464 0.3512333 0.2406499 0.3438358 0.3870029 0.4018729 0.4380564 0.2969539 0.2921516 0.4175316 0.1392041 
Dino       0.2813996 0.0000000 0.3481663 0.2010751 0.2118321 0.3154452 0.3360299 0.3698890 0.3909067 0.1338732 0.2579010 0.3942317 0.2484093 
MJM3360    0.3767464 0.3481663 0.0000000 0.4173441 0.3354578 0.3045878 0.4274617 0.3829053 0.4009457 0.3775637 0.3733215 0.4477299 0.3382423 
DrobinSFB  0.3512333 0.2010751 0.4173441 0.0000000 0.2161733 0.3619422 0.3871599 0.4152174 0.4327137 0.2278180 0.2873069 0.4321916 0.2805937 
Neam       0.2406499 0.2118321 0.3354578 0.2161733 0.0000000 0.2914321 0.3520359 0.3280621 0.3369959 0.2412873 0.0068479 0.4227062 0.1945231 
RuprSFB    0.3438358 0.3154452 0.3045878 0.3619422 0.2914321 0.0000000 0.4140365 0.3566204 0.3679978 0.3444452 0.3375017 0.4284435 0.3082422 
Retr       0.3870029 0.3360299 0.4274617 0.3871599 0.3520359 0.4140365 0.0000000 0.3944114 0.3711865 0.3834839 0.3570201 0.2000336 0.3348700 
Beta       0.4018729 0.3698890 0.3829053 0.4152174 0.3280621 0.3566204 0.3944114 0.0000000 0.1406887 0.4090535 0.3813140 0.4188079 0.3561177 
Spol       0.4380564 0.3909067 0.4009457 0.4327137 0.3369959 0.3679978 0.3711865 0.1406887 0.0000000 0.4422135 0.3920058 0.4135529 0.3833985 
MJM1652    0.2969539 0.1338732 0.3775637 0.2278180 0.2412873 0.3444452 0.3834839 0.4090535 0.4422135 0.0000000 0.2843063 0.4210035 0.2688419 
NepSFB     0.2921516 0.2579010 0.3733215 0.2873069 0.0068479 0.3375017 0.3570201 0.3813140 0.3920058 0.2843063 0.0000000 0.4279583 0.2297661 
WPYJ       0.4175316 0.3942317 0.4477299 0.4321916 0.4227062 0.4284435 0.2000336 0.4188079 0.4135529 0.4210035 0.4279583 0.0000000 0.3788636 
MJM2940    0.1392041 0.2484093 0.3382423 0.2805937 0.1945231 0.3082422 0.3348700 0.3561177 0.3833985 0.2688419 0.2297661 0.3788636 0.0000000 
