13
DrolusSFB  0.0000000 0.2988837 0.3872337 0.3897317 0.3200588 0.3139858 0.3782868 0.4850717 0.4691774 0.3216287 0.3238704 0.3998837 0.2168528 
Dino       0.2988837 0.0000000 0.3950742 0.2277585 0.2754539 0.3198770 0.4003451 0.4737565 0.4478067 0.1608444 0.2780008 0.4260998 0.2759565 
MJM3360    0.3872337 0.3950742 0.0000000 0.4925274 0.3954209 0.2788207 0.3376063 0.4831118 0.4343596 0.3967136 0.4060556 0.3433995 0.3824564 
DrobinSFB  0.3897317 0.2277585 0.4925274 0.0000000 0.3736602 0.4046257 0.3937187 0.5449459 0.5444314 0.2676794 0.3766048 0.4269608 0.3183176 
Neam       0.3200588 0.2754539 0.3954209 0.3736602 0.0000000 0.2927584 0.3564347 0.4181845 0.3924034 0.2915876 0.0086151 0.3352854 0.2213429 
RuprSFB    0.3139858 0.3198770 0.2788207 0.4046257 0.2927584 0.0000000 0.3883539 0.3660432 0.3645554 0.3742332 0.2955438 0.3112201 0.2918135 
Retr       0.3782868 0.4003451 0.3376063 0.3937187 0.3564347 0.3883539 0.0000000 0.4601626 0.4684437 0.3893841 0.3590948 0.1702227 0.3357436 
Beta       0.4850717 0.4737565 0.4831118 0.5449459 0.4181845 0.3660432 0.4601626 0.0000000 0.1719151 0.5464361 0.4209960 0.4242828 0.4121998 
Spol       0.4691774 0.4478067 0.4343596 0.5444314 0.3924034 0.3645554 0.4684437 0.1719151 0.0000000 0.5162502 0.3967875 0.4192928 0.3780223 
MJM1652    0.3216287 0.1608444 0.3967136 0.2676794 0.2915876 0.3742332 0.3893841 0.5464361 0.5162502 0.0000000 0.2981200 0.4469638 0.3138044 
NepSFB     0.3238704 0.2780008 0.4060556 0.3766048 0.0086151 0.2955438 0.3590948 0.4209960 0.3967875 0.2981200 0.0000000 0.3379575 0.2273776 
WPYJ       0.3998837 0.4260998 0.3433995 0.4269608 0.3352854 0.3112201 0.1702227 0.4242828 0.4192928 0.4469638 0.3379575 0.0000000 0.3785891 
MJM2940    0.2168528 0.2759565 0.3824564 0.3183176 0.2213429 0.2918135 0.3357436 0.4121998 0.3780223 0.3138044 0.2273776 0.3785891 0.0000000 
