13
DrolusSFB  0.0000000 0.4085266 0.3433290 0.3587958 0.2449451 0.3342144 0.3544384 0.3674147 0.3577414 0.4592854 0.2524570 0.3819123 0.1961676 
Dino       0.4085266 0.0000000 0.4118300 0.2044942 0.3039099 0.3722816 0.3650781 0.4611429 0.4154022 0.1699135 0.3113004 0.4136768 0.3016345 
MJM3360    0.3433290 0.4118300 0.0000000 0.3826447 0.3114764 0.2358958 0.3023077 0.4206096 0.3922861 0.4601061 0.3182346 0.3660838 0.3421912 
DrobinSFB  0.3587958 0.2044942 0.3826447 0.0000000 0.2824712 0.3538569 0.3663308 0.3851380 0.3927531 0.2640166 0.2897727 0.4310410 0.2922911 
Neam       0.2449451 0.3039099 0.3114764 0.2824712 0.0000000 0.2965230 0.3086873 0.4648052 0.4456907 0.3747178 0.0154530 0.3589365 0.2176046 
RuprSFB    0.3342144 0.3722816 0.2358958 0.3538569 0.2965230 0.0000000 0.3183054 0.4158875 0.3889075 0.4418523 0.2996388 0.3974176 0.3290582 
Retr       0.3544384 0.3650781 0.3023077 0.3663308 0.3086873 0.3183054 0.0000000 0.4081111 0.3510802 0.4605403 0.3165947 0.2023123 0.2985550 
Beta       0.3674147 0.4611429 0.4206096 0.3851380 0.4648052 0.4158875 0.4081111 0.0000000 0.1578405 0.5300805 0.4485026 0.4671284 0.3802210 
Spol       0.3577414 0.4154022 0.3922861 0.3927531 0.4456907 0.3889075 0.3510802 0.1578405 0.0000000 0.4669524 0.4433208 0.4267703 0.3443595 
MJM1652    0.4592854 0.1699135 0.4601061 0.2640166 0.3747178 0.4418523 0.4605403 0.5300805 0.4669524 0.0000000 0.3863815 0.5129954 0.4074578 
NepSFB     0.2524570 0.3113004 0.3182346 0.2897727 0.0154530 0.2996388 0.3165947 0.4485026 0.4433208 0.3863815 0.0000000 0.3616457 0.2249197 
WPYJ       0.3819123 0.4136768 0.3660838 0.4310410 0.3589365 0.3974176 0.2023123 0.4671284 0.4267703 0.5129954 0.3616457 0.0000000 0.3753868 
MJM2940    0.1961676 0.3016345 0.3421912 0.2922911 0.2176046 0.3290582 0.2985550 0.3802210 0.3443595 0.4074578 0.2249197 0.3753868 0.0000000 
