13
DrolusSFB  0.0000000 0.3437087 0.4114778 0.3633345 0.3105426 0.3546154 0.3573519 0.4166626 0.4582478 0.3790286 0.3256904 0.3596816 0.2245956 
Dino       0.3437087 0.0000000 0.4759142 0.2131490 0.3246383 0.3621245 0.4215780 0.4336316 0.4829402 0.2057979 0.3361671 0.4501648 0.2810679 
MJM3360    0.4114778 0.4759142 0.0000000 0.4813528 0.4300707 0.3598053 0.4066455 0.4487294 0.4606920 0.4768462 0.4419912 0.4499305 0.3827933 
DrobinSFB  0.3633345 0.2131490 0.4813528 0.0000000 0.3085074 0.3838822 0.3978934 0.4220881 0.4621855 0.2576724 0.3230670 0.4258943 0.2934120 
Neam       0.3105426 0.3246383 0.4300707 0.3085074 0.0000000 0.3576976 0.3989765 0.4259194 0.4315449 0.3764837 0.0252436 0.3994471 0.2434263 
RuprSFB    0.3546154 0.3621245 0.3598053 0.3838822 0.3576976 0.0000000 0.3638719 0.3474541 0.3782332 0.3912848 0.3700802 0.3769329 0.3076544 
Retr       0.3573519 0.4215780 0.4066455 0.3978934 0.3989765 0.3638719 0.0000000 0.4200760 0.4574833 0.4724757 0.4071257 0.2485859 0.3128519 
Beta       0.4166626 0.4336316 0.4487294 0.4220881 0.4259194 0.3474541 0.4200760 0.0000000 0.2074717 0.4828560 0.4474772 0.4255738 0.3550401 
Spol       0.4582478 0.4829402 0.4606920 0.4621855 0.4315449 0.3782332 0.4574833 0.2074717 0.0000000 0.5115359 0.4512618 0.4680875 0.3716629 
MJM1652    0.3790286 0.2057979 0.4768462 0.2576724 0.3764837 0.3912848 0.4724757 0.4828560 0.5115359 0.0000000 0.3885327 0.4883006 0.3144822 
NepSFB     0.3256904 0.3361671 0.4419912 0.3230670 0.0252436 0.3700802 0.4071257 0.4474772 0.4512618 0.3885327 0.0000000 0.4136589 0.2554283 
WPYJ       0.3596816 0.4501648 0.4499305 0.4258943 0.3994471 0.3769329 0.2485859 0.4255738 0.4680875 0.4883006 0.4136589 0.0000000 0.3503363 
MJM2940    0.2245956 0.2810679 0.3827933 0.2934120 0.2434263 0.3076544 0.3128519 0.3550401 0.3716629 0.3144822 0.2554283 0.3503363 0.0000000 
