13
DrolusSFB  0.0000000 0.1834157 0.2422752 0.1943561 0.1690562 0.2392393 0.2647354 0.2590444 0.2328046 0.2050035 0.1721505 0.2796888 0.1219035 
Dino       0.1834157 0.0000000 0.2642634 0.0986320 0.1953057 0.2557524 0.2763182 0.2511852 0.2326635 0.1041372 0.1914587 0.2818864 0.1900951 
MJM3360    0.2422752 0.2642634 0.0000000 0.2883090 0.2539611 0.2177661 0.2546325 0.3114384 0.2907931 0.2724439 0.2556192 0.2878042 0.2346296 
DrobinSFB  0.1943561 0.0986320 0.2883090 0.0000000 0.1918156 0.2411608 0.2824229 0.2817211 0.2735760 0.1272154 0.1894119 0.3006458 0.1932632 
Neam       0.1690562 0.1953057 0.2539611 0.1918156 0.0000000 0.2422517 0.2357376 0.2554446 0.2369089 0.2250191 0.0100735 0.2723682 0.1486123 
RuprSFB    0.2392393 0.2557524 0.2177661 0.2411608 0.2422517 0.0000000 0.2363111 0.2596023 0.2470561 0.2637365 0.2339235 0.2913325 0.2461964 
Retr       0.2647354 0.2763182 0.2546325 0.2824229 0.2357376 0.2363111 0.0000000 0.2731533 0.2628539 0.2959138 0.2369063 0.1754747 0.2521200 
Beta       0.2590444 0.2511852 0.3114384 0.2817211 0.2554446 0.2596023 0.2731533 0.0000000 0.1087732 0.2486127 0.2537139 0.3385998 0.2400930 
Spol       0.2328046 0.2326635 0.2907931 0.2735760 0.2369089 0.2470561 0.2628539 0.1087732 0.0000000 0.2673054 0.2353593 0.3203035 0.2280136 
MJM1652    0.2050035 0.1041372 0.2724439 0.1272154 0.2250191 0.2637365 0.2959138 0.2486127 0.2673054 0.0000000 0.2209678 0.2937493 0.2099941 
NepSFB     0.1721505 0.1914587 0.2556192 0.1894119 0.0100735 0.2339235 0.2369063 0.2537139 0.2353593 0.2209678 0.0000000 0.2726982 0.1491794 
WPYJ       0.2796888 0.2818864 0.2878042 0.3006458 0.2723682 0.2913325 0.1754747 0.3385998 0.3203035 0.2937493 0.2726982 0.0000000 0.2548220 
MJM2940    0.1219035 0.1900951 0.2346296 0.1932632 0.1486123 0.2461964 0.2521200 0.2400930 0.2280136 0.2099941 0.1491794 0.2548220 0.0000000 
