13
DrolusSFB  0.0000000 0.2747254 0.3566679 0.3024575 0.2437940 0.2932664 0.3158521 0.3129413 0.3561893 0.2777110 0.2420693 0.3886409 0.1592765 
Dino       0.2747254 0.0000000 0.3220110 0.1656424 0.2784742 0.2787672 0.3198552 0.3629487 0.4122761 0.1344386 0.2804566 0.3805485 0.2338726 
MJM3360    0.3566679 0.3220110 0.0000000 0.3861132 0.3672534 0.2673611 0.3112382 0.3118869 0.3540487 0.3478337 0.3652335 0.3317679 0.3285301 
DrobinSFB  0.3024575 0.1656424 0.3861132 0.0000000 0.2730858 0.3059999 0.3016864 0.3277181 0.3803209 0.1753980 0.2736085 0.3583161 0.2442560 
Neam       0.2437940 0.2784742 0.3672534 0.2730858 0.0000000 0.2624475 0.3070093 0.3588955 0.4324446 0.2915417 0.0125564 0.3754230 0.2172280 
RuprSFB    0.2932664 0.2787672 0.2673611 0.3059999 0.2624475 0.0000000 0.2480245 0.2691349 0.3088171 0.2865016 0.2652469 0.2790875 0.2698208 
Retr       0.3158521 0.3198552 0.3112382 0.3016864 0.3070093 0.2480245 0.0000000 0.2863406 0.3288479 0.3288039 0.3037549 0.1659382 0.2907581 
Beta       0.3129413 0.3629487 0.3118869 0.3277181 0.3588955 0.2691349 0.2863406 0.0000000 0.1150209 0.3476518 0.3585036 0.3012924 0.3280801 
Spol       0.3561893 0.4122761 0.3540487 0.3803209 0.4324446 0.3088171 0.3288479 0.1150209 0.0000000 0.3956016 0.4393756 0.3346950 0.3752882 
MJM1652    0.2777110 0.1344386 0.3478337 0.1753980 0.2915417 0.2865016 0.3288039 0.3476518 0.3956016 0.0000000 0.2966346 0.3937775 0.2488813 
NepSFB     0.2420693 0.2804566 0.3652335 0.2736085 0.0125564 0.2652469 0.3037549 0.3585036 0.4393756 0.2966346 0.0000000 0.3804432 0.2225505 
WPYJ       0.3886409 0.3805485 0.3317679 0.3583161 0.3754230 0.2790875 0.1659382 0.3012924 0.3346950 0.3937775 0.3804432 0.0000000 0.3550783 
MJM2940    0.1592765 0.2338726 0.3285301 0.2442560 0.2172280 0.2698208 0.2907581 0.3280801 0.3752882 0.2488813 0.2225505 0.3550783 0.0000000 
