13
DrolusSFB  0.0000000 0.2390328 0.2581979 0.3685842 0.1948094 0.2743115 0.3100838 0.2727445 0.2150572 0.2582826 0.1918596 0.3096384 0.2086055 
Dino       0.2390328 0.0000000 0.2132105 0.2258463 0.1906915 0.2159045 0.3037663 0.2997422 0.2706130 0.1262582 0.1938573 0.2931811 0.1778658 
MJM3360    0.2581979 0.2132105 0.0000000 0.3088212 0.2054841 0.1905078 0.3035581 0.2879985 0.2425346 0.2346803 0.2029358 0.2916011 0.2353177 
DrobinSFB  0.3685842 0.2258463 0.3088212 0.0000000 0.2940800 0.3411437 0.3773386 0.3830283 0.3661123 0.2883712 0.2913710 0.3470480 0.2756135 
Neam       0.1948094 0.1906915 0.2054841 0.2940800 0.0000000 0.1785384 0.2997135 0.2184586 0.2118518 0.2187989 0.0017491 0.2849096 0.1418370 
RuprSFB    0.2743115 0.2159045 0.1905078 0.3411437 0.1785384 0.0000000 0.2390832 0.2313111 0.2540151 0.2342570 0.1760633 0.2308906 0.1705004 
Retr       0.3100838 0.3037663 0.3035581 0.3773386 0.2997135 0.2390832 0.0000000 0.3333904 0.3169827 0.3018303 0.2961670 0.1473013 0.2850796 
Beta       0.2727445 0.2997422 0.2879985 0.3830283 0.2184586 0.2313111 0.3333904 0.0000000 0.1544301 0.2933171 0.2181519 0.3209512 0.2254469 
Spol       0.2150572 0.2706130 0.2425346 0.3661123 0.2118518 0.2540151 0.3169827 0.1544301 0.0000000 0.2608611 0.2115576 0.3210918 0.2230729 
MJM1652    0.2582826 0.1262582 0.2346803 0.2883712 0.2187989 0.2342570 0.3018303 0.2933171 0.2608611 0.0000000 0.2162086 0.2845236 0.2095760 
NepSFB     0.1918596 0.1938573 0.2029358 0.2913710 0.0017491 0.1760633 0.2961670 0.2181519 0.2115576 0.2162086 0.0000000 0.2813556 0.1394429 
WPYJ       0.3096384 0.2931811 0.2916011 0.3470480 0.2849096 0.2308906 0.1473013 0.3209512 0.3210918 0.2845236 0.2813556 0.0000000 0.2629035 
MJM2940    0.2086055 0.1778658 0.2353177 0.2756135 0.1418370 0.1705004 0.2850796 0.2254469 0.2230729 0.2095760 0.1394429 0.2629035 0.0000000 
