13
DrolusSFB  0.0000000 0.2458603 0.3282995 0.3347175 0.2379971 0.2777987 0.2838780 0.3441652 0.3333148 0.2731733 0.2314731 0.3344996 0.1500912 
Dino       0.2458603 0.0000000 0.3734096 0.2020881 0.2120551 0.2869364 0.2869825 0.3066714 0.2970353 0.1322373 0.2073957 0.3047451 0.2136564 
MJM3360    0.3282995 0.3734096 0.0000000 0.4191105 0.3193514 0.2527540 0.3719435 0.3614551 0.3676200 0.3748930 0.3130453 0.4118874 0.3327982 
DrobinSFB  0.3347175 0.2020881 0.4191105 0.0000000 0.2925275 0.3204811 0.3614677 0.3815774 0.3760951 0.2155807 0.2912093 0.3932740 0.3011409 
Neam       0.2379971 0.2120551 0.3193514 0.2925275 0.0000000 0.2506131 0.2587148 0.2715100 0.2976333 0.2453146 0.0112559 0.3039855 0.1872578 
RuprSFB    0.2777987 0.2869364 0.2527540 0.3204811 0.2506131 0.0000000 0.2821172 0.3264183 0.3521459 0.2699183 0.2536227 0.3092457 0.2396698 
Retr       0.2838780 0.2869825 0.3719435 0.3614677 0.2587148 0.2821172 0.0000000 0.3343542 0.3624741 0.3054497 0.2605702 0.1564391 0.2615177 
Beta       0.3441652 0.3066714 0.3614551 0.3815774 0.2715100 0.3264183 0.3343542 0.0000000 0.1224199 0.3471227 0.2703891 0.3589164 0.2858616 
Spol       0.3333148 0.2970353 0.3676200 0.3760951 0.2976333 0.3521459 0.3624741 0.1224199 0.0000000 0.3572209 0.3038905 0.4103909 0.3263658 
MJM1652    0.2731733 0.1322373 0.3748930 0.2155807 0.2453146 0.2699183 0.3054497 0.3471227 0.3572209 0.0000000 0.2456651 0.3394600 0.2565438 
NepSFB     0.2314731 0.2073957 0.3130453 0.2912093 0.0112559 0.2536227 0.2605702 0.2703891 0.3038905 0.2456651 0.0000000 0.2979067 0.1801450 
WPYJ       0.3344996 0.3047451 0.4118874 0.3932740 0.3039855 0.3092457 0.1564391 0.3589164 0.4103909 0.3394600 0.2979067 0.0000000 0.2826108 
MJM2940    0.1500912 0.2136564 0.3327982 0.3011409 0.1872578 0.2396698 0.2615177 0.2858616 0.3263658 0.2565438 0.1801450 0.2826108 0.0000000 
