13
DrolusSFB  0.0000000 0.2565013 0.3303482 0.3105097 0.2979894 0.2819134 0.2549047 0.4264397 0.5064974 0.3032333 0.2964479 0.2547359 0.1929436 
Dino       0.2565013 0.0000000 0.3395184 0.1265955 0.1947721 0.3120791 0.2984017 0.2999966 0.3488611 0.1343602 0.1918524 0.3164789 0.2498444 
MJM3360    0.3303482 0.3395184 0.0000000 0.3569037 0.2707251 0.2245084 0.2621561 0.3329826 0.3973034 0.3522452 0.2738411 0.2602360 0.2735137 
DrobinSFB  0.3105097 0.1265955 0.3569037 0.0000000 0.2435679 0.3690756 0.3276246 0.3353588 0.4116248 0.1924010 0.2405825 0.3437858 0.2801571 
Neam       0.2979894 0.1947721 0.2707251 0.2435679 0.0000000 0.2557885 0.2363326 0.3963110 0.4602381 0.2503880 0.0051034 0.2710303 0.2482644 
RuprSFB    0.2819134 0.3120791 0.2245084 0.3690756 0.2557885 0.0000000 0.2267443 0.2891361 0.3279571 0.3136417 0.2528019 0.2491062 0.2750178 
Retr       0.2549047 0.2984017 0.2621561 0.3276246 0.2363326 0.2267443 0.0000000 0.2601599 0.2738165 0.3094630 0.2395617 0.1433053 0.2475419 
Beta       0.4264397 0.2999966 0.3329826 0.3353588 0.3963110 0.2891361 0.2601599 0.0000000 0.1554426 0.3113049 0.3818711 0.2804374 0.4409426 
Spol       0.5064974 0.3488611 0.3973034 0.4116248 0.4602381 0.3279571 0.2738165 0.1554426 0.0000000 0.4058651 0.4536030 0.3181284 0.5278087 
MJM1652    0.3032333 0.1343602 0.3522452 0.1924010 0.2503880 0.3136417 0.3094630 0.3113049 0.4058651 0.0000000 0.2473002 0.3416058 0.3107204 
NepSFB     0.2964479 0.1918524 0.2738411 0.2405825 0.0051034 0.2528019 0.2395617 0.3818711 0.4536030 0.2473002 0.0000000 0.2746305 0.2543762 
WPYJ       0.2547359 0.3164789 0.2602360 0.3437858 0.2710303 0.2491062 0.1433053 0.2804374 0.3181284 0.3416058 0.2746305 0.0000000 0.2634058 
MJM2940    0.1929436 0.2498444 0.2735137 0.2801571 0.2482644 0.2750178 0.2475419 0.4409426 0.5278087 0.3107204 0.2543762 0.2634058 0.0000000 
