13
DrolusSFB  0.0000000 0.3151303 0.2952965 0.3523617 0.2708435 0.2693692 0.2720531 0.3625815 0.4198794 0.3076822 0.2772719 0.4134067 0.1991872 
Dino       0.3151303 0.0000000 0.3385214 0.1827264 0.2947825 0.3313572 0.3154542 0.4243083 0.4396551 0.1378019 0.3052526 0.4514197 0.2736201 
MJM3360    0.2952965 0.3385214 0.0000000 0.3228605 0.2591036 0.2348574 0.2751317 0.3186936 0.3470768 0.3162621 0.2621268 0.3531535 0.2336056 
DrobinSFB  0.3523617 0.1827264 0.3228605 0.0000000 0.3291024 0.3295208 0.2821807 0.4514907 0.4671322 0.2141899 0.3393304 0.4777742 0.3069912 
Neam       0.2708435 0.2947825 0.2591036 0.3291024 0.0000000 0.2596696 0.2518081 0.3820990 0.3792068 0.2616758 0.0136509 0.3848916 0.2071799 
RuprSFB    0.2693692 0.3313572 0.2348574 0.3295208 0.2596696 0.0000000 0.2602844 0.2934027 0.3075477 0.3309024 0.2569295 0.3406276 0.2383428 
Retr       0.2720531 0.3154542 0.2751317 0.2821807 0.2518081 0.2602844 0.0000000 0.3187329 0.3191816 0.2740440 0.2563654 0.1714282 0.2297608 
Beta       0.3625815 0.4243083 0.3186936 0.4514907 0.3820990 0.2934027 0.3187329 0.0000000 0.1350952 0.4049704 0.3897581 0.4202003 0.3310896 
Spol       0.4198794 0.4396551 0.3470768 0.4671322 0.3792068 0.3075477 0.3191816 0.1350952 0.0000000 0.4311727 0.3867390 0.4555889 0.3575294 
MJM1652    0.3076822 0.1378019 0.3162621 0.2141899 0.2616758 0.3309024 0.2740440 0.4049704 0.4311727 0.0000000 0.2684894 0.4033927 0.2616774 
NepSFB     0.2772719 0.3052526 0.2621268 0.3393304 0.0136509 0.2569295 0.2563654 0.3897581 0.3867390 0.2684894 0.0000000 0.3909141 0.2159367 
WPYJ       0.4134067 0.4514197 0.3531535 0.4777742 0.3848916 0.3406276 0.1714282 0.4202003 0.4555889 0.4033927 0.3909141 0.0000000 0.3743291 
MJM2940    0.1991872 0.2736201 0.2336056 0.3069912 0.2071799 0.2383428 0.2297608 0.3310896 0.3575294 0.2616774 0.2159367 0.3743291 0.0000000 
