13
DrolusSFB  0.0000000 0.3117793 0.4300142 0.3712743 0.2260344 0.3643732 0.2678871 0.3630642 0.4066849 0.3546202 0.2269767 0.4172020 0.1610480 
Dino       0.3117793 0.0000000 0.4372023 0.1859448 0.2255107 0.3969869 0.3167868 0.3572041 0.3988260 0.1443700 0.2321799 0.4506793 0.2594567 
MJM3360    0.4300142 0.4372023 0.0000000 0.5384668 0.3828557 0.3714269 0.4057825 0.5228402 0.5626113 0.5011927 0.3857245 0.5044305 0.4129468 
DrobinSFB  0.3712743 0.1859448 0.5384668 0.0000000 0.3038414 0.4777165 0.3843692 0.4336378 0.4540523 0.2271179 0.3071404 0.5083283 0.3498304 
Neam       0.2260344 0.2255107 0.3828557 0.3038414 0.0000000 0.3101026 0.2413210 0.3062133 0.3454082 0.2457624 0.0059247 0.3606108 0.1756574 
RuprSFB    0.3643732 0.3969869 0.3714269 0.4777165 0.3101026 0.0000000 0.2869623 0.3778871 0.3924833 0.4120437 0.3185006 0.3960101 0.2944552 
Retr       0.2678871 0.3167868 0.4057825 0.3843692 0.2413210 0.2869623 0.0000000 0.3231657 0.3682588 0.3655493 0.2434907 0.1456767 0.2364111 
Beta       0.3630642 0.3572041 0.5228402 0.4336378 0.3062133 0.3778871 0.3231657 0.0000000 0.1174163 0.4032201 0.3094888 0.4251687 0.3199142 
Spol       0.4066849 0.3988260 0.5626113 0.4540523 0.3454082 0.3924833 0.3682588 0.1174163 0.0000000 0.4508149 0.3481176 0.4553055 0.3582217 
MJM1652    0.3546202 0.1443700 0.5011927 0.2271179 0.2457624 0.4120437 0.3655493 0.4032201 0.4508149 0.0000000 0.2535503 0.4630550 0.2971532 
NepSFB     0.2269767 0.2321799 0.3857245 0.3071404 0.0059247 0.3185006 0.2434907 0.3094888 0.3481176 0.2535503 0.0000000 0.3682708 0.1813075 
WPYJ       0.4172020 0.4506793 0.5044305 0.5083283 0.3606108 0.3960101 0.1456767 0.4251687 0.4553055 0.4630550 0.3682708 0.0000000 0.3669235 
MJM2940    0.1610480 0.2594567 0.4129468 0.3498304 0.1756574 0.2944552 0.2364111 0.3199142 0.3582217 0.2971532 0.1813075 0.3669235 0.0000000 
