13
DrolusSFB  0.0000000 0.3605763 0.3971833 0.3531020 0.2971623 0.3620398 0.3984358 0.4648616 0.4710931 0.3854204 0.3025895 0.3162628 0.2105534 
Dino       0.3605763 0.0000000 0.4087712 0.2257418 0.2784014 0.4092429 0.4490468 0.4357168 0.4462094 0.1633844 0.2749682 0.3497866 0.2746900 
MJM3360    0.3971833 0.4087712 0.0000000 0.4764819 0.4088674 0.3280798 0.4513604 0.4734273 0.4472114 0.4199358 0.4110248 0.3474375 0.3479185 
DrobinSFB  0.3531020 0.2257418 0.4764819 0.0000000 0.3151198 0.4594538 0.4519259 0.4589435 0.4827262 0.2562026 0.3172381 0.3297464 0.3037669 
Neam       0.2971623 0.2784014 0.4088674 0.3151198 0.0000000 0.3751915 0.4360347 0.4398471 0.4236815 0.3006371 0.0113729 0.3413360 0.2624851 
RuprSFB    0.3620398 0.4092429 0.3280798 0.4594538 0.3751915 0.0000000 0.4273232 0.4696697 0.4698633 0.4308615 0.3806816 0.3484033 0.3491467 
Retr       0.3984358 0.4490468 0.4513604 0.4519259 0.4360347 0.4273232 0.0000000 0.4822858 0.4935115 0.4504980 0.4432647 0.1724712 0.3885812 
Beta       0.4648616 0.4357168 0.4734273 0.4589435 0.4398471 0.4696697 0.4822858 0.0000000 0.1494680 0.4396333 0.4453343 0.3703852 0.4129746 
Spol       0.4710931 0.4462094 0.4472114 0.4827262 0.4236815 0.4698633 0.4935115 0.1494680 0.0000000 0.4697014 0.4290278 0.3951015 0.4121125 
MJM1652    0.3854204 0.1633844 0.4199358 0.2562026 0.3006371 0.4308615 0.4504980 0.4396333 0.4697014 0.0000000 0.2957459 0.3774444 0.3041563 
NepSFB     0.3025895 0.2749682 0.4110248 0.3172381 0.0113729 0.3806816 0.4432647 0.4453343 0.4290278 0.2957459 0.0000000 0.3461473 0.2683854 
WPYJ       0.3162628 0.3497866 0.3474375 0.3297464 0.3413360 0.3484033 0.1724712 0.3703852 0.3951015 0.3774444 0.3461473 0.0000000 0.2928914 
MJM2940    0.2105534 0.2746900 0.3479185 0.3037669 0.2624851 0.3491467 0.3885812 0.4129746 0.4121125 0.3041563 0.2683854 0.2928914 0.0000000 
