13
DrolusSFB  0.0000000 0.2734700 0.3414953 0.3135048 0.2199372 0.3024377 0.3843653 0.3052995 0.2996825 0.2820629 0.2189928 0.3724751 0.1632287 
Dino       0.2734700 0.0000000 0.3627712 0.2102169 0.2452531 0.3241545 0.3987953 0.3511842 0.3575265 0.1417755 0.2469738 0.4335483 0.2238739 
MJM3360    0.3414953 0.3627712 0.0000000 0.3888397 0.2889286 0.2738671 0.4351611 0.3625997 0.3564107 0.3862352 0.2908977 0.4424442 0.2992817 
DrobinSFB  0.3135048 0.2102169 0.3888397 0.0000000 0.2846064 0.3629441 0.4494479 0.3805737 0.3550938 0.2360681 0.2845028 0.4536197 0.2691881 
Neam       0.2199372 0.2452531 0.2889286 0.2846064 0.0000000 0.2398211 0.3259473 0.2796763 0.2615131 0.2663135 0.0098122 0.3329958 0.1604021 
RuprSFB    0.3024377 0.3241545 0.2738671 0.3629441 0.2398211 0.0000000 0.3799875 0.3295196 0.3253994 0.3519202 0.2413259 0.4118247 0.2409451 
Retr       0.3843653 0.3987953 0.4351611 0.4494479 0.3259473 0.3799875 0.0000000 0.4404897 0.4279153 0.4468633 0.3148511 0.1963281 0.3275081 
Beta       0.3052995 0.3511842 0.3625997 0.3805737 0.2796763 0.3295196 0.4404897 0.0000000 0.1104495 0.3957253 0.2801997 0.3889370 0.2709038 
Spol       0.2996825 0.3575265 0.3564107 0.3550938 0.2615131 0.3253994 0.4279153 0.1104495 0.0000000 0.3771775 0.2609904 0.3988490 0.2615742 
MJM1652    0.2820629 0.1417755 0.3862352 0.2360681 0.2663135 0.3519202 0.4468633 0.3957253 0.3771775 0.0000000 0.2711860 0.4659300 0.2569545 
NepSFB     0.2189928 0.2469738 0.2908977 0.2845028 0.0098122 0.2413259 0.3148511 0.2801997 0.2609904 0.2711860 0.0000000 0.3307945 0.1599955 
WPYJ       0.3724751 0.4335483 0.4424442 0.4536197 0.3329958 0.4118247 0.1963281 0.3889370 0.3988490 0.4659300 0.3307945 0.0000000 0.3289595 
MJM2940    0.1632287 0.2238739 0.2992817 0.2691881 0.1604021 0.2409451 0.3275081 0.2709038 0.2615742 0.2569545 0.1599955 0.3289595 0.0000000 
