13
DrolusSFB  0.0000000 0.2662136 0.3414233 0.2968413 0.2057812 0.2930270 0.3081454 0.2853673 0.3038863 0.3000105 0.2075490 0.3513589 0.1564323 
Dino       0.2662136 0.0000000 0.3588592 0.1563741 0.2293427 0.3127201 0.2930962 0.3150618 0.3208473 0.1324588 0.1973441 0.3370478 0.2391469 
MJM3360    0.3414233 0.3588592 0.0000000 0.3803419 0.3096476 0.2349790 0.3138160 0.3149265 0.3294700 0.3512776 0.2672001 0.3686038 0.3110300 
DrobinSFB  0.2968413 0.1563741 0.3803419 0.0000000 0.2607079 0.3359312 0.3085526 0.3161399 0.3130634 0.1880228 0.2323399 0.3630040 0.2593554 
Neam       0.2057812 0.2293427 0.3096476 0.2607079 0.0000000 0.2504596 0.2579939 0.2410701 0.2536294 0.2667448 0.0075727 0.3058317 0.1641146 
RuprSFB    0.2930270 0.3127201 0.2349790 0.3359312 0.2504596 0.0000000 0.2867380 0.2702744 0.2691111 0.3201565 0.2284900 0.3531711 0.2554907 
Retr       0.3081454 0.2930962 0.3138160 0.3085526 0.2579939 0.2867380 0.0000000 0.2694409 0.2684826 0.2987542 0.2488047 0.1904279 0.2537038 
Beta       0.2853673 0.3150618 0.3149265 0.3161399 0.2410701 0.2702744 0.2694409 0.0000000 0.0954797 0.3116663 0.2438000 0.3237937 0.2386236 
Spol       0.3038863 0.3208473 0.3294700 0.3130634 0.2536294 0.2691111 0.2684826 0.0954797 0.0000000 0.3276811 0.2488207 0.3312660 0.2626097 
MJM1652    0.3000105 0.1324588 0.3512776 0.1880228 0.2667448 0.3201565 0.2987542 0.3116663 0.3276811 0.0000000 0.2306281 0.3578876 0.2644417 
NepSFB     0.2075490 0.1973441 0.2672001 0.2323399 0.0075727 0.2284900 0.2488047 0.2438000 0.2488207 0.2306281 0.0000000 0.2869538 0.1458441 
WPYJ       0.3513589 0.3370478 0.3686038 0.3630040 0.3058317 0.3531711 0.1904279 0.3237937 0.3312660 0.3578876 0.2869538 0.0000000 0.3094665 
MJM2940    0.1564323 0.2391469 0.3110300 0.2593554 0.1641146 0.2554907 0.2537038 0.2386236 0.2626097 0.2644417 0.1458441 0.3094665 0.0000000 
