13
DrolusSFB  0.0000000 0.3271770 0.4959809 0.3898689 0.3165972 0.3983212 0.3485090 0.4400055 0.4430979 0.3672120 0.3211397 0.4056984 0.1966016 
Dino       0.3271770 0.0000000 0.4942703 0.2148037 0.3260991 0.3699254 0.3522187 0.4262106 0.4165183 0.1710827 0.3320511 0.3788581 0.2669928 
MJM3360    0.4959809 0.4942703 0.0000000 0.5146440 0.4570018 0.3749886 0.4016501 0.4866534 0.5120475 0.5211052 0.4674745 0.4659265 0.4301054 
DrobinSFB  0.3898689 0.2148037 0.5146440 0.0000000 0.3971813 0.4292398 0.3922661 0.4787791 0.4787801 0.2786338 0.4007698 0.4368055 0.3323126 
Neam       0.3165972 0.3260991 0.4570018 0.3971813 0.0000000 0.3478375 0.2861647 0.4787314 0.4457640 0.4238842 0.0122834 0.3531355 0.2506167 
RuprSFB    0.3983212 0.3699254 0.3749886 0.4292398 0.3478375 0.0000000 0.3134155 0.4010330 0.4053450 0.4123473 0.3474001 0.3664705 0.3297484 
Retr       0.3485090 0.3522187 0.4016501 0.3922661 0.2861647 0.3134155 0.0000000 0.3287814 0.3336576 0.3752109 0.2879755 0.1521657 0.2885602 
Beta       0.4400055 0.4262106 0.4866534 0.4787791 0.4787314 0.4010330 0.3287814 0.0000000 0.1464185 0.5437491 0.4792381 0.3654868 0.3764303 
Spol       0.4430979 0.4165183 0.5120475 0.4787801 0.4457640 0.4053450 0.3336576 0.1464185 0.0000000 0.5172291 0.4505692 0.3690482 0.3711199 
MJM1652    0.3672120 0.1710827 0.5211052 0.2786338 0.4238842 0.4123473 0.3752109 0.5437491 0.5172291 0.0000000 0.4255846 0.4372084 0.3214811 
NepSFB     0.3211397 0.3320511 0.4674745 0.4007698 0.0122834 0.3474001 0.2879755 0.4792381 0.4505692 0.4255846 0.0000000 0.3549654 0.2470764 
WPYJ       0.4056984 0.3788581 0.4659265 0.4368055 0.3531355 0.3664705 0.1521657 0.3654868 0.3690482 0.4372084 0.3549654 0.0000000 0.3586026 
MJM2940    0.1966016 0.2669928 0.4301054 0.3323126 0.2506167 0.3297484 0.2885602 0.3764303 0.3711199 0.3214811 0.2470764 0.3586026 0.0000000 
