13
DrolusSFB  0.0000000 0.2905306 0.3182167 0.3451427 0.2332913 0.3118887 0.3101531 0.3589563 0.3479377 0.2969281 0.2332117 0.3426101 0.1571289 
Dino       0.2905306 0.0000000 0.3463059 0.1799500 0.2293511 0.3254520 0.3504673 0.3822331 0.3958226 0.1418877 0.2267813 0.3487483 0.2545628 
MJM3360    0.3182167 0.3463059 0.0000000 0.3500430 0.3201781 0.2879937 0.3610043 0.3733396 0.3935675 0.3356163 0.3249562 0.3887982 0.3439355 
DrobinSFB  0.3451427 0.1799500 0.3500430 0.0000000 0.2896760 0.3456233 0.3867226 0.4040726 0.4219848 0.1999180 0.2851377 0.3804830 0.2889343 
Neam       0.2332913 0.2293511 0.3201781 0.2896760 0.0000000 0.2903001 0.3052872 0.3384280 0.3541386 0.2663396 0.0109348 0.2855242 0.2057682 
RuprSFB    0.3118887 0.3254520 0.2879937 0.3456233 0.2903001 0.0000000 0.3691467 0.3868015 0.3842648 0.3455240 0.2907213 0.3364552 0.3047513 
Retr       0.3101531 0.3504673 0.3610043 0.3867226 0.3052872 0.3691467 0.0000000 0.3508277 0.3744219 0.3676837 0.3035586 0.1923694 0.2940830 
Beta       0.3589563 0.3822331 0.3733396 0.4040726 0.3384280 0.3868015 0.3508277 0.0000000 0.1540738 0.3790342 0.3348327 0.3346021 0.3567667 
Spol       0.3479377 0.3958226 0.3935675 0.4219848 0.3541386 0.3842648 0.3744219 0.1540738 0.0000000 0.4001783 0.3531780 0.3574194 0.3704022 
MJM1652    0.2969281 0.1418877 0.3356163 0.1999180 0.2663396 0.3455240 0.3676837 0.3790342 0.4001783 0.0000000 0.2663803 0.3321377 0.2655554 
NepSFB     0.2332117 0.2267813 0.3249562 0.2851377 0.0109348 0.2907213 0.3035586 0.3348327 0.3531780 0.2663803 0.0000000 0.2953500 0.2055029 
WPYJ       0.3426101 0.3487483 0.3887982 0.3804830 0.2855242 0.3364552 0.1923694 0.3346021 0.3574194 0.3321377 0.2953500 0.0000000 0.3240622 
MJM2940    0.1571289 0.2545628 0.3439355 0.2889343 0.2057682 0.3047513 0.2940830 0.3567667 0.3704022 0.2655554 0.2055029 0.3240622 0.0000000 
