13
DrolusSFB  0.0000000 0.3112471 0.3666435 0.4356482 0.2998675 0.2521819 0.3526261 0.3642259 0.3109799 0.3336816 0.3040575 0.3490820 0.2125525 
Dino       0.3112471 0.0000000 0.3075788 0.3578846 0.3110075 0.2723749 0.3337671 0.3883593 0.3311733 0.1657897 0.3010762 0.3480294 0.2657266 
MJM3360    0.3666435 0.3075788 0.0000000 0.4376412 0.3462401 0.3233227 0.4032108 0.3831024 0.3589770 0.3311047 0.3435221 0.3942814 0.3126297 
DrobinSFB  0.4356482 0.3578846 0.4376412 0.0000000 0.3829706 0.3973377 0.4093692 0.3594319 0.4011318 0.3655560 0.3728090 0.4364319 0.3483632 
Neam       0.2998675 0.3110075 0.3462401 0.3829706 0.0000000 0.2628107 0.3276353 0.3543067 0.2803097 0.2997374 0.0109518 0.3365313 0.2504924 
RuprSFB    0.2521819 0.2723749 0.3233227 0.3973377 0.2628107 0.0000000 0.3169939 0.3106481 0.2794331 0.3073250 0.2625933 0.2877967 0.2325772 
Retr       0.3526261 0.3337671 0.4032108 0.4093692 0.3276353 0.3169939 0.0000000 0.3398336 0.2814030 0.3721255 0.3227779 0.1857537 0.2720493 
Beta       0.3642259 0.3883593 0.3831024 0.3594319 0.3543067 0.3106481 0.3398336 0.0000000 0.1572348 0.3970452 0.3491066 0.3871097 0.2994541 
Spol       0.3109799 0.3311733 0.3589770 0.4011318 0.2803097 0.2794331 0.2814030 0.1572348 0.0000000 0.3492883 0.2715848 0.3082002 0.2646728 
MJM1652    0.3336816 0.1657897 0.3311047 0.3655560 0.2997374 0.3073250 0.3721255 0.3970452 0.3492883 0.0000000 0.2886441 0.3804923 0.2875055 
NepSFB     0.3040575 0.3010762 0.3435221 0.3728090 0.0109518 0.2625933 0.3227779 0.3491066 0.2715848 0.2886441 0.0000000 0.3298155 0.2474990 
WPYJ       0.3490820 0.3480294 0.3942814 0.4364319 0.3365313 0.2877967 0.1857537 0.3871097 0.3082002 0.3804923 0.3298155 0.0000000 0.3031923 
MJM2940    0.2125525 0.2657266 0.3126297 0.3483632 0.2504924 0.2325772 0.2720493 0.2994541 0.2646728 0.2875055 0.2474990 0.3031923 0.0000000 
