13
DrolusSFB  0.0000000 0.2665947 0.3625867 0.3570164 0.2194049 0.2608820 0.2957062 0.3905670 0.3911962 0.2889616 0.2188889 0.3378647 0.1690562 
Dino       0.2665947 0.0000000 0.3773439 0.1981647 0.2361850 0.2651538 0.2800221 0.3468314 0.3680347 0.1518840 0.2356851 0.3480973 0.2238092 
MJM3360    0.3625867 0.3773439 0.0000000 0.3948708 0.3144729 0.2619790 0.3471546 0.3836485 0.4295502 0.3914301 0.3150892 0.3922745 0.3318960 
DrobinSFB  0.3570164 0.1981647 0.3948708 0.0000000 0.3316196 0.3338205 0.3384152 0.3972974 0.4379812 0.2487633 0.3464569 0.4486775 0.2784705 
Neam       0.2194049 0.2361850 0.3144729 0.3316196 0.0000000 0.2552058 0.2793303 0.3720146 0.3780705 0.2571948 0.0127055 0.3311870 0.1800255 
RuprSFB    0.2608820 0.2651538 0.2619790 0.3338205 0.2552058 0.0000000 0.2744372 0.3652797 0.3613257 0.3037562 0.2603429 0.3176355 0.2629932 
Retr       0.2957062 0.2800221 0.3471546 0.3384152 0.2793303 0.2744372 0.0000000 0.3303266 0.3206940 0.3175988 0.2824447 0.1872974 0.2837150 
Beta       0.3905670 0.3468314 0.3836485 0.3972974 0.3720146 0.3652797 0.3303266 0.0000000 0.1206781 0.4120433 0.3669280 0.3933284 0.3268210 
Spol       0.3911962 0.3680347 0.4295502 0.4379812 0.3780705 0.3613257 0.3206940 0.1206781 0.0000000 0.4100690 0.3844111 0.3964994 0.3446989 
MJM1652    0.2889616 0.1518840 0.3914301 0.2487633 0.2571948 0.3037562 0.3175988 0.4120433 0.4100690 0.0000000 0.2642121 0.3874632 0.2644781 
NepSFB     0.2188889 0.2356851 0.3150892 0.3464569 0.0127055 0.2603429 0.2824447 0.3669280 0.3844111 0.2642121 0.0000000 0.3256953 0.1799489 
WPYJ       0.3378647 0.3480973 0.3922745 0.4486775 0.3311870 0.3176355 0.1872974 0.3933284 0.3964994 0.3874632 0.3256953 0.0000000 0.3254909 
MJM2940    0.1690562 0.2238092 0.3318960 0.2784705 0.1800255 0.2629932 0.2837150 0.3268210 0.3446989 0.2644781 0.1799489 0.3254909 0.0000000 
