13
DrolusSFB  0.0000000 0.2872338 0.3808922 0.3523227 0.2612686 0.3496555 0.2831354 0.3200120 0.3221428 0.3216137 0.2593555 0.3309434 0.1745969 
Dino       0.2872338 0.0000000 0.3885655 0.2041138 0.2721031 0.3659486 0.3290441 0.3719382 0.3658712 0.1725794 0.2739951 0.3686454 0.2417633 
MJM3360    0.3808922 0.3885655 0.0000000 0.5102557 0.3829010 0.3480204 0.3916083 0.4283535 0.4667455 0.4332931 0.3846905 0.4477964 0.3560096 
DrobinSFB  0.3523227 0.2041138 0.5102557 0.0000000 0.3153397 0.4581130 0.4056305 0.4442171 0.4322161 0.2384839 0.3212269 0.4416941 0.3201329 
Neam       0.2612686 0.2721031 0.3829010 0.3153397 0.0000000 0.2917862 0.2762676 0.3184282 0.3237933 0.3278081 0.0029297 0.3350401 0.1842977 
RuprSFB    0.3496555 0.3659486 0.3480204 0.4581130 0.2917862 0.0000000 0.3326138 0.3977969 0.4054915 0.4110276 0.2896893 0.4131407 0.3000844 
Retr       0.2831354 0.3290441 0.3916083 0.4056305 0.2762676 0.3326138 0.0000000 0.3280965 0.3416752 0.3348341 0.2791690 0.1660256 0.2361292 
Beta       0.3200120 0.3719382 0.4283535 0.4442171 0.3184282 0.3977969 0.3280965 0.0000000 0.1066147 0.3312254 0.3207277 0.3244902 0.2840810 
Spol       0.3221428 0.3658712 0.4667455 0.4322161 0.3237933 0.4054915 0.3416752 0.1066147 0.0000000 0.3597594 0.3287182 0.3513467 0.3106851 
MJM1652    0.3216137 0.1725794 0.4332931 0.2384839 0.3278081 0.4110276 0.3348341 0.3312254 0.3597594 0.0000000 0.3329162 0.3797857 0.3080056 
NepSFB     0.2593555 0.2739951 0.3846905 0.3212269 0.0029297 0.2896893 0.2791690 0.3207277 0.3287182 0.3329162 0.0000000 0.3413360 0.1826840 
WPYJ       0.3309434 0.3686454 0.4477964 0.4416941 0.3350401 0.4131407 0.1660256 0.3244902 0.3513467 0.3797857 0.3413360 0.0000000 0.3163302 
MJM2940    0.1745969 0.2417633 0.3560096 0.3201329 0.1842977 0.3000844 0.2361292 0.2840810 0.3106851 0.3080056 0.1826840 0.3163302 0.0000000 
