13
DrolusSFB  0.0000000 0.3145841 0.3575663 0.3186542 0.2682030 0.3653788 0.3594708 0.3995008 0.3989057 0.3584984 0.2717381 0.3700269 0.2138744 
Dino       0.3145841 0.0000000 0.3670277 0.1994409 0.2627083 0.3431976 0.3714726 0.4586077 0.4341907 0.1845499 0.2759293 0.3846875 0.2478659 
MJM3360    0.3575663 0.3670277 0.0000000 0.3843209 0.3699626 0.2676898 0.4355261 0.4168460 0.4162438 0.4114601 0.3746621 0.4104456 0.3220165 
DrobinSFB  0.3186542 0.1994409 0.3843209 0.0000000 0.3161633 0.3806896 0.4125957 0.4616005 0.4478874 0.2392891 0.3227215 0.4192435 0.3147612 
Neam       0.2682030 0.2627083 0.3699626 0.3161633 0.0000000 0.3060649 0.3503679 0.4237561 0.4065589 0.3236154 0.0224817 0.3851960 0.1971098 
RuprSFB    0.3653788 0.3431976 0.2676898 0.3806896 0.3060649 0.0000000 0.3923003 0.4274671 0.3896069 0.3980558 0.3098219 0.3858925 0.3002863 
Retr       0.3594708 0.3714726 0.4355261 0.4125957 0.3503679 0.3923003 0.0000000 0.3990300 0.3824662 0.4343982 0.3520572 0.2164901 0.3381615 
Beta       0.3995008 0.4586077 0.4168460 0.4616005 0.4237561 0.4274671 0.3990300 0.0000000 0.1607283 0.4631310 0.4168893 0.4293739 0.3843999 
Spol       0.3989057 0.4341907 0.4162438 0.4478874 0.4065589 0.3896069 0.3824662 0.1607283 0.0000000 0.4640246 0.4017168 0.3890898 0.4051029 
MJM1652    0.3584984 0.1845499 0.4114601 0.2392891 0.3236154 0.3980558 0.4343982 0.4631310 0.4640246 0.0000000 0.3251077 0.4345316 0.3072358 
NepSFB     0.2717381 0.2759293 0.3746621 0.3227215 0.0224817 0.3098219 0.3520572 0.4168893 0.4017168 0.3251077 0.0000000 0.3942382 0.1919404 
WPYJ       0.3700269 0.3846875 0.4104456 0.4192435 0.3851960 0.3858925 0.2164901 0.4293739 0.3890898 0.4345316 0.3942382 0.0000000 0.3448974 
MJM2940    0.2138744 0.2478659 0.3220165 0.3147612 0.1971098 0.3002863 0.3381615 0.3843999 0.4051029 0.3072358 0.1919404 0.3448974 0.0000000 
