13
DrolusSFB  0.0000000 0.2483209 0.3635774 0.2784138 0.1739679 0.2845307 0.2947296 0.2997843 0.3317862 0.2745091 0.2137101 0.2394905 0.1627149 
Dino       0.2483209 0.0000000 0.3923356 0.1675346 0.1711682 0.2869830 0.3509485 0.3400394 0.3533962 0.1071429 0.2033027 0.3139766 0.2221287 
MJM3360    0.3635774 0.3923356 0.0000000 0.4288995 0.2718342 0.2624399 0.4159686 0.3935541 0.4165805 0.3854102 0.3468510 0.3224370 0.3339582 
DrobinSFB  0.2784138 0.1675346 0.4288995 0.0000000 0.1958895 0.3310781 0.3916734 0.3688763 0.3670087 0.1839721 0.2465288 0.3700494 0.2578715 
Neam       0.1739679 0.1711682 0.2718342 0.1958895 0.0000000 0.2177703 0.2612048 0.2128069 0.2405679 0.1912184 0.0076528 0.2506771 0.1344669 
RuprSFB    0.2845307 0.2869830 0.2624399 0.3310781 0.2177703 0.0000000 0.3184594 0.3070750 0.3326384 0.3150812 0.2716903 0.2685351 0.2582557 
Retr       0.2947296 0.3509485 0.4159686 0.3916734 0.2612048 0.3184594 0.0000000 0.3468112 0.3710250 0.3520642 0.2803753 0.1748402 0.2869732 
Beta       0.2997843 0.3400394 0.3935541 0.3688763 0.2128069 0.3070750 0.3468112 0.0000000 0.1423931 0.3556854 0.2901574 0.2766663 0.3057553 
Spol       0.3317862 0.3533962 0.4165805 0.3670087 0.2405679 0.3326384 0.3710250 0.1423931 0.0000000 0.3807235 0.3067239 0.3210158 0.3233214 
MJM1652    0.2745091 0.1071429 0.3854102 0.1839721 0.1912184 0.3150812 0.3520642 0.3556854 0.3807235 0.0000000 0.2213977 0.3553462 0.2386334 
NepSFB     0.2137101 0.2033027 0.3468510 0.2465288 0.0076528 0.2716903 0.2803753 0.2901574 0.3067239 0.2213977 0.0000000 0.2503406 0.1692007 
WPYJ       0.2394905 0.3139766 0.3224370 0.3700494 0.2506771 0.2685351 0.1748402 0.2766663 0.3210158 0.3553462 0.2503406 0.0000000 0.2596590 
MJM2940    0.1627149 0.2221287 0.3339582 0.2578715 0.1344669 0.2582557 0.2869732 0.3057553 0.3233214 0.2386334 0.1692007 0.2596590 0.0000000 
