13
DrolusSFB  0.0000000 0.2609273 0.3897612 0.3401588 0.2582938 0.3234515 0.2985920 0.3852329 0.3485591 0.3090887 0.2671312 0.3202684 0.1851748 
Dino       0.2609273 0.0000000 0.3378273 0.2297299 0.2607141 0.3164378 0.3088198 0.3798455 0.3841025 0.1437254 0.2722094 0.3393733 0.2737870 
MJM3360    0.3897612 0.3378273 0.0000000 0.4173936 0.3616923 0.3016877 0.3877814 0.4435793 0.4379156 0.3414127 0.3781093 0.4038564 0.3615467 
DrobinSFB  0.3401588 0.2297299 0.4173936 0.0000000 0.3862380 0.3613768 0.4036673 0.4175551 0.4442006 0.2841731 0.3965559 0.4056601 0.3628557 
Neam       0.2582938 0.2607141 0.3616923 0.3862380 0.0000000 0.2732623 0.2981276 0.3755299 0.3856564 0.2979846 0.0106456 0.3354961 0.2206856 
RuprSFB    0.3234515 0.3164378 0.3016877 0.3613768 0.2732623 0.0000000 0.3460595 0.3708259 0.3615522 0.3391721 0.2891677 0.3686708 0.3208133 
Retr       0.2985920 0.3088198 0.3877814 0.4036673 0.2981276 0.3460595 0.0000000 0.3745002 0.3956692 0.3779885 0.3117124 0.1651445 0.2907221 
Beta       0.3852329 0.3798455 0.4435793 0.4175551 0.3755299 0.3708259 0.3745002 0.0000000 0.1853208 0.4093743 0.3839652 0.3888159 0.3411128 
Spol       0.3485591 0.3841025 0.4379156 0.4442006 0.3856564 0.3615522 0.3956692 0.1853208 0.0000000 0.4319610 0.3935244 0.4027059 0.3410150 
MJM1652    0.3090887 0.1437254 0.3414127 0.2841731 0.2979846 0.3391721 0.3779885 0.4093743 0.4319610 0.0000000 0.3080738 0.4003945 0.2969722 
NepSFB     0.2671312 0.2722094 0.3781093 0.3965559 0.0106456 0.2891677 0.3117124 0.3839652 0.3935244 0.3080738 0.0000000 0.3516642 0.2283029 
WPYJ       0.3202684 0.3393733 0.4038564 0.4056601 0.3354961 0.3686708 0.1651445 0.3888159 0.4027059 0.4003945 0.3516642 0.0000000 0.3327406 
MJM2940    0.1851748 0.2737870 0.3615467 0.3628557 0.2206856 0.3208133 0.2907221 0.3411128 0.3410150 0.2969722 0.2283029 0.3327406 0.0000000 
