13
DrolusSFB  0.0000000 0.3599235 0.4592025 0.5068052 0.2919447 0.3657251 0.4000932 0.4249316 0.4131571 0.3896385 0.2968563 0.3851874 0.2054075 
Dino       0.3599235 0.0000000 0.3824531 0.2237462 0.2581995 0.3419141 0.4068911 0.4093604 0.3997101 0.1619548 0.2561410 0.4086108 0.3220647 
MJM3360    0.4592025 0.3824531 0.0000000 0.4437552 0.3650701 0.2969972 0.4186909 0.4522687 0.4364407 0.3964762 0.3603597 0.4199535 0.3932236 
DrobinSFB  0.5068052 0.2237462 0.4437552 0.0000000 0.3480140 0.3854291 0.4690481 0.5136719 0.4821223 0.2640820 0.3484728 0.4710004 0.4120135 
Neam       0.2919447 0.2581995 0.3650701 0.3480140 0.0000000 0.2792937 0.3121637 0.3443438 0.3523614 0.2995720 0.0053316 0.3285622 0.2091503 
RuprSFB    0.3657251 0.3419141 0.2969972 0.3854291 0.2792937 0.0000000 0.3520606 0.3538225 0.3674688 0.3299482 0.2769289 0.3822510 0.3122827 
Retr       0.4000932 0.4068911 0.4186909 0.4690481 0.3121637 0.3520606 0.0000000 0.3648098 0.3626764 0.4314363 0.3097866 0.1816284 0.3586472 
Beta       0.4249316 0.4093604 0.4522687 0.5136719 0.3443438 0.3538225 0.3648098 0.0000000 0.1418250 0.4016387 0.3403638 0.4181557 0.3823233 
Spol       0.4131571 0.3997101 0.4364407 0.4821223 0.3523614 0.3674688 0.3626764 0.1418250 0.0000000 0.3882871 0.3511790 0.4115600 0.3870297 
MJM1652    0.3896385 0.1619548 0.3964762 0.2640820 0.2995720 0.3299482 0.4314363 0.4016387 0.3882871 0.0000000 0.2929453 0.3979818 0.3307338 
NepSFB     0.2968563 0.2561410 0.3603597 0.3484728 0.0053316 0.2769289 0.3097866 0.3403638 0.3511790 0.2929453 0.0000000 0.3290075 0.2132232 
WPYJ       0.3851874 0.4086108 0.4199535 0.4710004 0.3285622 0.3822510 0.1816284 0.4181557 0.4115600 0.3979818 0.3290075 0.0000000 0.3759299 
MJM2940    0.2054075 0.3220647 0.3932236 0.4120135 0.2091503 0.3122827 0.3586472 0.3823233 0.3870297 0.3307338 0.2132232 0.3759299 0.0000000 
