13
DrolusSFB  0.0000000 0.2759275 0.3561006 0.3376837 0.2310043 0.3641479 0.3759739 0.4394897 0.4460030 0.2948540 0.2261181 0.4057097 0.1917046 
Dino       0.2759275 0.0000000 0.2977575 0.1674954 0.1966856 0.3407383 0.3821138 0.4229665 0.4258273 0.1313022 0.1930485 0.3927117 0.2337945 
MJM3360    0.3561006 0.2977575 0.0000000 0.3251164 0.2455204 0.2317707 0.3302329 0.3274045 0.3659798 0.3216966 0.2428610 0.4016686 0.2736700 
DrobinSFB  0.3376837 0.1674954 0.3251164 0.0000000 0.2472003 0.3525389 0.4101408 0.4078636 0.4466001 0.1628721 0.2374320 0.4417567 0.2806521 
Neam       0.2310043 0.1966856 0.2455204 0.2472003 0.0000000 0.3026384 0.3285006 0.2809431 0.3178003 0.2206658 0.0125673 0.3523965 0.1629378 
RuprSFB    0.3641479 0.3407383 0.2317707 0.3525389 0.3026384 0.0000000 0.3777692 0.3169724 0.3699686 0.3557723 0.2855340 0.4360586 0.3044126 
Retr       0.3759739 0.3821138 0.3302329 0.4101408 0.3285006 0.3777692 0.0000000 0.4118351 0.4729648 0.3854949 0.3349447 0.1988049 0.3418071 
Beta       0.4394897 0.4229665 0.3274045 0.4078636 0.2809431 0.3169724 0.4118351 0.0000000 0.1846954 0.4047901 0.2823147 0.5391251 0.4009270 
Spol       0.4460030 0.4258273 0.3659798 0.4466001 0.3178003 0.3699686 0.4729648 0.1846954 0.0000000 0.4301164 0.3053516 0.5674018 0.4061997 
MJM1652    0.2948540 0.1313022 0.3216966 0.1628721 0.2206658 0.3557723 0.3854949 0.4047901 0.4301164 0.0000000 0.2176565 0.3693503 0.2539909 
NepSFB     0.2261181 0.1930485 0.2428610 0.2374320 0.0125673 0.2855340 0.3349447 0.2823147 0.3053516 0.2176565 0.0000000 0.3582920 0.1615199 
WPYJ       0.4057097 0.3927117 0.4016686 0.4417567 0.3523965 0.4360586 0.1988049 0.5391251 0.5674018 0.3693503 0.3582920 0.0000000 0.3664223 
MJM2940    0.1917046 0.2337945 0.2736700 0.2806521 0.1629378 0.3044126 0.3418071 0.4009270 0.4061997 0.2539909 0.1615199 0.3664223 0.0000000 
