13
DrolusSFB  0.0000000 0.3551991 0.3418009 0.2661214 0.2756145 0.3241984 0.3572473 0.3869631 0.3939803 0.4265400 0.2722221 0.3772812 0.2152702 
Dino       0.3551991 0.0000000 0.3515059 0.1606823 0.2634116 0.3409552 0.4238607 0.4493364 0.4317418 0.1609235 0.2575352 0.3324079 0.3090920 
MJM3360    0.3418009 0.3515059 0.0000000 0.3603664 0.3303309 0.2922818 0.4212121 0.4144862 0.4119486 0.3814794 0.3199103 0.4496021 0.3335081 
DrobinSFB  0.2661214 0.1606823 0.3603664 0.0000000 0.2275225 0.3153750 0.3297342 0.3404763 0.3334415 0.1700075 0.2272256 0.4250331 0.2442918 
Neam       0.2756145 0.2634116 0.3303309 0.2275225 0.0000000 0.3340036 0.3884198 0.4133083 0.3853655 0.3294707 0.0103490 0.3464401 0.2187300 
RuprSFB    0.3241984 0.3409552 0.2922818 0.3153750 0.3340036 0.0000000 0.3977419 0.4036261 0.3775119 0.3848550 0.3326030 0.3960625 0.3085731 
Retr       0.3572473 0.4238607 0.4212121 0.3297342 0.3884198 0.3977419 0.0000000 0.4181127 0.4121697 0.4660044 0.3909627 0.1935340 0.3555955 
Beta       0.3869631 0.4493364 0.4144862 0.3404763 0.4133083 0.4036261 0.4181127 0.0000000 0.1823623 0.5086627 0.4060639 0.4241496 0.3751115 
Spol       0.3939803 0.4317418 0.4119486 0.3334415 0.3853655 0.3775119 0.4121697 0.1823623 0.0000000 0.4789602 0.3825386 0.4567080 0.3686109 
MJM1652    0.4265400 0.1609235 0.3814794 0.1700075 0.3294707 0.3848550 0.4660044 0.5086627 0.4789602 0.0000000 0.3258192 0.3947442 0.3541191 
NepSFB     0.2722221 0.2575352 0.3199103 0.2272256 0.0103490 0.3326030 0.3909627 0.4060639 0.3825386 0.3258192 0.0000000 0.3559403 0.2140078 
WPYJ       0.3772812 0.3324079 0.4496021 0.4250331 0.3464401 0.3960625 0.1935340 0.4241496 0.4567080 0.3947442 0.3559403 0.0000000 0.3733402 
MJM2940    0.2152702 0.3090920 0.3335081 0.2442918 0.2187300 0.3085731 0.3555955 0.3751115 0.3686109 0.3541191 0.2140078 0.3733402 0.0000000 
