13
DrolusSFB  0.0000000 0.3377744 0.3449352 0.3380987 0.2321771 0.3365690 0.3223530 0.3074538 0.3711586 0.3747053 0.2318517 0.3618143 0.1738543 
Dino       0.3377744 0.0000000 0.3225363 0.1794681 0.2381547 0.3049626 0.3186850 0.3155315 0.3347849 0.1171580 0.2374947 0.3253779 0.2071192 
MJM3360    0.3449352 0.3225363 0.0000000 0.3353650 0.2731206 0.2264353 0.3032916 0.3263348 0.3370068 0.3373511 0.2781862 0.3056309 0.2938381 
DrobinSFB  0.3380987 0.1794681 0.3353650 0.0000000 0.2712719 0.3227012 0.3398853 0.3580679 0.3620173 0.2083740 0.2714150 0.3601794 0.2705353 
Neam       0.2321771 0.2381547 0.2731206 0.2712719 0.0000000 0.2532641 0.2445276 0.2799671 0.3023918 0.2685434 0.0073588 0.2789045 0.1783031 
RuprSFB    0.3365690 0.3049626 0.2264353 0.3227012 0.2532641 0.0000000 0.2835313 0.2928219 0.3111269 0.3253000 0.2571977 0.3202813 0.2705365 
Retr       0.3223530 0.3186850 0.3032916 0.3398853 0.2445276 0.2835313 0.0000000 0.3074684 0.3309448 0.3361700 0.2508808 0.1496817 0.2803259 
Beta       0.3074538 0.3155315 0.3263348 0.3580679 0.2799671 0.2928219 0.3074684 0.0000000 0.1043845 0.3562142 0.2744382 0.3167717 0.2673014 
Spol       0.3711586 0.3347849 0.3370068 0.3620173 0.3023918 0.3111269 0.3309448 0.1043845 0.0000000 0.3712736 0.2994486 0.3514948 0.2945521 
MJM1652    0.3747053 0.1171580 0.3373511 0.2083740 0.2685434 0.3253000 0.3361700 0.3562142 0.3712736 0.0000000 0.2667318 0.3554082 0.2534730 
NepSFB     0.2318517 0.2374947 0.2781862 0.2714150 0.0073588 0.2571977 0.2508808 0.2744382 0.2994486 0.2667318 0.0000000 0.2883368 0.1823215 
WPYJ       0.3618143 0.3253779 0.3056309 0.3601794 0.2789045 0.3202813 0.1496817 0.3167717 0.3514948 0.3554082 0.2883368 0.0000000 0.2850340 
MJM2940    0.1738543 0.2071192 0.2938381 0.2705353 0.1783031 0.2705365 0.2803259 0.2673014 0.2945521 0.2534730 0.1823215 0.2850340 0.0000000 
