13
DrolusSFB  0.0000000 0.3095771 0.3844746 0.3110413 0.2405892 0.3659472 0.4695260 0.4114479 0.4223400 0.2855271 0.3029369 0.4005686 0.2059357 
Dino       0.3095771 0.0000000 0.3791245 0.2201242 0.2627500 0.3374246 0.4554077 0.3780318 0.4111955 0.1552415 0.2820864 0.4019716 0.2436717 
MJM3360    0.3844746 0.3791245 0.0000000 0.3657881 0.3191424 0.3060856 0.5826914 0.4759619 0.5053679 0.3360188 0.4284315 0.5361696 0.3628489 
DrobinSFB  0.3110413 0.2201242 0.3657881 0.0000000 0.2775593 0.3378475 0.3872031 0.3738973 0.3945132 0.2267192 0.2890048 0.3117382 0.2663412 
Neam       0.2405892 0.2627500 0.3191424 0.2775593 0.0000000 0.2618489 0.3725787 0.3201765 0.3372396 0.2667296 0.0116738 0.3349307 0.1730695 
RuprSFB    0.3659472 0.3374246 0.3060856 0.3378475 0.2618489 0.0000000 0.5237344 0.4305070 0.4545348 0.3155980 0.3539662 0.4643423 0.3014059 
Retr       0.4695260 0.4554077 0.5826914 0.3872031 0.3725787 0.5237344 0.0000000 0.6063036 0.6089698 0.3231901 0.5575133 0.2586153 0.4179554 
Beta       0.4114479 0.3780318 0.4759619 0.3738973 0.3201765 0.4305070 0.6063036 0.0000000 0.1660250 0.3323463 0.4145236 0.4767002 0.3730545 
Spol       0.4223400 0.4111955 0.5053679 0.3945132 0.3372396 0.4545348 0.6089698 0.1660250 0.0000000 0.3608863 0.4454158 0.4676536 0.3895187 
MJM1652    0.2855271 0.1552415 0.3360188 0.2267192 0.2667296 0.3155980 0.3231901 0.3323463 0.3608863 0.0000000 0.2727878 0.2901230 0.2392582 
NepSFB     0.3029369 0.2820864 0.4284315 0.2890048 0.0116738 0.3539662 0.5575133 0.4145236 0.4454158 0.2727878 0.0000000 0.4752696 0.2279784 
WPYJ       0.4005686 0.4019716 0.5361696 0.3117382 0.3349307 0.4643423 0.2586153 0.4767002 0.4676536 0.2901230 0.4752696 0.0000000 0.3771607 
MJM2940    0.2059357 0.2436717 0.3628489 0.2663412 0.1730695 0.3014059 0.4179554 0.3730545 0.3895187 0.2392582 0.2279784 0.3771607 0.0000000 
