13
DrolusSFB  0.0000000 0.2494325 0.3096426 0.3077575 0.1833573 0.2540151 0.2839418 0.3185595 0.3383500 0.2366868 0.1733500 0.2790972 0.1513807 
Dino       0.2494325 0.0000000 0.3429740 0.1700612 0.1474474 0.2535604 0.2520565 0.3229125 0.3333423 0.0762104 0.1431782 0.2579291 0.1950318 
MJM3360    0.3096426 0.3429740 0.0000000 0.4140247 0.2785683 0.2356895 0.2963077 0.3821943 0.3859709 0.3714117 0.2818696 0.2891381 0.2904226 
DrobinSFB  0.3077575 0.1700612 0.4140247 0.0000000 0.2169979 0.3139277 0.3469184 0.3676253 0.4140602 0.1831316 0.2164003 0.3331700 0.2359944 
Neam       0.1833573 0.1474474 0.2785683 0.2169979 0.0000000 0.1677716 0.2042961 0.2748871 0.2776985 0.1715648 0.0054473 0.2161337 0.1499310 
RuprSFB    0.2540151 0.2535604 0.2356895 0.3139277 0.1677716 0.0000000 0.2252784 0.2959831 0.3147801 0.2758683 0.1722190 0.2501555 0.2272946 
Retr       0.2839418 0.2520565 0.2963077 0.3469184 0.2042961 0.2252784 0.0000000 0.3299846 0.3082070 0.2586948 0.2016128 0.1719671 0.2427062 
Beta       0.3185595 0.3229125 0.3821943 0.3676253 0.2748871 0.2959831 0.3299846 0.0000000 0.1251104 0.3272989 0.2717799 0.3461947 0.2790124 
Spol       0.3383500 0.3333423 0.3859709 0.4140602 0.2776985 0.3147801 0.3082070 0.1251104 0.0000000 0.3425834 0.2771259 0.3672657 0.2748579 
MJM1652    0.2366868 0.0762104 0.3714117 0.1831316 0.1715648 0.2758683 0.2586948 0.3272989 0.3425834 0.0000000 0.1669369 0.2820535 0.1979750 
NepSFB     0.1733500 0.1431782 0.2818696 0.2164003 0.0054473 0.1722190 0.2016128 0.2717799 0.2771259 0.1669369 0.0000000 0.2187681 0.1454312 
WPYJ       0.2790972 0.2579291 0.2891381 0.3331700 0.2161337 0.2501555 0.1719671 0.3461947 0.3672657 0.2820535 0.2187681 0.0000000 0.2367776 
MJM2940    0.1513807 0.1950318 0.2904226 0.2359944 0.1499310 0.2272946 0.2427062 0.2790124 0.2748579 0.1979750 0.1454312 0.2367776 0.0000000 
