13
DrolusSFB  0.0000000 0.3084895 0.4115832 0.3529374 0.3502982 0.3757707 0.3860327 0.4849036 0.4762897 0.3546487 0.3741426 0.3894392 0.2273251 
Dino       0.3084895 0.0000000 0.3638283 0.2104681 0.2450357 0.3034660 0.3144077 0.3823088 0.4135100 0.2171298 0.2574946 0.3701901 0.2409474 
MJM3360    0.4115832 0.3638283 0.0000000 0.3897698 0.3614518 0.3139136 0.4053745 0.4645043 0.4762589 0.4043141 0.3798149 0.4441309 0.3749184 
DrobinSFB  0.3529374 0.2104681 0.3897698 0.0000000 0.3011287 0.3392019 0.3631650 0.4127244 0.4304403 0.2534587 0.3179736 0.4215380 0.3023418 
Neam       0.3502982 0.2450357 0.3614518 0.3011287 0.0000000 0.3487778 0.3794792 0.4212533 0.4399817 0.3161304 0.0155401 0.4715832 0.2690727 
RuprSFB    0.3757707 0.3034660 0.3139136 0.3392019 0.3487778 0.0000000 0.3388583 0.4622504 0.4264994 0.3467823 0.3654518 0.4146488 0.3183604 
Retr       0.3860327 0.3144077 0.4053745 0.3631650 0.3794792 0.3388583 0.0000000 0.3908098 0.4000408 0.4207862 0.4030222 0.1936166 0.3493948 
Beta       0.4849036 0.3823088 0.4645043 0.4127244 0.4212533 0.4622504 0.3908098 0.0000000 0.1407259 0.4465813 0.4472750 0.4419063 0.3958066 
Spol       0.4762897 0.4135100 0.4762589 0.4304403 0.4399817 0.4264994 0.4000408 0.1407259 0.0000000 0.4448448 0.4673967 0.4707461 0.4295627 
MJM1652    0.3546487 0.2171298 0.4043141 0.2534587 0.3161304 0.3467823 0.4207862 0.4465813 0.4448448 0.0000000 0.3307918 0.4445349 0.2769483 
NepSFB     0.3741426 0.2574946 0.3798149 0.3179736 0.0155401 0.3654518 0.4030222 0.4472750 0.4673967 0.3307918 0.0000000 0.4897740 0.2800113 
WPYJ       0.3894392 0.3701901 0.4441309 0.4215380 0.4715832 0.4146488 0.1936166 0.4419063 0.4707461 0.4445349 0.4897740 0.0000000 0.3763084 
MJM2940    0.2273251 0.2409474 0.3749184 0.3023418 0.2690727 0.3183604 0.3493948 0.3958066 0.4295627 0.2769483 0.2800113 0.3763084 0.0000000 
