13
DrolusSFB  0.0000000 0.4744373 0.4389756 0.5933578 0.3888738 0.5050005 0.4942329 0.6444313 0.6138216 0.5097131 0.3875121 0.3951795 0.2507404 
Dino       0.4744373 0.0000000 0.4091602 0.2300403 0.3173219 0.4362881 0.4174475 0.5559364 0.5283539 0.1689356 0.3271155 0.3816467 0.3573201 
MJM3360    0.4389756 0.4091602 0.0000000 0.4363002 0.4260250 0.3386088 0.3884079 0.5284496 0.4875640 0.4501416 0.4382141 0.3535820 0.4125397 
DrobinSFB  0.5933578 0.2300403 0.4363002 0.0000000 0.4064882 0.4932887 0.4965606 0.6447550 0.6404716 0.2803288 0.4216740 0.4218079 0.4497481 
Neam       0.3888738 0.3173219 0.4260250 0.4064882 0.0000000 0.4530106 0.3755410 0.5043039 0.5075131 0.3751548 0.0140637 0.3921404 0.2900258 
RuprSFB    0.5050005 0.4362881 0.3386088 0.4932887 0.4530106 0.0000000 0.4223116 0.5669886 0.5268612 0.4693063 0.4512823 0.3748049 0.3923790 
Retr       0.4942329 0.4174475 0.3884079 0.4965606 0.3755410 0.4223116 0.0000000 0.4698703 0.4842935 0.4705944 0.3840528 0.2002297 0.4238238 
Beta       0.6444313 0.5559364 0.5284496 0.6447550 0.5043039 0.5669886 0.4698703 0.0000000 0.2085428 0.5998010 0.5189117 0.3753530 0.5267437 
Spol       0.6138216 0.5283539 0.4875640 0.6404716 0.5075131 0.5268612 0.4842935 0.2085428 0.0000000 0.5793680 0.5208054 0.4175338 0.5231984 
MJM1652    0.5097131 0.1689356 0.4501416 0.2803288 0.3751548 0.4693063 0.4705944 0.5998010 0.5793680 0.0000000 0.3805725 0.4310773 0.4025721 
NepSFB     0.3875121 0.3271155 0.4382141 0.4216740 0.0140637 0.4512823 0.3840528 0.5189117 0.5208054 0.3805725 0.0000000 0.4028627 0.2984220 
WPYJ       0.3951795 0.3816467 0.3535820 0.4218079 0.3921404 0.3748049 0.2002297 0.3753530 0.4175338 0.4310773 0.4028627 0.0000000 0.3841409 
MJM2940    0.2507404 0.3573201 0.4125397 0.4497481 0.2900258 0.3923790 0.4238238 0.5267437 0.5231984 0.4025721 0.2984220 0.3841409 0.0000000 
