13
DrolusSFB  0.0000000 0.3206520 0.2854360 0.3682980 0.2679023 0.2479853 0.2930009 0.3797107 0.3639385 0.3169581 0.3250469 0.2145213 0.1674603 
Dino       0.3206520 0.0000000 0.3589680 0.1786933 0.2805477 0.2807505 0.2788820 0.4253637 0.4201104 0.1687431 0.3405068 0.3158992 0.2682562 
MJM3360    0.2854360 0.3589680 0.0000000 0.3869250 0.2995472 0.2267791 0.3432804 0.3704247 0.3515903 0.3591287 0.3311715 0.2583737 0.2324122 
DrobinSFB  0.3682980 0.1786933 0.3869250 0.0000000 0.3293344 0.3225136 0.2803351 0.4447772 0.4625225 0.2345732 0.4297705 0.2673523 0.3171086 
Neam       0.2679023 0.2805477 0.2995472 0.3293344 0.0000000 0.2371127 0.2705680 0.3597246 0.3661704 0.3136790 0.0120312 0.2385066 0.1940181 
RuprSFB    0.2479853 0.2807505 0.2267791 0.3225136 0.2371127 0.0000000 0.3122745 0.3401664 0.3055608 0.2868280 0.2614594 0.2463480 0.1999208 
Retr       0.2930009 0.2788820 0.3432804 0.2803351 0.2705680 0.3122745 0.0000000 0.3124214 0.2911176 0.2818805 0.2676853 0.1808543 0.2536558 
Beta       0.3797107 0.4253637 0.3704247 0.4447772 0.3597246 0.3401664 0.3124214 0.0000000 0.1700180 0.4241422 0.4107100 0.2701056 0.2969589 
Spol       0.3639385 0.4201104 0.3515903 0.4625225 0.3661704 0.3055608 0.2911176 0.1700180 0.0000000 0.4234765 0.4119506 0.2381823 0.3041543 
MJM1652    0.3169581 0.1687431 0.3591287 0.2345732 0.3136790 0.2868280 0.2818805 0.4241422 0.4234765 0.0000000 0.3930040 0.2695128 0.2928100 
NepSFB     0.3250469 0.3405068 0.3311715 0.4297705 0.0120312 0.2614594 0.2676853 0.4107100 0.4119506 0.3930040 0.0000000 0.2587060 0.2386176 
WPYJ       0.2145213 0.3158992 0.2583737 0.2673523 0.2385066 0.2463480 0.1808543 0.2701056 0.2381823 0.2695128 0.2587060 0.0000000 0.2312429 
MJM2940    0.1674603 0.2682562 0.2324122 0.3171086 0.1940181 0.1999208 0.2536558 0.2969589 0.3041543 0.2928100 0.2386176 0.2312429 0.0000000 
