13
DrolusSFB  0.0000000 0.3781924 0.3536245 0.4137474 0.2811409 0.3198866 0.3527367 0.3682330 0.3810691 0.4073213 0.2582796 0.3894812 0.1820237 
Dino       0.3781924 0.0000000 0.4315604 0.1786011 0.2921900 0.4119815 0.4921494 0.4602461 0.4782159 0.1589867 0.2979528 0.5278159 0.3244131 
MJM3360    0.3536245 0.4315604 0.0000000 0.4599557 0.3262584 0.2871962 0.4182065 0.3738797 0.3815712 0.4573976 0.3133445 0.4395286 0.3154214 
DrobinSFB  0.4137474 0.1786011 0.4599557 0.0000000 0.3562193 0.4263213 0.4321679 0.4870677 0.4898849 0.2193642 0.3439201 0.5108414 0.3515874 
Neam       0.2811409 0.2921900 0.3262584 0.3562193 0.0000000 0.3032492 0.3716232 0.3720152 0.3663034 0.3461373 0.1499271 0.3728909 0.2225338 
RuprSFB    0.3198866 0.4119815 0.2871962 0.4263213 0.3032492 0.0000000 0.3579204 0.3431670 0.3638385 0.4303493 0.2703858 0.3680461 0.2831092 
Retr       0.3527367 0.4921494 0.4182065 0.4321679 0.3716232 0.3579204 0.0000000 0.3935108 0.4260109 0.4409472 0.3409358 0.1939053 0.3488707 
Beta       0.3682330 0.4602461 0.3738797 0.4870677 0.3720152 0.3431670 0.3935108 0.0000000 0.1631391 0.4764064 0.3297909 0.3981100 0.3192575 
Spol       0.3810691 0.4782159 0.3815712 0.4898849 0.3663034 0.3638385 0.4260109 0.1631391 0.0000000 0.4839578 0.3401516 0.4049816 0.3410076 
MJM1652    0.4073213 0.1589867 0.4573976 0.2193642 0.3461373 0.4303493 0.4409472 0.4764064 0.4839578 0.0000000 0.3193879 0.4966479 0.3497965 
NepSFB     0.2582796 0.2979528 0.3133445 0.3439201 0.1499271 0.2703858 0.3409358 0.3297909 0.3401516 0.3193879 0.0000000 0.3559007 0.1930979 
WPYJ       0.3894812 0.5278159 0.4395286 0.5108414 0.3728909 0.3680461 0.1939053 0.3981100 0.4049816 0.4966479 0.3559007 0.0000000 0.3592776 
MJM2940    0.1820237 0.3244131 0.3154214 0.3515874 0.2225338 0.2831092 0.3488707 0.3192575 0.3410076 0.3497965 0.1930979 0.3592776 0.0000000 
