13
DrolusSFB  0.0000000 0.3309909 0.4342378 0.3895766 0.3032851 0.3817336 0.3563870 0.4412930 0.4330868 0.4128471 0.3154917 0.3482665 0.2289099 
Dino       0.3309909 0.0000000 0.4387149 0.1669944 0.2827286 0.3430068 0.3366892 0.4290307 0.4187232 0.1769112 0.2923259 0.4069085 0.2584852 
MJM3360    0.4342378 0.4387149 0.0000000 0.4899882 0.4054485 0.3112221 0.3765368 0.4751642 0.4951886 0.4517364 0.4255584 0.3934572 0.4240141 
DrobinSFB  0.3895766 0.1669944 0.4899882 0.0000000 0.3313236 0.4004459 0.3998210 0.4451982 0.4415906 0.2159400 0.3325840 0.4072712 0.3191134 
Neam       0.3032851 0.2827286 0.4054485 0.3313236 0.0000000 0.3585819 0.3178733 0.3606292 0.3891744 0.3376264 0.0199204 0.3311430 0.2515519 
RuprSFB    0.3817336 0.3430068 0.3112221 0.4004459 0.3585819 0.0000000 0.3248030 0.4156062 0.4376403 0.3865401 0.3765278 0.3172932 0.3428189 
Retr       0.3563870 0.3366892 0.3765368 0.3998210 0.3178733 0.3248030 0.0000000 0.3577679 0.3775158 0.4229662 0.3362503 0.1599693 0.2851605 
Beta       0.4412930 0.4290307 0.4751642 0.4451982 0.3606292 0.4156062 0.3577679 0.0000000 0.1411164 0.4455560 0.3757143 0.4152001 0.3669875 
Spol       0.4330868 0.4187232 0.4951886 0.4415906 0.3891744 0.4376403 0.3775158 0.1411164 0.0000000 0.4650936 0.4055987 0.3848140 0.3608917 
MJM1652    0.4128471 0.1769112 0.4517364 0.2159400 0.3376264 0.3865401 0.4229662 0.4455560 0.4650936 0.0000000 0.3426300 0.4435907 0.3579128 
NepSFB     0.3154917 0.2923259 0.4255584 0.3325840 0.0199204 0.3765278 0.3362503 0.3757143 0.4055987 0.3426300 0.0000000 0.3457340 0.2601389 
WPYJ       0.3482665 0.4069085 0.3934572 0.4072712 0.3311430 0.3172932 0.1599693 0.4152001 0.3848140 0.4435907 0.3457340 0.0000000 0.2936584 
MJM2940    0.2289099 0.2584852 0.4240141 0.3191134 0.2515519 0.3428189 0.2851605 0.3669875 0.3608917 0.3579128 0.2601389 0.2936584 0.0000000 
