13
DrolusSFB  0.0000000 0.3246132 0.3516980 0.3332487 0.2959387 0.3310039 0.3734519 0.4157654 0.4081430 0.3817969 0.2969281 0.3668970 0.1769251 
Dino       0.3246132 0.0000000 0.3842467 0.2322784 0.2587621 0.3836999 0.3365531 0.4011925 0.3936924 0.1686987 0.2631952 0.3779778 0.2638789 
MJM3360    0.3516980 0.3842467 0.0000000 0.3723257 0.3312382 0.2821669 0.3612582 0.4063878 0.3993387 0.4185881 0.3249446 0.3437766 0.3137221 
DrobinSFB  0.3332487 0.2322784 0.3723257 0.0000000 0.3420025 0.3860895 0.3768884 0.4195175 0.4056246 0.2732588 0.3410517 0.3745601 0.2996269 
Neam       0.2959387 0.2587621 0.3312382 0.3420025 0.0000000 0.3290190 0.3062179 0.3537940 0.3401662 0.2913223 0.0108449 0.3499407 0.2195453 
RuprSFB    0.3310039 0.3836999 0.2821669 0.3860895 0.3290190 0.0000000 0.3538890 0.4125153 0.3908496 0.3952428 0.3144314 0.4029512 0.3149515 
Retr       0.3734519 0.3365531 0.3612582 0.3768884 0.3062179 0.3538890 0.0000000 0.4103329 0.4436655 0.3693987 0.3134779 0.1869972 0.2861455 
Beta       0.4157654 0.4011925 0.4063878 0.4195175 0.3537940 0.4125153 0.4103329 0.0000000 0.1420992 0.3901748 0.3512567 0.4134928 0.3437609 
Spol       0.4081430 0.3936924 0.3993387 0.4056246 0.3401662 0.3908496 0.4436655 0.1420992 0.0000000 0.4157343 0.3332657 0.4732165 0.3409236 
MJM1652    0.3817969 0.1686987 0.4185881 0.2732588 0.2913223 0.3952428 0.3693987 0.3901748 0.4157343 0.0000000 0.2859934 0.4009196 0.3180725 
NepSFB     0.2969281 0.2631952 0.3249446 0.3410517 0.0108449 0.3144314 0.3134779 0.3512567 0.3332657 0.2859934 0.0000000 0.3533548 0.2209562 
WPYJ       0.3668970 0.3779778 0.3437766 0.3745601 0.3499407 0.4029512 0.1869972 0.4134928 0.4732165 0.4009196 0.3533548 0.0000000 0.3196264 
MJM2940    0.1769251 0.2638789 0.3137221 0.2996269 0.2195453 0.3149515 0.2861455 0.3437609 0.3409236 0.3180725 0.2209562 0.3196264 0.0000000 
