13
DrolusSFB  0.0000000 0.3790389 0.4251390 0.4495976 0.2765072 0.3424794 0.4311249 0.4371697 0.4320091 0.3955636 0.2660228 0.5168251 0.1894547 
Dino       0.3790389 0.0000000 0.4940250 0.2991986 0.2833026 0.4272831 0.4918850 0.4651112 0.4629193 0.1717778 0.2808142 0.6111054 0.2852138 
MJM3360    0.4251390 0.4940250 0.0000000 0.5063422 0.3457053 0.3698419 0.4115192 0.5083818 0.4913211 0.5330760 0.3458065 0.4765911 0.3896234 
DrobinSFB  0.4495976 0.2991986 0.5063422 0.0000000 0.3761724 0.5213566 0.4909859 0.5207067 0.4676873 0.3297600 0.3631915 0.5989101 0.3935225 
Neam       0.2765072 0.2833026 0.3457053 0.3761724 0.0000000 0.3066738 0.3446459 0.3475029 0.3533913 0.3291662 0.0103466 0.4580396 0.2158253 
RuprSFB    0.3424794 0.4272831 0.3698419 0.5213566 0.3066738 0.0000000 0.3472532 0.4148107 0.4279789 0.4837518 0.3028988 0.4336668 0.3078146 
Retr       0.4311249 0.4918850 0.4115192 0.4909859 0.3446459 0.3472532 0.0000000 0.4514459 0.5009259 0.5273195 0.3331680 0.2217752 0.4192659 
Beta       0.4371697 0.4651112 0.5083818 0.5207067 0.3475029 0.4148107 0.4514459 0.0000000 0.1208682 0.5273666 0.3426374 0.5119140 0.4045285 
Spol       0.4320091 0.4629193 0.4913211 0.4676873 0.3533913 0.4279789 0.5009259 0.1208682 0.0000000 0.5197055 0.3458580 0.5167849 0.4016579 
MJM1652    0.3955636 0.1717778 0.5330760 0.3297600 0.3291662 0.4837518 0.5273195 0.5273666 0.5197055 0.0000000 0.3269692 0.6084227 0.3478717 
NepSFB     0.2660228 0.2808142 0.3458065 0.3631915 0.0103466 0.3028988 0.3331680 0.3426374 0.3458580 0.3269692 0.0000000 0.4522034 0.2137171 
WPYJ       0.5168251 0.6111054 0.4765911 0.5989101 0.4580396 0.4336668 0.2217752 0.5119140 0.5167849 0.6084227 0.4522034 0.0000000 0.5235060 
MJM2940    0.1894547 0.2852138 0.3896234 0.3935225 0.2158253 0.3078146 0.4192659 0.4045285 0.4016579 0.3478717 0.2137171 0.5235060 0.0000000 
