13
DrolusSFB  0.0000000 0.3613018 0.3935730 0.3975248 0.2666841 0.3786017 0.3984824 0.3642842 0.3910544 0.3942281 0.2681601 0.4007584 0.1811968 
Dino       0.3613018 0.0000000 0.4344369 0.1809867 0.2954349 0.4281741 0.4485107 0.4215806 0.4417181 0.1638630 0.2871117 0.4777020 0.3090422 
MJM3360    0.3935730 0.4344369 0.0000000 0.4803854 0.3646791 0.3078896 0.3642264 0.4061651 0.4194219 0.4852245 0.3624092 0.3913546 0.3770034 
DrobinSFB  0.3975248 0.1809867 0.4803854 0.0000000 0.3461711 0.4423733 0.4944910 0.4616200 0.4731743 0.2243467 0.3398432 0.5299272 0.3444448 
Neam       0.2666841 0.2954349 0.3646791 0.3461711 0.0000000 0.3145584 0.3204778 0.3366054 0.3475643 0.3268578 0.0098121 0.3696451 0.2291695 
RuprSFB    0.3786017 0.4281741 0.3078896 0.4423733 0.3145584 0.0000000 0.3638594 0.3643454 0.3855278 0.4604670 0.3224770 0.3967481 0.3181384 
Retr       0.3984824 0.4485107 0.3642264 0.4944910 0.3204778 0.3638594 0.0000000 0.3983170 0.3761813 0.5077075 0.3272244 0.1952127 0.3209561 
Beta       0.3642842 0.4215806 0.4061651 0.4616200 0.3366054 0.3643454 0.3983170 0.0000000 0.1353447 0.4521165 0.3452301 0.4259361 0.3139105 
Spol       0.3910544 0.4417181 0.4194219 0.4731743 0.3475643 0.3855278 0.3761813 0.1353447 0.0000000 0.4808334 0.3530985 0.3877034 0.3333871 
MJM1652    0.3942281 0.1638630 0.4852245 0.2243467 0.3268578 0.4604670 0.5077075 0.4521165 0.4808334 0.0000000 0.3181014 0.5617929 0.3593159 
NepSFB     0.2681601 0.2871117 0.3624092 0.3398432 0.0098121 0.3224770 0.3272244 0.3452301 0.3530985 0.3181014 0.0000000 0.3576069 0.2206603 
WPYJ       0.4007584 0.4777020 0.3913546 0.5299272 0.3696451 0.3967481 0.1952127 0.4259361 0.3877034 0.5617929 0.3576069 0.0000000 0.3449873 
MJM2940    0.1811968 0.3090422 0.3770034 0.3444448 0.2291695 0.3181384 0.3209561 0.3139105 0.3333871 0.3593159 0.2206603 0.3449873 0.0000000 
