13
DrolusSFB  0.0000000 0.2849341 0.3529482 0.3316204 0.2671625 0.2534064 0.3459600 0.3793076 0.4495833 0.3036721 0.2635851 0.3455794 0.1888947 
Dino       0.2849341 0.0000000 0.3751685 0.2515020 0.2668086 0.2856620 0.3744232 0.3993851 0.4415135 0.1454519 0.2631230 0.3705866 0.2410322 
MJM3360    0.3529482 0.3751685 0.0000000 0.4182467 0.3749296 0.2868825 0.3880304 0.3846976 0.3808080 0.3579778 0.3720245 0.3838285 0.3367690 
DrobinSFB  0.3316204 0.2515020 0.4182467 0.0000000 0.3446464 0.3186582 0.3800835 0.4442341 0.4953447 0.2723167 0.3377723 0.3968630 0.3168199 
Neam       0.2671625 0.2668086 0.3749296 0.3446464 0.0000000 0.2882097 0.3423148 0.3705969 0.3871867 0.2830456 0.0112726 0.3583610 0.2095299 
RuprSFB    0.2534064 0.2856620 0.2868825 0.3186582 0.2882097 0.0000000 0.3521739 0.2957432 0.3124437 0.3046225 0.2828778 0.3595994 0.2604045 
Retr       0.3459600 0.3744232 0.3880304 0.3800835 0.3423148 0.3521739 0.0000000 0.3631471 0.4115580 0.3788730 0.3417461 0.1772858 0.3122317 
Beta       0.3793076 0.3993851 0.3846976 0.4442341 0.3705969 0.2957432 0.3631471 0.0000000 0.1212685 0.4227054 0.3778770 0.3022561 0.3476313 
Spol       0.4495833 0.4415135 0.3808080 0.4953447 0.3871867 0.3124437 0.4115580 0.1212685 0.0000000 0.4578392 0.3953130 0.3187969 0.4241188 
MJM1652    0.3036721 0.1454519 0.3579778 0.2723167 0.2830456 0.3046225 0.3788730 0.4227054 0.4578392 0.0000000 0.2902237 0.3700848 0.2591082 
NepSFB     0.2635851 0.2631230 0.3720245 0.3377723 0.0112726 0.2828778 0.3417461 0.3778770 0.3953130 0.2902237 0.0000000 0.3590222 0.2041267 
WPYJ       0.3455794 0.3705866 0.3838285 0.3968630 0.3583610 0.3595994 0.1772858 0.3022561 0.3187969 0.3700848 0.3590222 0.0000000 0.3357058 
MJM2940    0.1888947 0.2410322 0.3367690 0.3168199 0.2095299 0.2604045 0.3122317 0.3476313 0.4241188 0.2591082 0.2041267 0.3357058 0.0000000 
