13
DrolusSFB  0.0000000 0.3549639 0.4162147 0.3709891 0.3055279 0.4314702 0.3543957 0.3921346 0.5316307 0.3813604 0.3128798 0.4074203 0.2231595 
Dino       0.3549639 0.0000000 0.3915054 0.2190151 0.2257807 0.4809098 0.3139729 0.3966501 0.4504172 0.1809054 0.2318860 0.4052704 0.2633900 
MJM3360    0.4162147 0.3915054 0.0000000 0.4006999 0.3373113 0.3152809 0.3258512 0.4453835 0.6005635 0.3894611 0.3374107 0.4093075 0.3541853 
DrobinSFB  0.3709891 0.2190151 0.4006999 0.0000000 0.3105730 0.4797576 0.3519881 0.4991784 0.6070315 0.2573558 0.3203207 0.4159732 0.2932635 
Neam       0.3055279 0.2257807 0.3373113 0.3105730 0.0000000 0.3107928 0.2484547 0.3393704 0.4378266 0.2203652 0.0045431 0.3524687 0.1831849 
RuprSFB    0.4314702 0.4809098 0.3152809 0.4797576 0.3107928 0.0000000 0.3231711 0.4575177 0.6201981 0.4355865 0.3209687 0.3608829 0.3235742 
Retr       0.3543957 0.3139729 0.3258512 0.3519881 0.2484547 0.3231711 0.0000000 0.3890053 0.4474811 0.3182283 0.2529254 0.1934985 0.2614757 
Beta       0.3921346 0.3966501 0.4453835 0.4991784 0.3393704 0.4575177 0.3890053 0.0000000 0.1840295 0.4450752 0.3443891 0.4946387 0.3554305 
Spol       0.5316307 0.4504172 0.6005635 0.6070315 0.4378266 0.6201981 0.4474811 0.1840295 0.0000000 0.4954154 0.4433293 0.5227799 0.4606485 
MJM1652    0.3813604 0.1809054 0.3894611 0.2573558 0.2203652 0.4355865 0.3182283 0.4450752 0.4954154 0.0000000 0.2245072 0.3627397 0.2825348 
NepSFB     0.3128798 0.2318860 0.3374107 0.3203207 0.0045431 0.3209687 0.2529254 0.3443891 0.4433293 0.2245072 0.0000000 0.3600104 0.1852754 
WPYJ       0.4074203 0.4052704 0.4093075 0.4159732 0.3524687 0.3608829 0.1934985 0.4946387 0.5227799 0.3627397 0.3600104 0.0000000 0.2935870 
MJM2940    0.2231595 0.2633900 0.3541853 0.2932635 0.1831849 0.3235742 0.2614757 0.3554305 0.4606485 0.2825348 0.1852754 0.2935870 0.0000000 
