13
DrolusSFB  0.0000000 0.3336060 0.3939195 0.3469008 0.2726761 0.3304579 0.4112080 0.4025444 0.4482343 0.3717108 0.2724433 0.4689365 0.2001433 
Dino       0.3336060 0.0000000 0.3764859 0.1777122 0.2303377 0.3003250 0.3442940 0.3444350 0.3644673 0.1920882 0.2997456 0.3646233 0.2833167 
MJM3360    0.3939195 0.3764859 0.0000000 0.4514888 0.3671345 0.2973335 0.4502615 0.3636713 0.3854690 0.4022612 0.3747189 0.4550394 0.3386482 
DrobinSFB  0.3469008 0.1777122 0.4514888 0.0000000 0.2972986 0.3393347 0.4219753 0.4185785 0.4181051 0.2165350 0.3041706 0.4823560 0.3039639 
Neam       0.2726761 0.2303377 0.3671345 0.2972986 0.0000000 0.2540616 0.3648900 0.3094460 0.3475683 0.2784403 0.0187895 0.3771971 0.1945258 
RuprSFB    0.3304579 0.3003250 0.2973335 0.3393347 0.2540616 0.0000000 0.3471913 0.3763161 0.3828661 0.3185583 0.2624654 0.3832542 0.2291506 
Retr       0.4112080 0.3442940 0.4502615 0.4219753 0.3648900 0.3471913 0.0000000 0.4303732 0.4078927 0.3749041 0.3624411 0.2585494 0.3142065 
Beta       0.4025444 0.3444350 0.3636713 0.4185785 0.3094460 0.3763161 0.4303732 0.0000000 0.1530226 0.3877144 0.3155678 0.4031051 0.3200928 
Spol       0.4482343 0.3644673 0.3854690 0.4181051 0.3475683 0.3828661 0.4078927 0.1530226 0.0000000 0.3854052 0.3489020 0.4366797 0.3393207 
MJM1652    0.3717108 0.1920882 0.4022612 0.2165350 0.2784403 0.3185583 0.3749041 0.3877144 0.3854052 0.0000000 0.3633138 0.4278606 0.3689397 
NepSFB     0.2724433 0.2997456 0.3747189 0.3041706 0.0187895 0.2624654 0.3624411 0.3155678 0.3489020 0.3633138 0.0000000 0.3881125 0.2442815 
WPYJ       0.4689365 0.3646233 0.4550394 0.4823560 0.3771971 0.3832542 0.2585494 0.4031051 0.4366797 0.4278606 0.3881125 0.0000000 0.3768348 
MJM2940    0.2001433 0.2833167 0.3386482 0.3039639 0.1945258 0.2291506 0.3142065 0.3200928 0.3393207 0.3689397 0.2442815 0.3768348 0.0000000 
