13
DrolusSFB  0.0000000 0.2969671 0.3345197 0.3860917 0.2678130 0.3575379 0.3092960 0.3071547 0.2768861 0.2924001 0.2679678 0.3131565 0.2246633 
Dino       0.2969671 0.0000000 0.3384118 0.1748607 0.2242837 0.2990268 0.2929357 0.2860781 0.2653792 0.1144127 0.2381878 0.2864749 0.2651128 
MJM3360    0.3345197 0.3384118 0.0000000 0.4596777 0.3455476 0.2637104 0.3445370 0.3242092 0.3587153 0.3620462 0.3473948 0.3411763 0.3626214 
DrobinSFB  0.3860917 0.1748607 0.4596777 0.0000000 0.3184718 0.4311325 0.3851412 0.4017246 0.3603928 0.2009086 0.3299348 0.3795265 0.3089981 
Neam       0.2678130 0.2242837 0.3455476 0.3184718 0.0000000 0.3427420 0.2950392 0.2985483 0.2939380 0.2189691 0.0134570 0.3250386 0.2243202 
RuprSFB    0.3575379 0.2990268 0.2637104 0.4311325 0.3427420 0.0000000 0.3302937 0.3058532 0.3161063 0.3322749 0.3591718 0.3335225 0.3440176 
Retr       0.3092960 0.2929357 0.3445370 0.3851412 0.2950392 0.3302937 0.0000000 0.2966001 0.3029290 0.3268054 0.3028275 0.1308082 0.2965296 
Beta       0.3071547 0.2860781 0.3242092 0.4017246 0.2985483 0.3058532 0.2966001 0.0000000 0.1053445 0.3086646 0.2896492 0.3702565 0.2829679 
Spol       0.2768861 0.2653792 0.3587153 0.3603928 0.2939380 0.3161063 0.3029290 0.1053445 0.0000000 0.2919952 0.2880237 0.3117586 0.2574216 
MJM1652    0.2924001 0.1144127 0.3620462 0.2009086 0.2189691 0.3322749 0.3268054 0.3086646 0.2919952 0.0000000 0.2219191 0.3289616 0.2678760 
NepSFB     0.2679678 0.2381878 0.3473948 0.3299348 0.0134570 0.3591718 0.3028275 0.2896492 0.2880237 0.2219191 0.0000000 0.3320393 0.2287918 
WPYJ       0.3131565 0.2864749 0.3411763 0.3795265 0.3250386 0.3335225 0.1308082 0.3702565 0.3117586 0.3289616 0.3320393 0.0000000 0.3439494 
MJM2940    0.2246633 0.2651128 0.3626214 0.3089981 0.2243202 0.3440176 0.2965296 0.2829679 0.2574216 0.2678760 0.2287918 0.3439494 0.0000000 
