13
DrolusSFB  0.0000000 0.3594726 0.4175457 0.3556008 0.2615990 0.3947135 0.3806580 0.3733331 0.3765295 0.3808314 0.2636607 0.4249936 0.2036526 
Dino       0.3594726 0.0000000 0.4640921 0.1687859 0.2664391 0.4064522 0.4375175 0.4053137 0.4179954 0.1654833 0.2561843 0.4032484 0.2938148 
MJM3360    0.4175457 0.4640921 0.0000000 0.4539537 0.3480814 0.3314877 0.4745978 0.3704549 0.3808210 0.4896791 0.3606192 0.3770354 0.3664515 
DrobinSFB  0.3556008 0.1687859 0.4539537 0.0000000 0.2663234 0.3986861 0.4253064 0.4190600 0.4212425 0.1851338 0.2676702 0.4348168 0.2920833 
Neam       0.2615990 0.2664391 0.3480814 0.2663234 0.0000000 0.3304198 0.3325217 0.3157224 0.3343770 0.3065961 0.0151651 0.3297693 0.1964644 
RuprSFB    0.3947135 0.4064522 0.3314877 0.3986861 0.3304198 0.0000000 0.4019660 0.3928955 0.3841883 0.4526953 0.3336370 0.3913139 0.3622835 
Retr       0.3806580 0.4375175 0.4745978 0.4253064 0.3325217 0.4019660 0.0000000 0.3643643 0.3763911 0.4172300 0.3288621 0.1861447 0.3432909 
Beta       0.3733331 0.4053137 0.3704549 0.4190600 0.3157224 0.3928955 0.3643643 0.0000000 0.1321464 0.4219104 0.3211502 0.3510117 0.3237770 
Spol       0.3765295 0.4179954 0.3808210 0.4212425 0.3343770 0.3841883 0.3763911 0.1321464 0.0000000 0.4385541 0.3424626 0.3812117 0.3517892 
MJM1652    0.3808314 0.1654833 0.4896791 0.1851338 0.3065961 0.4526953 0.4172300 0.4219104 0.4385541 0.0000000 0.2978095 0.4427024 0.3262685 
NepSFB     0.2636607 0.2561843 0.3606192 0.2676702 0.0151651 0.3336370 0.3288621 0.3211502 0.3424626 0.2978095 0.0000000 0.3352870 0.1986707 
WPYJ       0.4249936 0.4032484 0.3770354 0.4348168 0.3297693 0.3913139 0.1861447 0.3510117 0.3812117 0.4427024 0.3352870 0.0000000 0.3638613 
MJM2940    0.2036526 0.2938148 0.3664515 0.2920833 0.1964644 0.3622835 0.3432909 0.3237770 0.3517892 0.3262685 0.1986707 0.3638613 0.0000000 
