13
DrolusSFB  0.0000000 0.3000325 0.3212126 0.2982889 0.2488749 0.3164938 0.2704319 0.4045924 0.4058674 0.3528541 0.2562246 0.2840253 0.1742004 
Dino       0.3000325 0.0000000 0.3450766 0.1751457 0.2916922 0.3080245 0.2910308 0.4375647 0.4430491 0.1612739 0.2937044 0.3278482 0.2433955 
MJM3360    0.3212126 0.3450766 0.0000000 0.3548105 0.3215491 0.2717537 0.3387240 0.4342885 0.4505435 0.3650408 0.3210923 0.3664677 0.2993474 
DrobinSFB  0.2982889 0.1751457 0.3548105 0.0000000 0.2714383 0.3167118 0.3574809 0.4578861 0.4725743 0.2161855 0.2684482 0.3790144 0.2623742 
Neam       0.2488749 0.2916922 0.3215491 0.2714383 0.0000000 0.2695642 0.2658319 0.4301922 0.4162780 0.3197442 0.0156396 0.2905730 0.1957598 
RuprSFB    0.3164938 0.3080245 0.2717537 0.3167118 0.2695642 0.0000000 0.3140550 0.3790204 0.3898578 0.3216377 0.2733134 0.3200889 0.2659518 
Retr       0.2704319 0.2910308 0.3387240 0.3574809 0.2658319 0.3140550 0.0000000 0.3999616 0.4024759 0.3094749 0.2641116 0.1447249 0.2409188 
Beta       0.4045924 0.4375647 0.4342885 0.4578861 0.4301922 0.3790204 0.3999616 0.0000000 0.1482486 0.4979139 0.4302201 0.4071590 0.4280693 
Spol       0.4058674 0.4430491 0.4505435 0.4725743 0.4162780 0.3898578 0.4024759 0.1482486 0.0000000 0.5052592 0.4188299 0.3858004 0.4270785 
MJM1652    0.3528541 0.1612739 0.3650408 0.2161855 0.3197442 0.3216377 0.3094749 0.4979139 0.5052592 0.0000000 0.3189875 0.3314228 0.2921613 
NepSFB     0.2562246 0.2937044 0.3210923 0.2684482 0.0156396 0.2733134 0.2641116 0.4302201 0.4188299 0.3189875 0.0000000 0.2909716 0.1917953 
WPYJ       0.2840253 0.3278482 0.3664677 0.3790144 0.2905730 0.3200889 0.1447249 0.4071590 0.3858004 0.3314228 0.2909716 0.0000000 0.2719535 
MJM2940    0.1742004 0.2433955 0.2993474 0.2623742 0.1957598 0.2659518 0.2409188 0.4280693 0.4270785 0.2921613 0.1917953 0.2719535 0.0000000 
