13
DrolusSFB  0.0000000 0.3127944 0.2878275 0.3289513 0.2252552 0.2798832 0.2402753 0.2321991 0.2092763 0.3866803 0.2288666 0.3792861 0.1890336 
Dino       0.3127944 0.0000000 0.3795465 0.1816774 0.2547459 0.3453560 0.3380525 0.2963209 0.2163679 0.1852881 0.2562441 0.4486524 0.2843729 
MJM3360    0.2878275 0.3795465 0.0000000 0.3904237 0.2739459 0.2333418 0.3096431 0.2556547 0.2216199 0.3679114 0.2685632 0.3556413 0.2398775 
DrobinSFB  0.3289513 0.1816774 0.3904237 0.0000000 0.2537201 0.3936716 0.3466011 0.3745341 0.3200554 0.2379863 0.2603243 0.4798164 0.2836439 
Neam       0.2252552 0.2547459 0.2739459 0.2537201 0.0000000 0.2309106 0.1886019 0.2097233 0.2115295 0.2727192 0.0064509 0.3139486 0.1685215 
RuprSFB    0.2798832 0.3453560 0.2333418 0.3936716 0.2309106 0.0000000 0.2968167 0.2418757 0.2188148 0.3425524 0.2348806 0.3188292 0.2260366 
Retr       0.2402753 0.3380525 0.3096431 0.3466011 0.1886019 0.2968167 0.0000000 0.2702394 0.3348543 0.3055184 0.1849900 0.1964679 0.2139506 
Beta       0.2321991 0.2963209 0.2556547 0.3745341 0.2097233 0.2418757 0.2702394 0.0000000 0.0573170 0.3188393 0.2131430 0.3499197 0.2137087 
Spol       0.2092763 0.2163679 0.2216199 0.3200554 0.2115295 0.2188148 0.3348543 0.0573170 0.0000000 0.2619421 0.2140702 0.3277649 0.1857912 
MJM1652    0.3866803 0.1852881 0.3679114 0.2379863 0.2727192 0.3425524 0.3055184 0.3188393 0.2619421 0.0000000 0.2707586 0.3922894 0.2995376 
NepSFB     0.2288666 0.2562441 0.2685632 0.2603243 0.0064509 0.2348806 0.1849900 0.2131430 0.2140702 0.2707586 0.0000000 0.3188329 0.1664328 
WPYJ       0.3792861 0.4486524 0.3556413 0.4798164 0.3139486 0.3188292 0.1964679 0.3499197 0.3277649 0.3922894 0.3188329 0.0000000 0.3110627 
MJM2940    0.1890336 0.2843729 0.2398775 0.2836439 0.1685215 0.2260366 0.2139506 0.2137087 0.1857912 0.2995376 0.1664328 0.3110627 0.0000000 
