13
DrolusSFB  0.0000000 0.3310734 0.3677502 0.3769269 0.2410725 0.3444837 0.2985725 0.3786568 0.3940498 0.3306443 0.2384449 0.3913558 0.1731303 
Dino       0.3310734 0.0000000 0.4040781 0.2472064 0.2816849 0.3915668 0.3376067 0.4344408 0.4428916 0.1691156 0.2755878 0.4278658 0.2665177 
MJM3360    0.3677502 0.4040781 0.0000000 0.4569356 0.3391392 0.3024707 0.3908263 0.4455190 0.4566601 0.4269798 0.3297342 0.4560773 0.3185896 
DrobinSFB  0.3769269 0.2472064 0.4569356 0.0000000 0.3232872 0.4176619 0.3530339 0.4655562 0.4603864 0.2531277 0.3170436 0.4462488 0.3205474 
Neam       0.2410725 0.2816849 0.3391392 0.3232872 0.0000000 0.3110894 0.3129199 0.3623019 0.3753117 0.3001903 0.0135813 0.3886403 0.1812458 
RuprSFB    0.3444837 0.3915668 0.3024707 0.4176619 0.3110894 0.0000000 0.3073026 0.3941150 0.4116136 0.4087077 0.3032424 0.3899678 0.2906331 
Retr       0.2985725 0.3376067 0.3908263 0.3530339 0.3129199 0.3073026 0.0000000 0.3419572 0.3311603 0.3669682 0.3080614 0.1802791 0.2953336 
Beta       0.3786568 0.4344408 0.4455190 0.4655562 0.3623019 0.3941150 0.3419572 0.0000000 0.1356032 0.4431169 0.3515527 0.4855628 0.3401083 
Spol       0.3940498 0.4428916 0.4566601 0.4603864 0.3753117 0.4116136 0.3311603 0.1356032 0.0000000 0.4462378 0.3686657 0.4572974 0.3477258 
MJM1652    0.3306443 0.1691156 0.4269798 0.2531277 0.3001903 0.4087077 0.3669682 0.4431169 0.4462378 0.0000000 0.2961244 0.4588787 0.2586662 
NepSFB     0.2384449 0.2755878 0.3297342 0.3170436 0.0135813 0.3032424 0.3080614 0.3515527 0.3686657 0.2961244 0.0000000 0.3806220 0.1772547 
WPYJ       0.3913558 0.4278658 0.4560773 0.4462488 0.3886403 0.3899678 0.1802791 0.4855628 0.4572974 0.4588787 0.3806220 0.0000000 0.3694785 
MJM2940    0.1731303 0.2665177 0.3185896 0.3205474 0.1812458 0.2906331 0.2953336 0.3401083 0.3477258 0.2586662 0.1772547 0.3694785 0.0000000 
