13
DrolusSFB  0.0000000 0.2858399 0.3334115 0.3133847 0.2496727 0.2970751 0.3546588 0.3405011 0.3600306 0.3587070 0.2485675 0.3387591 0.2085330 
Dino       0.2858399 0.0000000 0.3355786 0.1865691 0.2692443 0.2995668 0.4152209 0.3422097 0.3621665 0.1998965 0.2743999 0.4195064 0.2617614 
MJM3360    0.3334115 0.3355786 0.0000000 0.3402684 0.3205322 0.2979027 0.3542157 0.3305752 0.3303011 0.4343244 0.3239965 0.3889893 0.3014153 
DrobinSFB  0.3133847 0.1865691 0.3402684 0.0000000 0.2775960 0.3183930 0.3819492 0.3294400 0.3435133 0.2456201 0.2844460 0.4012019 0.3003043 
Neam       0.2496727 0.2692443 0.3205322 0.2775960 0.0000000 0.2713271 0.3213615 0.3213344 0.3426984 0.3526724 0.0116697 0.3259249 0.1989879 
RuprSFB    0.2970751 0.2995668 0.2979027 0.3183930 0.2713271 0.0000000 0.3391524 0.3101997 0.3092146 0.3552572 0.2778575 0.3371298 0.2997659 
Retr       0.3546588 0.4152209 0.3542157 0.3819492 0.3213615 0.3391524 0.0000000 0.3873031 0.3552475 0.4615762 0.3311616 0.2074169 0.3051575 
Beta       0.3405011 0.3422097 0.3305752 0.3294400 0.3213344 0.3101997 0.3873031 0.0000000 0.1590765 0.4437522 0.3160729 0.3606324 0.3371702 
Spol       0.3600306 0.3621665 0.3303011 0.3435133 0.3426984 0.3092146 0.3552475 0.1590765 0.0000000 0.4360123 0.3537925 0.3560179 0.3194004 
MJM1652    0.3587070 0.1998965 0.4343244 0.2456201 0.3526724 0.3552572 0.4615762 0.4437522 0.4360123 0.0000000 0.3672634 0.4684512 0.3511994 
NepSFB     0.2485675 0.2743999 0.3239965 0.2844460 0.0116697 0.2778575 0.3311616 0.3160729 0.3537925 0.3672634 0.0000000 0.3377402 0.2058314 
WPYJ       0.3387591 0.4195064 0.3889893 0.4012019 0.3259249 0.3371298 0.2074169 0.3606324 0.3560179 0.4684512 0.3377402 0.0000000 0.3241613 
MJM2940    0.2085330 0.2617614 0.3014153 0.3003043 0.1989879 0.2997659 0.3051575 0.3371702 0.3194004 0.3511994 0.2058314 0.3241613 0.0000000 
