13
DrolusSFB  0.0000000 0.3541140 0.4162548 0.3629389 0.2774585 0.3578736 0.3694109 0.4179181 0.3863819 0.3744592 0.2784553 0.4000605 0.1945327 
Dino       0.3541140 0.0000000 0.4331318 0.1962635 0.3133987 0.4097192 0.3931993 0.4554289 0.4241539 0.1852049 0.3236321 0.3700409 0.3217503 
MJM3360    0.4162548 0.4331318 0.0000000 0.4298247 0.3772122 0.3505226 0.4270459 0.4244239 0.4003135 0.4320897 0.3853279 0.4213282 0.3506659 
DrobinSFB  0.3629389 0.1962635 0.4298247 0.0000000 0.2965761 0.4338039 0.4682354 0.4735839 0.4405517 0.2352115 0.3018298 0.4356225 0.3226089 
Neam       0.2774585 0.3133987 0.3772122 0.2965761 0.0000000 0.3180453 0.3307061 0.3677991 0.3305811 0.3537411 0.0092678 0.3582607 0.2172829 
RuprSFB    0.3578736 0.4097192 0.3505226 0.4338039 0.3180453 0.0000000 0.3753180 0.3746634 0.3528764 0.4159409 0.3239549 0.3689307 0.3283402 
Retr       0.3694109 0.3931993 0.4270459 0.4682354 0.3307061 0.3753180 0.0000000 0.3486781 0.3324955 0.4521620 0.3362218 0.1967464 0.3200277 
Beta       0.4179181 0.4554289 0.4244239 0.4735839 0.3677991 0.3746634 0.3486781 0.0000000 0.1207453 0.4563397 0.3731090 0.3478431 0.3697124 
Spol       0.3863819 0.4241539 0.4003135 0.4405517 0.3305811 0.3528764 0.3324955 0.1207453 0.0000000 0.4418533 0.3353778 0.3412541 0.3537660 
MJM1652    0.3744592 0.1852049 0.4320897 0.2352115 0.3537411 0.4159409 0.4521620 0.4563397 0.4418533 0.0000000 0.3623341 0.4031894 0.3649135 
NepSFB     0.2784553 0.3236321 0.3853279 0.3018298 0.0092678 0.3239549 0.3362218 0.3731090 0.3353778 0.3623341 0.0000000 0.3610093 0.2220651 
WPYJ       0.4000605 0.3700409 0.4213282 0.4356225 0.3582607 0.3689307 0.1967464 0.3478431 0.3412541 0.4031894 0.3610093 0.0000000 0.3374506 
MJM2940    0.1945327 0.3217503 0.3506659 0.3226089 0.2172829 0.3283402 0.3200277 0.3697124 0.3537660 0.3649135 0.2220651 0.3374506 0.0000000 
