13
DrolusSFB  0.0000000 0.2946711 0.3958741 0.2725173 0.2381491 0.3085881 0.2699059 0.3046064 0.3350502 0.3103333 0.2438601 0.2902532 0.1928576 
Dino       0.2946711 0.0000000 0.3520734 0.1639556 0.2276215 0.2766699 0.2483122 0.2840207 0.2872917 0.1466284 0.2363855 0.2977817 0.2709504 
MJM3360    0.3958741 0.3520734 0.0000000 0.3894544 0.3322788 0.2789583 0.3538159 0.3850354 0.4068465 0.3936819 0.3366955 0.4012201 0.3547755 
DrobinSFB  0.2725173 0.1639556 0.3894544 0.0000000 0.2139216 0.3075995 0.3099010 0.3379638 0.3231176 0.2111157 0.2155798 0.3275529 0.2390191 
Neam       0.2381491 0.2276215 0.3322788 0.2139216 0.0000000 0.2530257 0.2374834 0.2608382 0.2708429 0.2695024 0.0157055 0.2750419 0.2060679 
RuprSFB    0.3085881 0.2766699 0.2789583 0.3075995 0.2530257 0.0000000 0.2774326 0.3117855 0.3155921 0.3034825 0.2616158 0.3056659 0.3325749 
Retr       0.2699059 0.2483122 0.3538159 0.3099010 0.2374834 0.2774326 0.0000000 0.3123441 0.3235616 0.3152934 0.2412492 0.1679693 0.2714713 
Beta       0.3046064 0.2840207 0.3850354 0.3379638 0.2608382 0.3117855 0.3123441 0.0000000 0.0938103 0.3518802 0.2678911 0.3151842 0.2808778 
Spol       0.3350502 0.2872917 0.4068465 0.3231176 0.2708429 0.3155921 0.3235616 0.0938103 0.0000000 0.3511786 0.2798113 0.3316384 0.3148681 
MJM1652    0.3103333 0.1466284 0.3936819 0.2111157 0.2695024 0.3034825 0.3152934 0.3518802 0.3511786 0.0000000 0.2740393 0.3174947 0.3337540 
NepSFB     0.2438601 0.2363855 0.3366955 0.2155798 0.0157055 0.2616158 0.2412492 0.2678911 0.2798113 0.2740393 0.0000000 0.2790202 0.2028849 
WPYJ       0.2902532 0.2977817 0.4012201 0.3275529 0.2750419 0.3056659 0.1679693 0.3151842 0.3316384 0.3174947 0.2790202 0.0000000 0.3036801 
MJM2940    0.1928576 0.2709504 0.3547755 0.2390191 0.2060679 0.3325749 0.2714713 0.2808778 0.3148681 0.3337540 0.2028849 0.3036801 0.0000000 
