13
DrolusSFB  0.0000000 0.2641291 0.2889200 0.3166858 0.2298689 0.2803332 0.3081349 0.2922458 0.2974588 0.3475885 0.2326710 0.3265120 0.1632957 
Dino       0.2641291 0.0000000 0.3082960 0.1680152 0.1984543 0.3001952 0.3109120 0.3045844 0.3187130 0.1759717 0.2039385 0.3174561 0.2287356 
MJM3360    0.2889200 0.3082960 0.0000000 0.3399418 0.2972398 0.2603970 0.3626978 0.3286080 0.3447305 0.3697839 0.2987828 0.3717915 0.2911032 
DrobinSFB  0.3166858 0.1680152 0.3399418 0.0000000 0.2581290 0.3431778 0.3874562 0.3710847 0.3804779 0.2387434 0.2622366 0.3619281 0.2740794 
Neam       0.2298689 0.1984543 0.2972398 0.2581290 0.0000000 0.2927544 0.2931191 0.2806517 0.2993870 0.2919820 0.0104742 0.2855169 0.1911492 
RuprSFB    0.2803332 0.3001952 0.2603970 0.3431778 0.2927544 0.0000000 0.3210676 0.3261646 0.3481651 0.3544862 0.2974939 0.3270347 0.2735295 
Retr       0.3081349 0.3109120 0.3626978 0.3874562 0.2931191 0.3210676 0.0000000 0.3089310 0.3322996 0.3804263 0.2968723 0.1625097 0.2849883 
Beta       0.2922458 0.3045844 0.3286080 0.3710847 0.2806517 0.3261646 0.3089310 0.0000000 0.1008206 0.3956075 0.2852748 0.3478675 0.2727093 
Spol       0.2974588 0.3187130 0.3447305 0.3804779 0.2993870 0.3481651 0.3322996 0.1008206 0.0000000 0.4022143 0.3039858 0.3447965 0.2820609 
MJM1652    0.3475885 0.1759717 0.3697839 0.2387434 0.2919820 0.3544862 0.3804263 0.3956075 0.4022143 0.0000000 0.3012472 0.4168072 0.2956658 
NepSFB     0.2326710 0.2039385 0.2987828 0.2622366 0.0104742 0.2974939 0.2968723 0.2852748 0.3039858 0.3012472 0.0000000 0.2900034 0.1930890 
WPYJ       0.3265120 0.3174561 0.3717915 0.3619281 0.2855169 0.3270347 0.1625097 0.3478675 0.3447965 0.4168072 0.2900034 0.0000000 0.3033285 
MJM2940    0.1632957 0.2287356 0.2911032 0.2740794 0.1911492 0.2735295 0.2849883 0.2727093 0.2820609 0.2956658 0.1930890 0.3033285 0.0000000 
