13
DrolusSFB  0.0000000 0.4041866 0.3447234 0.4543389 0.3588995 0.3747189 0.3999427 0.4461147 0.4844891 0.4730652 0.3258760 0.5058756 0.2391285 
Dino       0.4041866 0.0000000 0.3592121 0.2442816 0.2804664 0.3896313 0.3270577 0.4355197 0.4439005 0.2060796 0.2651255 0.4961404 0.3207120 
MJM3360    0.3447234 0.3592121 0.0000000 0.3913591 0.2868381 0.2400632 0.3124916 0.3283685 0.3188356 0.3528077 0.2850215 0.3479334 0.2814723 
DrobinSFB  0.4543389 0.2442816 0.3913591 0.0000000 0.3453846 0.4505420 0.4060771 0.4724487 0.4786074 0.2385714 0.3390423 0.5294836 0.3815724 
Neam       0.3588995 0.2804664 0.2868381 0.3453846 0.0000000 0.2964429 0.2877554 0.3612525 0.4100374 0.3448109 0.0115423 0.4685127 0.2600705 
RuprSFB    0.3747189 0.3896313 0.2400632 0.4505420 0.2964429 0.0000000 0.3164207 0.3889926 0.4146571 0.4576604 0.2786292 0.4629137 0.3079869 
Retr       0.3999427 0.3270577 0.3124916 0.4060771 0.2877554 0.3164207 0.0000000 0.3228786 0.3456247 0.4052253 0.2848985 0.2053827 0.3304885 
Beta       0.4461147 0.4355197 0.3283685 0.4724487 0.3612525 0.3889926 0.3228786 0.0000000 0.1416842 0.4998470 0.2954704 0.4322938 0.3512201 
Spol       0.4844891 0.4439005 0.3188356 0.4786074 0.4100374 0.4146571 0.3456247 0.1416842 0.0000000 0.5067122 0.3373076 0.4724279 0.3782296 
MJM1652    0.4730652 0.2060796 0.3528077 0.2385714 0.3448109 0.4576604 0.4052253 0.4998470 0.5067122 0.0000000 0.2932171 0.5731659 0.3733623 
NepSFB     0.3258760 0.2651255 0.2850215 0.3390423 0.0115423 0.2786292 0.2848985 0.2954704 0.3373076 0.2932171 0.0000000 0.3745988 0.2209890 
WPYJ       0.5058756 0.4961404 0.3479334 0.5294836 0.4685127 0.4629137 0.2053827 0.4322938 0.4724279 0.5731659 0.3745988 0.0000000 0.4540297 
MJM2940    0.2391285 0.3207120 0.2814723 0.3815724 0.2600705 0.3079869 0.3304885 0.3512201 0.3782296 0.3733623 0.2209890 0.4540297 0.0000000 
