13
DrolusSFB  0.0000000 0.2897682 0.3083468 0.3146626 0.1876746 0.2691333 0.2072661 0.3650867 0.3149904 0.3143832 0.2008031 0.2442243 0.1372099 
Dino       0.2897682 0.0000000 0.4458393 0.1921656 0.2062890 0.3166711 0.2534168 0.4792476 0.4438561 0.1493450 0.2186632 0.3033927 0.2430397 
MJM3360    0.3083468 0.4458393 0.0000000 0.4546737 0.2861573 0.2713953 0.2493907 0.4626990 0.4245460 0.4316336 0.2977377 0.3374630 0.3136384 
DrobinSFB  0.3146626 0.1921656 0.4546737 0.0000000 0.2260630 0.2933259 0.2811269 0.4334948 0.3832336 0.2059400 0.2363524 0.2761573 0.2532490 
Neam       0.1876746 0.2062890 0.2861573 0.2260630 0.0000000 0.2246827 0.1611789 0.3396436 0.2918679 0.2100800 0.0108117 0.2089730 0.1586612 
RuprSFB    0.2691333 0.3166711 0.2713953 0.2933259 0.2246827 0.0000000 0.2054964 0.4071786 0.3232925 0.3263475 0.2339408 0.3144962 0.2651678 
Retr       0.2072661 0.2534168 0.2493907 0.2811269 0.1611789 0.2054964 0.0000000 0.3537186 0.3094588 0.3259253 0.1615310 0.1217734 0.2056054 
Beta       0.3650867 0.4792476 0.4626990 0.4334948 0.3396436 0.4071786 0.3537186 0.0000000 0.1190946 0.5082650 0.3515850 0.3588923 0.3410478 
Spol       0.3149904 0.4438561 0.4245460 0.3832336 0.2918679 0.3232925 0.3094588 0.1190946 0.0000000 0.4690782 0.3079732 0.3428228 0.2788289 
MJM1652    0.3143832 0.1493450 0.4316336 0.2059400 0.2100800 0.3263475 0.3259253 0.5082650 0.4690782 0.0000000 0.2163999 0.3042097 0.2894421 
NepSFB     0.2008031 0.2186632 0.2977377 0.2363524 0.0108117 0.2339408 0.1615310 0.3515850 0.3079732 0.2163999 0.0000000 0.2104973 0.1704973 
WPYJ       0.2442243 0.3033927 0.3374630 0.2761573 0.2089730 0.3144962 0.1217734 0.3588923 0.3428228 0.3042097 0.2104973 0.0000000 0.3041656 
MJM2940    0.1372099 0.2430397 0.3136384 0.2532490 0.1586612 0.2651678 0.2056054 0.3410478 0.2788289 0.2894421 0.1704973 0.3041656 0.0000000 
