13
DrolusSFB  0.0000000 0.3882552 0.3804381 0.4421306 0.3176500 0.4370244 0.3976954 0.4414291 0.4507144 0.4380553 0.3176689 0.3864639 0.2323772 
Dino       0.3882552 0.0000000 0.3690914 0.2709305 0.2694272 0.4169204 0.3692033 0.4388889 0.4414351 0.2031331 0.2773265 0.3133894 0.3200939 
MJM3360    0.3804381 0.3690914 0.0000000 0.3962988 0.3113135 0.2494290 0.3682881 0.3244244 0.3312456 0.4105851 0.3146480 0.3244963 0.3199586 
DrobinSFB  0.4421306 0.2709305 0.3962988 0.0000000 0.3335914 0.4677856 0.4488202 0.4734224 0.4860215 0.3240215 0.3393652 0.3506859 0.3374350 
Neam       0.3176500 0.2694272 0.3113135 0.3335914 0.0000000 0.3306949 0.3100571 0.3424277 0.3514753 0.3307831 0.0150077 0.2748041 0.2355671 
RuprSFB    0.4370244 0.4169204 0.2494290 0.4677856 0.3306949 0.0000000 0.3487889 0.3872435 0.3853495 0.4568619 0.3332640 0.3115821 0.3438649 
Retr       0.3976954 0.3692033 0.3682881 0.4488202 0.3100571 0.3487889 0.0000000 0.3480107 0.3494452 0.4469569 0.3151091 0.1876442 0.3334239 
Beta       0.4414291 0.4388889 0.3244244 0.4734224 0.3424277 0.3872435 0.3480107 0.0000000 0.1233702 0.4689380 0.3439019 0.2979437 0.3754607 
Spol       0.4507144 0.4414351 0.3312456 0.4860215 0.3514753 0.3853495 0.3494452 0.1233702 0.0000000 0.4820664 0.3514525 0.3148661 0.3779352 
MJM1652    0.4380553 0.2031331 0.4105851 0.3240215 0.3307831 0.4568619 0.4469569 0.4689380 0.4820664 0.0000000 0.3378939 0.3615139 0.3511083 
NepSFB     0.3176689 0.2773265 0.3146480 0.3393652 0.0150077 0.3332640 0.3151091 0.3439019 0.3514525 0.3378939 0.0000000 0.2831128 0.2325072 
WPYJ       0.3864639 0.3133894 0.3244963 0.3506859 0.2748041 0.3115821 0.1876442 0.2979437 0.3148661 0.3615139 0.2831128 0.0000000 0.2867654 
MJM2940    0.2323772 0.3200939 0.3199586 0.3374350 0.2355671 0.3438649 0.3334239 0.3754607 0.3779352 0.3511083 0.2325072 0.2867654 0.0000000 
