13
DrolusSFB  0.0000000 0.3015950 0.4532941 0.3139431 0.2922831 0.3995806 0.3640816 0.4401818 0.4310394 0.3652820 0.2914783 0.3711052 0.1830734 
Dino       0.3015950 0.0000000 0.4689232 0.1600233 0.2625605 0.4184792 0.3766196 0.4680948 0.4570005 0.1802015 0.2702739 0.3945517 0.2581109 
MJM3360    0.4532941 0.4689232 0.0000000 0.4808481 0.4487805 0.3641917 0.4958032 0.5490008 0.5124871 0.5162519 0.4470206 0.4977974 0.3933462 
DrobinSFB  0.3139431 0.1600233 0.4808481 0.0000000 0.2930303 0.4248691 0.4112542 0.4766585 0.4498577 0.2184903 0.3021037 0.4212223 0.2850930 
Neam       0.2922831 0.2625605 0.4487805 0.2930303 0.0000000 0.3794844 0.3445020 0.4142311 0.4168764 0.3262857 0.0145458 0.3806808 0.2463210 
RuprSFB    0.3995806 0.4184792 0.3641917 0.4248691 0.3794844 0.0000000 0.3740636 0.4886634 0.4650795 0.4638543 0.3700328 0.3797590 0.3334405 
Retr       0.3640816 0.3766196 0.4958032 0.4112542 0.3445020 0.3740636 0.0000000 0.4707208 0.4749782 0.4522679 0.3374625 0.2181647 0.3182475 
Beta       0.4401818 0.4680948 0.5490008 0.4766585 0.4142311 0.4886634 0.4707208 0.0000000 0.1629198 0.5075821 0.4222709 0.4192776 0.4106155 
Spol       0.4310394 0.4570005 0.5124871 0.4498577 0.4168764 0.4650795 0.4749782 0.1629198 0.0000000 0.5137438 0.4304607 0.4240089 0.4202555 
MJM1652    0.3652820 0.1802015 0.5162519 0.2184903 0.3262857 0.4638543 0.4522679 0.5075821 0.5137438 0.0000000 0.3363737 0.4672879 0.3188994 
NepSFB     0.2914783 0.2702739 0.4470206 0.3021037 0.0145458 0.3700328 0.3374625 0.4222709 0.4304607 0.3363737 0.0000000 0.3884321 0.2533282 
WPYJ       0.3711052 0.3945517 0.4977974 0.4212223 0.3806808 0.3797590 0.2181647 0.4192776 0.4240089 0.4672879 0.3884321 0.0000000 0.3397519 
MJM2940    0.1830734 0.2581109 0.3933462 0.2850930 0.2463210 0.3334405 0.3182475 0.4106155 0.4202555 0.3188994 0.2533282 0.3397519 0.0000000 
