13
DrolusSFB  0.0000000 0.4782735 0.6683396 0.4960076 0.3957996 0.5445339 0.5537063 0.4888384 0.4850626 0.5208384 0.4046954 0.5170817 0.2515517 
Dino       0.4782735 0.0000000 0.6814662 0.2995013 0.4336665 0.5906602 0.6738352 0.5423184 0.5218796 0.2737403 0.4387186 0.6102562 0.4261844 
MJM3360    0.6683396 0.6814662 0.0000000 0.7563730 0.6678767 0.5750591 0.7762460 0.6418592 0.6893974 0.7548089 0.6776581 0.7420667 0.5963574 
DrobinSFB  0.4960076 0.2995013 0.7563730 0.0000000 0.4557567 0.6251577 0.6494343 0.5306762 0.5183060 0.3398383 0.4579362 0.5296564 0.4571583 
Neam       0.3957996 0.4336665 0.6678767 0.4557567 0.0000000 0.4921229 0.5411260 0.4629858 0.4560087 0.4751122 0.0190967 0.5502452 0.3247189 
RuprSFB    0.5445339 0.5906602 0.5750591 0.6251577 0.4921229 0.0000000 0.5878419 0.4557980 0.5062707 0.6444691 0.4960894 0.5432883 0.4416902 
Retr       0.5537063 0.6738352 0.7762460 0.6494343 0.5411260 0.5878419 0.0000000 0.4548725 0.4434990 0.7015920 0.5516043 0.2935087 0.4558842 
Beta       0.4888384 0.5423184 0.6418592 0.5306762 0.4629858 0.4557980 0.4548725 0.0000000 0.1632841 0.5943637 0.4792465 0.4486103 0.4036116 
Spol       0.4850626 0.5218796 0.6893974 0.5183060 0.4560087 0.5062707 0.4434990 0.1632841 0.0000000 0.5893808 0.4738981 0.4648196 0.3929889 
MJM1652    0.5208384 0.2737403 0.7548089 0.3398383 0.4751122 0.6444691 0.7015920 0.5943637 0.5893808 0.0000000 0.4973474 0.5330564 0.4714329 
NepSFB     0.4046954 0.4387186 0.6776581 0.4579362 0.0190967 0.4960894 0.5516043 0.4792465 0.4738981 0.4973474 0.0000000 0.5790577 0.3370783 
WPYJ       0.5170817 0.6102562 0.7420667 0.5296564 0.5502452 0.5432883 0.2935087 0.4486103 0.4648196 0.5330564 0.5790577 0.0000000 0.4373223 
MJM2940    0.2515517 0.4261844 0.5963574 0.4571583 0.3247189 0.4416902 0.4558842 0.4036116 0.3929889 0.4714329 0.3370783 0.4373223 0.0000000 
