13
DrolusSFB  0.0000000 0.2368292 0.3365528 0.2731452 0.1691611 0.2773158 0.2675055 0.3567414 0.3275614 0.2151782 0.1771414 0.2128393 0.1612101 
Dino       0.2368292 0.0000000 0.3597473 0.1973171 0.2057603 0.3306597 0.3025839 0.4009061 0.3572853 0.1367795 0.2263206 0.2395388 0.2293610 
MJM3360    0.3365528 0.3597473 0.0000000 0.4279721 0.2989644 0.2490760 0.3961241 0.3933365 0.3650300 0.3785106 0.3047486 0.3540318 0.3434925 
DrobinSFB  0.2731452 0.1973171 0.4279721 0.0000000 0.2184233 0.3376409 0.3212274 0.3975555 0.3816244 0.1400785 0.2368482 0.2907239 0.2568116 
Neam       0.1691611 0.2057603 0.2989644 0.2184233 0.0000000 0.2693677 0.2574915 0.3831087 0.3534174 0.1778935 0.0196555 0.2249432 0.1532517 
RuprSFB    0.2773158 0.3306597 0.2490760 0.3376409 0.2693677 0.0000000 0.2906709 0.3395601 0.3463762 0.2979083 0.2814129 0.2677954 0.3050349 
Retr       0.2675055 0.3025839 0.3961241 0.3212274 0.2574915 0.2906709 0.0000000 0.3335475 0.3104542 0.3128220 0.2734097 0.1519568 0.2833838 
Beta       0.3567414 0.4009061 0.3933365 0.3975555 0.3831087 0.3395601 0.3335475 0.0000000 0.1059137 0.3274789 0.3842350 0.2926768 0.3824118 
Spol       0.3275614 0.3572853 0.3650300 0.3816244 0.3534174 0.3463762 0.3104542 0.1059137 0.0000000 0.2977369 0.3514907 0.2628148 0.3409114 
MJM1652    0.2151782 0.1367795 0.3785106 0.1400785 0.1778935 0.2979083 0.3128220 0.3274789 0.2977369 0.0000000 0.1944098 0.2575176 0.2081984 
NepSFB     0.1771414 0.2263206 0.3047486 0.2368482 0.0196555 0.2814129 0.2734097 0.3842350 0.3514907 0.1944098 0.0000000 0.2475110 0.1668060 
WPYJ       0.2128393 0.2395388 0.3540318 0.2907239 0.2249432 0.2677954 0.1519568 0.2926768 0.2628148 0.2575176 0.2475110 0.0000000 0.2697667 
MJM2940    0.1612101 0.2293610 0.3434925 0.2568116 0.1532517 0.3050349 0.2833838 0.3824118 0.3409114 0.2081984 0.1668060 0.2697667 0.0000000 
