13
DrolusSFB  0.0000000 0.3217856 0.4002213 0.3286513 0.2735759 0.4074750 0.3859943 0.3934701 0.3940808 0.3472271 0.2750374 0.4702314 0.2001500 
Dino       0.3217856 0.0000000 0.3931558 0.1882677 0.2453159 0.3466933 0.3988610 0.3873854 0.3721360 0.1537512 0.2550980 0.5163041 0.2644593 
MJM3360    0.4002213 0.3931558 0.0000000 0.4343562 0.3494169 0.3772478 0.4329342 0.3691260 0.3727328 0.4364543 0.3716226 0.5080422 0.3598823 
DrobinSFB  0.3286513 0.1882677 0.4343562 0.0000000 0.2753080 0.4066729 0.4212343 0.4377397 0.4492660 0.1733491 0.2799430 0.5261560 0.3075141 
Neam       0.2735759 0.2453159 0.3494169 0.2753080 0.0000000 0.2945480 0.3525377 0.3178892 0.3211201 0.2523366 0.0200708 0.3919515 0.1858168 
RuprSFB    0.4074750 0.3466933 0.3772478 0.4066729 0.2945480 0.0000000 0.3693875 0.3588755 0.3413595 0.3419468 0.3111313 0.4594349 0.3104224 
Retr       0.3859943 0.3988610 0.4329342 0.4212343 0.3525377 0.3693875 0.0000000 0.4178170 0.3901139 0.4044758 0.3695197 0.2771492 0.3305197 
Beta       0.3934701 0.3873854 0.3691260 0.4377397 0.3178892 0.3588755 0.4178170 0.0000000 0.1373192 0.3744072 0.3290473 0.3928032 0.3212987 
Spol       0.3940808 0.3721360 0.3727328 0.4492660 0.3211201 0.3413595 0.3901139 0.1373192 0.0000000 0.3937981 0.3419596 0.4107259 0.3226714 
MJM1652    0.3472271 0.1537512 0.4364543 0.1733491 0.2523366 0.3419468 0.4044758 0.3744072 0.3937981 0.0000000 0.2618075 0.5032295 0.3115411 
NepSFB     0.2750374 0.2550980 0.3716226 0.2799430 0.0200708 0.3111313 0.3695197 0.3290473 0.3419596 0.2618075 0.0000000 0.4219458 0.1855186 
WPYJ       0.4702314 0.5163041 0.5080422 0.5261560 0.3919515 0.4594349 0.2771492 0.3928032 0.4107259 0.5032295 0.4219458 0.0000000 0.4014825 
MJM2940    0.2001500 0.2644593 0.3598823 0.3075141 0.1858168 0.3104224 0.3305197 0.3212987 0.3226714 0.3115411 0.1855186 0.4014825 0.0000000 
