13
DrolusSFB  0.0000000 0.2858300 0.4971199 0.3284714 0.2613780 0.3971538 0.3025419 0.4133444 0.3698669 0.3104883 0.2365513 0.3435340 0.1893516 
Dino       0.2858300 0.0000000 0.4734639 0.2046983 0.2466970 0.3921971 0.3210795 0.4023701 0.3318838 0.1755741 0.2168290 0.3226651 0.2198428 
MJM3360    0.4971199 0.4734639 0.0000000 0.4882066 0.4499118 0.4089366 0.4409382 0.5520924 0.5212751 0.4865892 0.4297793 0.4554979 0.4566540 
DrobinSFB  0.3284714 0.2046983 0.4882066 0.0000000 0.2657562 0.4354488 0.3607667 0.4465699 0.4038002 0.2224322 0.2459680 0.3722789 0.2961456 
Neam       0.2613780 0.2466970 0.4499118 0.2657562 0.0000000 0.3748299 0.2994639 0.3674454 0.3147262 0.2585765 0.0052825 0.2920359 0.2338007 
RuprSFB    0.3971538 0.3921971 0.4089366 0.4354488 0.3748299 0.0000000 0.4053691 0.4532786 0.4053741 0.4062374 0.3404527 0.3862875 0.3803808 
Retr       0.3025419 0.3210795 0.4409382 0.3607667 0.2994639 0.4053691 0.0000000 0.3772748 0.3418496 0.3584763 0.2729865 0.1681385 0.2980995 
Beta       0.4133444 0.4023701 0.5520924 0.4465699 0.3674454 0.4532786 0.3772748 0.0000000 0.1176958 0.4384965 0.3085162 0.3882379 0.3432799 
Spol       0.3698669 0.3318838 0.5212751 0.4038002 0.3147262 0.4053741 0.3418496 0.1176958 0.0000000 0.4041945 0.2658693 0.3465785 0.3162661 
MJM1652    0.3104883 0.1755741 0.4865892 0.2224322 0.2585765 0.4062374 0.3584763 0.4384965 0.4041945 0.0000000 0.2264002 0.3491615 0.2712253 
NepSFB     0.2365513 0.2168290 0.4297793 0.2459680 0.0052825 0.3404527 0.2729865 0.3085162 0.2658693 0.2264002 0.0000000 0.3024342 0.2084226 
WPYJ       0.3435340 0.3226651 0.4554979 0.3722789 0.2920359 0.3862875 0.1681385 0.3882379 0.3465785 0.3491615 0.3024342 0.0000000 0.2896760 
MJM2940    0.1893516 0.2198428 0.4566540 0.2961456 0.2338007 0.3803808 0.2980995 0.3432799 0.3162661 0.2712253 0.2084226 0.2896760 0.0000000 
