13
DrolusSFB  0.0000000 0.2385527 0.3003816 0.2909146 0.2359639 0.3206948 0.3455250 0.2767679 0.2764823 0.4824171 0.2583744 0.4136832 0.1458133 
Dino       0.2385527 0.0000000 0.2963508 0.1742997 0.2198299 0.2999097 0.3213291 0.2841663 0.3150258 0.1969137 0.2354930 0.3888943 0.2210882 
MJM3360    0.3003816 0.2963508 0.0000000 0.3254087 0.2939554 0.2342570 0.3925807 0.3576699 0.3709395 0.5006267 0.3170676 0.4695356 0.2632694 
DrobinSFB  0.2909146 0.1742997 0.3254087 0.0000000 0.2737982 0.3503426 0.4070307 0.3430215 0.3402781 0.2882842 0.2928756 0.4512284 0.2617038 
Neam       0.2359639 0.2198299 0.2939554 0.2737982 0.0000000 0.2761101 0.3303167 0.2641377 0.2972006 0.3506963 0.0174663 0.4192406 0.1778365 
RuprSFB    0.3206948 0.2999097 0.2342570 0.3503426 0.2761101 0.0000000 0.3217155 0.2937976 0.3431098 0.4182424 0.3004996 0.3887809 0.2952080 
Retr       0.3455250 0.3213291 0.3925807 0.4070307 0.3303167 0.3217155 0.0000000 0.3801234 0.3485258 0.6807980 0.3710632 0.2209567 0.2705753 
Beta       0.2767679 0.2841663 0.3576699 0.3430215 0.2641377 0.2937976 0.3801234 0.0000000 0.1016354 0.5541330 0.2932901 0.4345808 0.2792642 
Spol       0.2764823 0.3150258 0.3709395 0.3402781 0.2972006 0.3431098 0.3485258 0.1016354 0.0000000 0.5720458 0.3308479 0.4222955 0.2759502 
MJM1652    0.4824171 0.1969137 0.5006267 0.2882842 0.3506963 0.4182424 0.6807980 0.5541330 0.5720458 0.0000000 0.3697736 0.5360178 0.3705157 
NepSFB     0.2583744 0.2354930 0.3170676 0.2928756 0.0174663 0.3004996 0.3710632 0.2932901 0.3308479 0.3697736 0.0000000 0.4556331 0.1964410 
WPYJ       0.4136832 0.3888943 0.4695356 0.4512284 0.4192406 0.3887809 0.2209567 0.4345808 0.4222955 0.5360178 0.4556331 0.0000000 0.3854596 
MJM2940    0.1458133 0.2210882 0.2632694 0.2617038 0.1778365 0.2952080 0.2705753 0.2792642 0.2759502 0.3705157 0.1964410 0.3854596 0.0000000 
