13
DrolusSFB  0.0000000 0.3004450 0.3425787 0.3290772 0.2976356 0.3164803 0.3764134 0.3251401 0.3040618 0.3869278 0.3109130 0.3784465 0.1975040 
Dino       0.3004450 0.0000000 0.4139673 0.1782541 0.2990221 0.3351684 0.3841358 0.3571659 0.3678159 0.2048274 0.3122863 0.4070632 0.2676883 
MJM3360    0.3425787 0.4139673 0.0000000 0.4788647 0.3312488 0.2463238 0.4012586 0.3386701 0.3517829 0.4591179 0.3362680 0.3106374 0.3033679 
DrobinSFB  0.3290772 0.1782541 0.4788647 0.0000000 0.3446146 0.3978489 0.4313755 0.4009651 0.3810913 0.2832390 0.3568923 0.4683276 0.3072571 
Neam       0.2976356 0.2990221 0.3312488 0.3446146 0.0000000 0.3054585 0.3356600 0.3157515 0.3069457 0.3730445 0.0119513 0.3835248 0.2454431 
RuprSFB    0.3164803 0.3351684 0.2463238 0.3978489 0.3054585 0.0000000 0.3446420 0.3668138 0.3444653 0.4021233 0.3114925 0.3704899 0.2502517 
Retr       0.3764134 0.3841358 0.4012586 0.4313755 0.3356600 0.3446420 0.0000000 0.3570092 0.3178222 0.4374565 0.3458151 0.1916279 0.3073992 
Beta       0.3251401 0.3571659 0.3386701 0.4009651 0.3157515 0.3668138 0.3570092 0.0000000 0.1220166 0.4440568 0.3378357 0.4009596 0.2909134 
Spol       0.3040618 0.3678159 0.3517829 0.3810913 0.3069457 0.3444653 0.3178222 0.1220166 0.0000000 0.4249978 0.3245446 0.3785495 0.2947610 
MJM1652    0.3869278 0.2048274 0.4591179 0.2832390 0.3730445 0.4021233 0.4374565 0.4440568 0.4249978 0.0000000 0.3838501 0.4700498 0.3189128 
NepSFB     0.3109130 0.3122863 0.3362680 0.3568923 0.0119513 0.3114925 0.3458151 0.3378357 0.3245446 0.3838501 0.0000000 0.3850292 0.2527036 
WPYJ       0.3784465 0.4070632 0.3106374 0.4683276 0.3835248 0.3704899 0.1916279 0.4009596 0.3785495 0.4700498 0.3850292 0.0000000 0.3425095 
MJM2940    0.1975040 0.2676883 0.3033679 0.3072571 0.2454431 0.2502517 0.3073992 0.2909134 0.2947610 0.3189128 0.2527036 0.3425095 0.0000000 
