13
DrolusSFB  0.0000000 0.2238807 0.2457566 0.2882642 0.1558993 0.1904638 0.1837500 0.2231684 0.2114650 0.1905672 0.1568924 0.1979474 0.1087511 
Dino       0.2238807 0.0000000 0.2912318 0.2159923 0.1930938 0.2754501 0.2559817 0.3038057 0.3109289 0.1131197 0.2033990 0.3294389 0.2373902 
MJM3360    0.2457566 0.2912318 0.0000000 0.2926520 0.2350118 0.1739455 0.2100764 0.2529163 0.2778213 0.2798693 0.2369131 0.2289706 0.2307133 
DrobinSFB  0.2882642 0.2159923 0.2926520 0.0000000 0.2251335 0.2818340 0.2633735 0.3329256 0.3382617 0.2364341 0.2224946 0.3375648 0.2732152 
Neam       0.1558993 0.1930938 0.2350118 0.2251335 0.0000000 0.1943442 0.1677088 0.2099109 0.2106232 0.1941677 0.0093413 0.1897082 0.1405539 
RuprSFB    0.1904638 0.2754501 0.1739455 0.2818340 0.1943442 0.0000000 0.2036346 0.2439199 0.2340434 0.2547892 0.1896526 0.2627331 0.1750498 
Retr       0.1837500 0.2559817 0.2100764 0.2633735 0.1677088 0.2036346 0.0000000 0.2541492 0.2318096 0.2369231 0.1633934 0.1367389 0.1962434 
Beta       0.2231684 0.3038057 0.2529163 0.3329256 0.2099109 0.2439199 0.2541492 0.0000000 0.0842341 0.2648863 0.2219098 0.2318478 0.2864894 
Spol       0.2114650 0.3109289 0.2778213 0.3382617 0.2106232 0.2340434 0.2318096 0.0842341 0.0000000 0.2825432 0.2224489 0.2594287 0.2515506 
MJM1652    0.1905672 0.1131197 0.2798693 0.2364341 0.1941677 0.2547892 0.2369231 0.2648863 0.2825432 0.0000000 0.1955586 0.2797723 0.1924160 
NepSFB     0.1568924 0.2033990 0.2369131 0.2224946 0.0093413 0.1896526 0.1633934 0.2219098 0.2224489 0.1955586 0.0000000 0.1910662 0.1384506 
WPYJ       0.1979474 0.3294389 0.2289706 0.3375648 0.1897082 0.2627331 0.1367389 0.2318478 0.2594287 0.2797723 0.1910662 0.0000000 0.2245012 
MJM2940    0.1087511 0.2373902 0.2307133 0.2732152 0.1405539 0.1750498 0.1962434 0.2864894 0.2515506 0.1924160 0.1384506 0.2245012 0.0000000 
