13
DrolusSFB  0.0000000 0.2618439 0.2637558 0.2890192 0.2375810 0.2764435 0.3051782 0.3045142 0.3167129 0.2308171 0.2328585 0.3409703 0.1653130 
Dino       0.2618439 0.0000000 0.3513850 0.1964684 0.2655888 0.3292486 0.3825805 0.4379549 0.4667708 0.2117531 0.2686729 0.4293730 0.2382579 
MJM3360    0.2637558 0.3513850 0.0000000 0.3679129 0.2759625 0.2504976 0.3108520 0.3790142 0.4150811 0.3058060 0.2758030 0.3830047 0.2480246 
DrobinSFB  0.2890192 0.1964684 0.3679129 0.0000000 0.3020593 0.3575367 0.4113293 0.5077040 0.5001659 0.2575575 0.3082122 0.4747862 0.2787005 
Neam       0.2375810 0.2655888 0.2759625 0.3020593 0.0000000 0.2573987 0.2693186 0.3226449 0.3342444 0.2432949 0.0056363 0.3401263 0.1527362 
RuprSFB    0.2764435 0.3292486 0.2504976 0.3575367 0.2573987 0.0000000 0.2896173 0.3791540 0.4093001 0.3217457 0.2537346 0.3617346 0.2229734 
Retr       0.3051782 0.3825805 0.3108520 0.4113293 0.2693186 0.2896173 0.0000000 0.3567522 0.3872444 0.3319999 0.2704587 0.2400492 0.2713963 
Beta       0.3045142 0.4379549 0.3790142 0.5077040 0.3226449 0.3791540 0.3567522 0.0000000 0.1609326 0.3839170 0.3249013 0.4220989 0.3281108 
Spol       0.3167129 0.4667708 0.4150811 0.5001659 0.3342444 0.4093001 0.3872444 0.1609326 0.0000000 0.4150616 0.3372076 0.4657438 0.3510815 
MJM1652    0.2308171 0.2117531 0.3058060 0.2575575 0.2432949 0.3217457 0.3319999 0.3839170 0.4150616 0.0000000 0.2430940 0.3939822 0.2083225 
NepSFB     0.2328585 0.2686729 0.2758030 0.3082122 0.0056363 0.2537346 0.2704587 0.3249013 0.3372076 0.2430940 0.0000000 0.3415236 0.1545472 
WPYJ       0.3409703 0.4293730 0.3830047 0.4747862 0.3401263 0.3617346 0.2400492 0.4220989 0.4657438 0.3939822 0.3415236 0.0000000 0.3327370 
MJM2940    0.1653130 0.2382579 0.2480246 0.2787005 0.1527362 0.2229734 0.2713963 0.3281108 0.3510815 0.2083225 0.1545472 0.3327370 0.0000000 
