13
DrolusSFB  0.0000000 0.2613993 0.3021559 0.2988554 0.2016867 0.3012216 0.2781355 0.3335329 0.3182930 0.2797282 0.2042587 0.2740308 0.1657977 
Dino       0.2613993 0.0000000 0.2796889 0.1506060 0.2216328 0.2857096 0.2882781 0.3586693 0.3359044 0.1320809 0.2267405 0.2572107 0.2053832 
MJM3360    0.3021559 0.2796889 0.0000000 0.3000705 0.2839690 0.2538055 0.3024051 0.3607687 0.3611436 0.3171838 0.2836116 0.2733294 0.2831786 
DrobinSFB  0.2988554 0.1506060 0.3000705 0.0000000 0.2620483 0.3080516 0.3034190 0.4156493 0.4060021 0.1895335 0.2684465 0.2545140 0.2512930 
Neam       0.2016867 0.2216328 0.2839690 0.2620483 0.0000000 0.2671584 0.2642644 0.3368718 0.3375719 0.2458409 0.0118098 0.2660942 0.1706349 
RuprSFB    0.3012216 0.2857096 0.2538055 0.3080516 0.2671584 0.0000000 0.3184380 0.3704042 0.3156756 0.2993266 0.2685253 0.2705731 0.2610888 
Retr       0.2781355 0.2882781 0.3024051 0.3034190 0.2642644 0.3184380 0.0000000 0.3564925 0.3348953 0.3240486 0.2705884 0.1289704 0.2458791 
Beta       0.3335329 0.3586693 0.3607687 0.4156493 0.3368718 0.3704042 0.3564925 0.0000000 0.1415908 0.3805891 0.3243370 0.3385370 0.3139892 
Spol       0.3182930 0.3359044 0.3611436 0.4060021 0.3375719 0.3156756 0.3348953 0.1415908 0.0000000 0.3569432 0.3265234 0.3613559 0.2914292 
MJM1652    0.2797282 0.1320809 0.3171838 0.1895335 0.2458409 0.2993266 0.3240486 0.3805891 0.3569432 0.0000000 0.2515856 0.3026875 0.2256211 
NepSFB     0.2042587 0.2267405 0.2836116 0.2684465 0.0118098 0.2685253 0.2705884 0.3243370 0.3265234 0.2515856 0.0000000 0.2750796 0.1738704 
WPYJ       0.2740308 0.2572107 0.2733294 0.2545140 0.2660942 0.2705731 0.1289704 0.3385370 0.3613559 0.3026875 0.2750796 0.0000000 0.2426501 
MJM2940    0.1657977 0.2053832 0.2831786 0.2512930 0.1706349 0.2610888 0.2458791 0.3139892 0.2914292 0.2256211 0.1738704 0.2426501 0.0000000 
