13
DrolusSFB  0.0000000 0.2576391 0.3261357 0.2733925 0.2040680 0.2712899 0.2759903 0.2973245 0.3126752 0.2763166 0.1979454 0.2307906 0.1477771 
Dino       0.2576391 0.0000000 0.3509928 0.1447900 0.2086704 0.2874234 0.2875495 0.3099102 0.3163819 0.1245848 0.2037499 0.2365771 0.1929509 
MJM3360    0.3261357 0.3509928 0.0000000 0.3777526 0.3010940 0.2473086 0.3177591 0.3791298 0.4171768 0.3596789 0.2912755 0.3359684 0.2936158 
DrobinSFB  0.2733925 0.1447900 0.3777526 0.0000000 0.2478170 0.3201154 0.3292605 0.3311862 0.3319258 0.1718867 0.2421816 0.2597531 0.2439469 
Neam       0.2040680 0.2086704 0.3010940 0.2478170 0.0000000 0.2676499 0.2288705 0.2621909 0.2884973 0.2269591 0.0087732 0.2323585 0.1536297 
RuprSFB    0.2712899 0.2874234 0.2473086 0.3201154 0.2676499 0.0000000 0.2449381 0.3214658 0.3381209 0.3066798 0.2582330 0.2373187 0.2642067 
Retr       0.2759903 0.2875495 0.3177591 0.3292605 0.2288705 0.2449381 0.0000000 0.2852289 0.2783541 0.3109146 0.2295180 0.1207938 0.2292838 
Beta       0.2973245 0.3099102 0.3791298 0.3311862 0.2621909 0.3214658 0.2852289 0.0000000 0.1105006 0.3296064 0.2594815 0.2395362 0.2576097 
Spol       0.3126752 0.3163819 0.4171768 0.3319258 0.2884973 0.3381209 0.2783541 0.1105006 0.0000000 0.3406491 0.2874516 0.2446399 0.2717613 
MJM1652    0.2763166 0.1245848 0.3596789 0.1718867 0.2269591 0.3066798 0.3109146 0.3296064 0.3406491 0.0000000 0.2214188 0.2504108 0.2121122 
NepSFB     0.1979454 0.2037499 0.2912755 0.2421816 0.0087732 0.2582330 0.2295180 0.2594815 0.2874516 0.2214188 0.0000000 0.2350944 0.1509701 
WPYJ       0.2307906 0.2365771 0.3359684 0.2597531 0.2323585 0.2373187 0.1207938 0.2395362 0.2446399 0.2504108 0.2350944 0.0000000 0.1897720 
MJM2940    0.1477771 0.1929509 0.2936158 0.2439469 0.1536297 0.2642067 0.2292838 0.2576097 0.2717613 0.2121122 0.1509701 0.1897720 0.0000000 
