13
DrolusSFB  0.0000000 0.3077398 0.4169782 0.3916850 0.2760232 0.3792340 0.3840535 0.4425554 0.4646055 0.3427262 0.2676634 0.3995918 0.1724224 
Dino       0.3077398 0.0000000 0.3872517 0.2282645 0.2605068 0.3456983 0.3594690 0.4098612 0.4052818 0.1429414 0.2560105 0.3656709 0.2334687 
MJM3360    0.4169782 0.3872517 0.0000000 0.4445845 0.3446835 0.2937287 0.3776527 0.3961864 0.4215401 0.3769623 0.3443991 0.3830497 0.3511655 
DrobinSFB  0.3916850 0.2282645 0.4445845 0.0000000 0.3293199 0.4295775 0.4299714 0.4679056 0.4655933 0.2851470 0.3253213 0.4171919 0.3163818 
Neam       0.2760232 0.2605068 0.3446835 0.3293199 0.0000000 0.2980068 0.3194581 0.3598899 0.3701846 0.2943598 0.0107584 0.3247832 0.1871568 
RuprSFB    0.3792340 0.3456983 0.2937287 0.4295775 0.2980068 0.0000000 0.3723517 0.3650461 0.4033843 0.3497729 0.2942437 0.3564175 0.2859312 
Retr       0.3840535 0.3594690 0.3776527 0.4299714 0.3194581 0.3723517 0.0000000 0.4207682 0.4388973 0.3839722 0.3151249 0.2099618 0.3192851 
Beta       0.4425554 0.4098612 0.3961864 0.4679056 0.3598899 0.3650461 0.4207682 0.0000000 0.1583411 0.4306554 0.3524853 0.4031365 0.3841830 
Spol       0.4646055 0.4052818 0.4215401 0.4655933 0.3701846 0.4033843 0.4388973 0.1583411 0.0000000 0.4381229 0.3657817 0.4500001 0.3948705 
MJM1652    0.3427262 0.1429414 0.3769623 0.2851470 0.2943598 0.3497729 0.3839722 0.4306554 0.4381229 0.0000000 0.2883081 0.3822240 0.2683453 
NepSFB     0.2676634 0.2560105 0.3443991 0.3253213 0.0107584 0.2942437 0.3151249 0.3524853 0.3657817 0.2883081 0.0000000 0.3185941 0.1850086 
WPYJ       0.3995918 0.3656709 0.3830497 0.4171919 0.3247832 0.3564175 0.2099618 0.4031365 0.4500001 0.3822240 0.3185941 0.0000000 0.3270270 
MJM2940    0.1724224 0.2334687 0.3511655 0.3163818 0.1871568 0.2859312 0.3192851 0.3841830 0.3948705 0.2683453 0.1850086 0.3270270 0.0000000 
