13
DrolusSFB  0.0000000 0.3046882 0.3652504 0.3536573 0.2432847 0.3177815 0.3492498 0.3585310 0.3807049 0.3401159 0.2395201 0.4070490 0.2077097 
Dino       0.3046882 0.0000000 0.3962606 0.2071689 0.2457441 0.3652201 0.3578910 0.3647337 0.3943635 0.1341488 0.2452262 0.4232916 0.2384392 
MJM3360    0.3652504 0.3962606 0.0000000 0.4504656 0.3228268 0.2834162 0.3823324 0.4223161 0.4076603 0.4337992 0.3234709 0.4300451 0.3150722 
DrobinSFB  0.3536573 0.2071689 0.4504656 0.0000000 0.3109750 0.3929085 0.4332383 0.4500943 0.4869870 0.2562737 0.3148871 0.4888720 0.3066984 
Neam       0.2432847 0.2457441 0.3228268 0.3109750 0.0000000 0.2982539 0.3045545 0.3238965 0.3415983 0.3003116 0.0121147 0.3944697 0.1749924 
RuprSFB    0.3177815 0.3652201 0.2834162 0.3929085 0.2982539 0.0000000 0.3566809 0.3895775 0.3837044 0.3973178 0.3036938 0.4098931 0.2879239 
Retr       0.3492498 0.3578910 0.3823324 0.4332383 0.3045545 0.3566809 0.0000000 0.3878451 0.4091359 0.3976232 0.3046510 0.1951467 0.3157193 
Beta       0.3585310 0.3647337 0.4223161 0.4500943 0.3238965 0.3895775 0.3878451 0.0000000 0.2017742 0.4234823 0.3293895 0.4753773 0.3386059 
Spol       0.3807049 0.3943635 0.4076603 0.4869870 0.3415983 0.3837044 0.4091359 0.2017742 0.0000000 0.4290840 0.3417374 0.5076450 0.3533887 
MJM1652    0.3401159 0.1341488 0.4337992 0.2562737 0.3003116 0.3973178 0.3976232 0.4234823 0.4290840 0.0000000 0.2996612 0.4633251 0.2923558 
NepSFB     0.2395201 0.2452262 0.3234709 0.3148871 0.0121147 0.3036938 0.3046510 0.3293895 0.3417374 0.2996612 0.0000000 0.3920729 0.1742255 
WPYJ       0.4070490 0.4232916 0.4300451 0.4888720 0.3944697 0.4098931 0.1951467 0.4753773 0.5076450 0.4633251 0.3920729 0.0000000 0.4077440 
MJM2940    0.2077097 0.2384392 0.3150722 0.3066984 0.1749924 0.2879239 0.3157193 0.3386059 0.3533887 0.2923558 0.1742255 0.4077440 0.0000000 
