13
DrolusSFB  0.0000000 0.3392929 0.4422079 0.4397879 0.2956110 0.3484352 0.4115829 0.4254339 0.3948017 0.3819705 0.3056616 0.4137908 0.2274990 
Dino       0.3392929 0.0000000 0.3817312 0.2636686 0.2645810 0.3175439 0.4266284 0.4035786 0.3772620 0.2000585 0.2781496 0.3937656 0.2935492 
MJM3360    0.4422079 0.3817312 0.0000000 0.4928691 0.3765240 0.2855004 0.4509321 0.4098160 0.3802751 0.3992969 0.3830638 0.4413827 0.3880516 
DrobinSFB  0.4397879 0.2636686 0.4928691 0.0000000 0.3860807 0.3813729 0.4497245 0.4444997 0.4657655 0.2500345 0.4002393 0.4563066 0.3869630 
Neam       0.2956110 0.2645810 0.3765240 0.3860807 0.0000000 0.2949671 0.3288129 0.3635826 0.3586671 0.3355095 0.0155473 0.3811067 0.2327065 
RuprSFB    0.3484352 0.3175439 0.2855004 0.3813729 0.2949671 0.0000000 0.3372591 0.3465966 0.3438990 0.3510978 0.2950822 0.3861410 0.3018824 
Retr       0.4115829 0.4266284 0.4509321 0.4497245 0.3288129 0.3372591 0.0000000 0.3855381 0.3733506 0.4331732 0.3312756 0.1982188 0.3450459 
Beta       0.4254339 0.4035786 0.4098160 0.4444997 0.3635826 0.3465966 0.3855381 0.0000000 0.1519410 0.4257454 0.3670158 0.4147083 0.3891691 
Spol       0.3948017 0.3772620 0.3802751 0.4657655 0.3586671 0.3438990 0.3733506 0.1519410 0.0000000 0.4238361 0.3645884 0.3904214 0.3655939 
MJM1652    0.3819705 0.2000585 0.3992969 0.2500345 0.3355095 0.3510978 0.4331732 0.4257454 0.4238361 0.0000000 0.3466667 0.4153654 0.3138736 
NepSFB     0.3056616 0.2781496 0.3830638 0.4002393 0.0155473 0.2950822 0.3312756 0.3670158 0.3645884 0.3466667 0.0000000 0.3782409 0.2382983 
WPYJ       0.4137908 0.3937656 0.4413827 0.4563066 0.3811067 0.3861410 0.1982188 0.4147083 0.3904214 0.4153654 0.3782409 0.0000000 0.3796704 
MJM2940    0.2274990 0.2935492 0.3880516 0.3869630 0.2327065 0.3018824 0.3450459 0.3891691 0.3655939 0.3138736 0.2382983 0.3796704 0.0000000 
