13
DrolusSFB  0.0000000 0.2925734 0.3787889 0.3314159 0.2312958 0.3433736 0.2644134 0.3396003 0.3002040 0.3636224 0.2318115 0.3483847 0.1596837 
Dino       0.2925734 0.0000000 0.3768127 0.2175741 0.2550176 0.3661078 0.2954796 0.3311525 0.2997344 0.2053973 0.2559066 0.3802008 0.2638198 
MJM3360    0.3787889 0.3768127 0.0000000 0.4402210 0.3145035 0.2926516 0.3319689 0.4068675 0.3807276 0.4541649 0.3229970 0.4286187 0.3392273 
DrobinSFB  0.3314159 0.2175741 0.4402210 0.0000000 0.3094051 0.4052896 0.3341020 0.3795658 0.3530631 0.3241544 0.3103410 0.4056307 0.3105567 
Neam       0.2312958 0.2550176 0.3145035 0.3094051 0.0000000 0.3053279 0.2435823 0.2948176 0.2692862 0.3270653 0.0052550 0.3150342 0.1881506 
RuprSFB    0.3433736 0.3661078 0.2926516 0.4052896 0.3053279 0.0000000 0.3137775 0.3842049 0.3352262 0.4478544 0.3114300 0.3715885 0.3056621 
Retr       0.2644134 0.2954796 0.3319689 0.3341020 0.2435823 0.3137775 0.0000000 0.3029603 0.2612445 0.2678625 0.2439328 0.1913792 0.2519035 
Beta       0.3396003 0.3311525 0.4068675 0.3795658 0.2948176 0.3842049 0.3029603 0.0000000 0.1149102 0.3689964 0.2967930 0.3978349 0.3132241 
Spol       0.3002040 0.2997344 0.3807276 0.3530631 0.2692862 0.3352262 0.2612445 0.1149102 0.0000000 0.3336766 0.2695897 0.3601962 0.2702488 
MJM1652    0.3636224 0.2053973 0.4541649 0.3241544 0.3270653 0.4478544 0.2678625 0.3689964 0.3336766 0.0000000 0.3214680 0.2243853 0.3139515 
NepSFB     0.2318115 0.2559066 0.3229970 0.3103410 0.0052550 0.3114300 0.2439328 0.2967930 0.2695897 0.3214680 0.0000000 0.3184378 0.1870550 
WPYJ       0.3483847 0.3802008 0.4286187 0.4056307 0.3150342 0.3715885 0.1913792 0.3978349 0.3601962 0.2243853 0.3184378 0.0000000 0.3214647 
MJM2940    0.1596837 0.2638198 0.3392273 0.3105567 0.1881506 0.3056621 0.2519035 0.3132241 0.2702488 0.3139515 0.1870550 0.3214647 0.0000000 
