13
DrolusSFB  0.0000000 0.2931624 0.3694112 0.3356276 0.2607716 0.3443969 0.3176913 0.4133031 0.4180580 0.2735815 0.2619092 0.3480647 0.1591629 
Dino       0.2931624 0.0000000 0.3551790 0.2024517 0.2386404 0.3347606 0.3258939 0.3652058 0.3557623 0.1370902 0.2416036 0.3422285 0.2227473 
MJM3360    0.3694112 0.3551790 0.0000000 0.4276509 0.3871987 0.2916983 0.3947646 0.3921258 0.3753861 0.4070432 0.3863669 0.4217794 0.3083224 
DrobinSFB  0.3356276 0.2024517 0.4276509 0.0000000 0.3259438 0.4336726 0.4067136 0.4347068 0.4242767 0.2476891 0.3232030 0.4399872 0.3021008 
Neam       0.2607716 0.2386404 0.3871987 0.3259438 0.0000000 0.3241721 0.3226838 0.4077309 0.4515021 0.2775622 0.0093772 0.3402334 0.2159391 
RuprSFB    0.3443969 0.3347606 0.2916983 0.4336726 0.3241721 0.0000000 0.3496958 0.4044319 0.3799041 0.3809069 0.3235464 0.3689493 0.2763445 
Retr       0.3176913 0.3258939 0.3947646 0.4067136 0.3226838 0.3496958 0.0000000 0.3500144 0.3174926 0.3732069 0.3277776 0.1934260 0.2771436 
Beta       0.4133031 0.3652058 0.3921258 0.4347068 0.4077309 0.4044319 0.3500144 0.0000000 0.1251440 0.4176320 0.4069456 0.3939601 0.3504160 
Spol       0.4180580 0.3557623 0.3753861 0.4242767 0.4515021 0.3799041 0.3174926 0.1251440 0.0000000 0.4157773 0.4550180 0.3984654 0.3971036 
MJM1652    0.2735815 0.1370902 0.4070432 0.2476891 0.2775622 0.3809069 0.3732069 0.4176320 0.4157773 0.0000000 0.2805352 0.4020072 0.2398843 
NepSFB     0.2619092 0.2416036 0.3863669 0.3232030 0.0093772 0.3235464 0.3277776 0.4069456 0.4550180 0.2805352 0.0000000 0.3492990 0.2214344 
WPYJ       0.3480647 0.3422285 0.4217794 0.4399872 0.3402334 0.3689493 0.1934260 0.3939601 0.3984654 0.4020072 0.3492990 0.0000000 0.2786622 
MJM2940    0.1591629 0.2227473 0.3083224 0.3021008 0.2159391 0.2763445 0.2771436 0.3504160 0.3971036 0.2398843 0.2214344 0.2786622 0.0000000 
