13
DrolusSFB  0.0000000 0.3676204 0.4423729 0.3725738 0.3275382 0.3638906 0.3841571 0.4127736 0.4267631 0.4081423 0.3320542 0.4596481 0.2365198 
Dino       0.3676204 0.0000000 0.4417485 0.2466547 0.2826703 0.3601098 0.3736051 0.4045900 0.4209558 0.2292646 0.2857693 0.4275136 0.2838165 
MJM3360    0.4423729 0.4417485 0.0000000 0.4252869 0.3747897 0.3439237 0.4250616 0.4426921 0.4825682 0.4535790 0.3777763 0.4511026 0.4036146 
DrobinSFB  0.3725738 0.2466547 0.4252869 0.0000000 0.2932619 0.3951157 0.3794536 0.4110563 0.4004310 0.2620911 0.3049859 0.4760796 0.3189221 
Neam       0.3275382 0.2826703 0.3747897 0.2932619 0.0000000 0.3028264 0.3304143 0.3783873 0.3669331 0.3109205 0.0100731 0.3622035 0.2504294 
RuprSFB    0.3638906 0.3601098 0.3439237 0.3951157 0.3028264 0.0000000 0.3940320 0.3790639 0.4080801 0.3569018 0.3060739 0.4475914 0.3167875 
Retr       0.3841571 0.3736051 0.4250616 0.3794536 0.3304143 0.3940320 0.0000000 0.4096768 0.3767323 0.4257228 0.3371154 0.1976322 0.3289780 
Beta       0.4127736 0.4045900 0.4426921 0.4110563 0.3783873 0.3790639 0.4096768 0.0000000 0.1919121 0.4103317 0.3876243 0.4353026 0.3870503 
Spol       0.4267631 0.4209558 0.4825682 0.4004310 0.3669331 0.4080801 0.3767323 0.1919121 0.0000000 0.4460643 0.3806729 0.4088206 0.3973029 
MJM1652    0.4081423 0.2292646 0.4535790 0.2620911 0.3109205 0.3569018 0.4257228 0.4103317 0.4460643 0.0000000 0.3159988 0.4543894 0.3106183 
NepSFB     0.3320542 0.2857693 0.3777763 0.3049859 0.0100731 0.3060739 0.3371154 0.3876243 0.3806729 0.3159988 0.0000000 0.3635755 0.2566134 
WPYJ       0.4596481 0.4275136 0.4511026 0.4760796 0.3622035 0.4475914 0.1976322 0.4353026 0.4088206 0.4543894 0.3635755 0.0000000 0.3723568 
MJM2940    0.2365198 0.2838165 0.4036146 0.3189221 0.2504294 0.3167875 0.3289780 0.3870503 0.3973029 0.3106183 0.2566134 0.3723568 0.0000000 
