13
DrolusSFB  0.0000000 0.2633590 0.2978290 0.2425789 0.1679049 0.2951580 0.2593352 0.2850783 0.2571865 0.2892031 0.1753384 0.2672123 0.1215670 
Dino       0.2633590 0.0000000 0.2963813 0.1393958 0.1957110 0.3224982 0.2783375 0.2837558 0.3056297 0.1321794 0.2088673 0.2644806 0.2146502 
MJM3360    0.2978290 0.2963813 0.0000000 0.2923000 0.2872962 0.2259383 0.2550013 0.2792766 0.2699015 0.3418126 0.2944085 0.3098257 0.2371129 
DrobinSFB  0.2425789 0.1393958 0.2923000 0.0000000 0.1983708 0.2966642 0.2863552 0.2795506 0.2729598 0.1726694 0.2112950 0.2560680 0.2023950 
Neam       0.1679049 0.1957110 0.2872962 0.1983708 0.0000000 0.3067222 0.2536379 0.2477243 0.2507110 0.2143398 0.0151267 0.2444261 0.1358300 
RuprSFB    0.2951580 0.3224982 0.2259383 0.2966642 0.3067222 0.0000000 0.2964574 0.2749318 0.2795364 0.3195005 0.3121038 0.2804043 0.2470872 
Retr       0.2593352 0.2783375 0.2550013 0.2863552 0.2536379 0.2964574 0.0000000 0.2792097 0.2791297 0.3094904 0.2655223 0.1336134 0.2162919 
Beta       0.2850783 0.2837558 0.2792766 0.2795506 0.2477243 0.2749318 0.2792097 0.0000000 0.0917621 0.3164500 0.2501426 0.3011850 0.2374350 
Spol       0.2571865 0.3056297 0.2699015 0.2729598 0.2507110 0.2795364 0.2791297 0.0917621 0.0000000 0.3271266 0.2531286 0.2998094 0.2230111 
MJM1652    0.2892031 0.1321794 0.3418126 0.1726694 0.2143398 0.3195005 0.3094904 0.3164500 0.3271266 0.0000000 0.2269453 0.2940593 0.2268678 
NepSFB     0.1753384 0.2088673 0.2944085 0.2112950 0.0151267 0.3121038 0.2655223 0.2501426 0.2531286 0.2269453 0.0000000 0.2585036 0.1478512 
WPYJ       0.2672123 0.2644806 0.3098257 0.2560680 0.2444261 0.2804043 0.1336134 0.3011850 0.2998094 0.2940593 0.2585036 0.0000000 0.2159835 
MJM2940    0.1215670 0.2146502 0.2371129 0.2023950 0.1358300 0.2470872 0.2162919 0.2374350 0.2230111 0.2268678 0.1478512 0.2159835 0.0000000 
