13
DrolusSFB  0.0000000 0.3793943 0.4308752 0.3997681 0.3282023 0.4016522 0.3678826 0.4840505 0.4996917 0.3916924 0.3309627 0.4668743 0.2040142 
Dino       0.3793943 0.0000000 0.4280659 0.2526292 0.3068716 0.4368193 0.4163446 0.4455441 0.4557919 0.1702251 0.2987844 0.5094904 0.3234208 
MJM3360    0.4308752 0.4280659 0.0000000 0.4790084 0.4302891 0.3219241 0.3947073 0.4833100 0.4803426 0.4772277 0.4209379 0.5198541 0.3669168 
DrobinSFB  0.3997681 0.2526292 0.4790084 0.0000000 0.3302971 0.4382866 0.4052486 0.4789889 0.4803322 0.2543143 0.3319503 0.5102125 0.3388483 
Neam       0.3282023 0.3068716 0.4302891 0.3302971 0.0000000 0.3549446 0.3371422 0.4092220 0.4109428 0.3367296 0.0154609 0.4439001 0.2697122 
RuprSFB    0.4016522 0.4368193 0.3219241 0.4382866 0.3549446 0.0000000 0.3767693 0.4313337 0.4357048 0.4410200 0.3526450 0.4568767 0.3370162 
Retr       0.3678826 0.4163446 0.3947073 0.4052486 0.3371422 0.3767693 0.0000000 0.4028189 0.3960602 0.4438693 0.3290294 0.2326108 0.3230780 
Beta       0.4840505 0.4455441 0.4833100 0.4789889 0.4092220 0.4313337 0.4028189 0.0000000 0.1533043 0.4998199 0.4034088 0.4606639 0.3975744 
Spol       0.4996917 0.4557919 0.4803426 0.4803322 0.4109428 0.4357048 0.3960602 0.1533043 0.0000000 0.4997574 0.4030897 0.4478222 0.4104931 
MJM1652    0.3916924 0.1702251 0.4772277 0.2543143 0.3367296 0.4410200 0.4438693 0.4998199 0.4997574 0.0000000 0.3281186 0.5422160 0.3444505 
NepSFB     0.3309627 0.2987844 0.4209379 0.3319503 0.0154609 0.3526450 0.3290294 0.4034088 0.4030897 0.3281186 0.0000000 0.4481528 0.2673952 
WPYJ       0.4668743 0.5094904 0.5198541 0.5102125 0.4439001 0.4568767 0.2326108 0.4606639 0.4478222 0.5422160 0.4481528 0.0000000 0.4250961 
MJM2940    0.2040142 0.3234208 0.3669168 0.3388483 0.2697122 0.3370162 0.3230780 0.3975744 0.4104931 0.3444505 0.2673952 0.4250961 0.0000000 
