13
DrolusSFB  0.0000000 0.3283226 0.4558719 0.3383465 0.2579674 0.3655008 0.4013856 0.4116750 0.4140611 0.3436454 0.2620948 0.3865830 0.1738807 
Dino       0.3283226 0.0000000 0.4314452 0.2204609 0.2567272 0.3467787 0.4571616 0.4572483 0.4850470 0.1535613 0.2592845 0.6058037 0.2688016 
MJM3360    0.4558719 0.4314452 0.0000000 0.4334690 0.3823899 0.3374881 0.4878986 0.4459375 0.4898571 0.4460399 0.3924371 0.4598352 0.3780346 
DrobinSFB  0.3383465 0.2204609 0.4334690 0.0000000 0.2510159 0.3638400 0.4200729 0.4454377 0.4730923 0.2287429 0.2556392 0.4290947 0.2690362 
Neam       0.2579674 0.2567272 0.3823899 0.2510159 0.0000000 0.2930159 0.3714288 0.3775127 0.3964338 0.2515187 0.0056489 0.3674122 0.1867512 
RuprSFB    0.3655008 0.3467787 0.3374881 0.3638400 0.2930159 0.0000000 0.3878219 0.3788429 0.4081808 0.3716273 0.2923922 0.3969984 0.3005386 
Retr       0.4013856 0.4571616 0.4878986 0.4200729 0.3714288 0.3878219 0.0000000 0.4214333 0.4172005 0.4569312 0.3670858 0.1809968 0.3480111 
Beta       0.4116750 0.4572483 0.4459375 0.4454377 0.3775127 0.3788429 0.4214333 0.0000000 0.1276844 0.4268707 0.3774452 0.4323824 0.3478576 
Spol       0.4140611 0.4850470 0.4898571 0.4730923 0.3964338 0.4081808 0.4172005 0.1276844 0.0000000 0.4449961 0.3996520 0.4162029 0.3773692 
MJM1652    0.3436454 0.1535613 0.4460399 0.2287429 0.2515187 0.3716273 0.4569312 0.4268707 0.4449961 0.0000000 0.2543585 0.4662987 0.2599898 
NepSFB     0.2620948 0.2592845 0.3924371 0.2556392 0.0056489 0.2923922 0.3670858 0.3774452 0.3996520 0.2543585 0.0000000 0.3636239 0.1834632 
WPYJ       0.3865830 0.6058037 0.4598352 0.4290947 0.3674122 0.3969984 0.1809968 0.4323824 0.4162029 0.4662987 0.3636239 0.0000000 0.3533795 
MJM2940    0.1738807 0.2688016 0.3780346 0.2690362 0.1867512 0.3005386 0.3480111 0.3478576 0.3773692 0.2599898 0.1834632 0.3533795 0.0000000 
