13
DrolusSFB  0.0000000 0.3599146 0.4142042 0.3875578 0.3018349 0.3868108 0.4320899 0.4021788 0.4067118 0.4033478 0.3071645 0.3562117 0.2233433 
Dino       0.3599146 0.0000000 0.4322035 0.2443638 0.2730803 0.3698225 0.4017099 0.3506830 0.3784279 0.1791360 0.2775216 0.3812982 0.2663130 
MJM3360    0.4142042 0.4322035 0.0000000 0.4278642 0.3676948 0.3025566 0.4645202 0.4073146 0.4175326 0.4208657 0.3804036 0.3964135 0.3766284 
DrobinSFB  0.3875578 0.2443638 0.4278642 0.0000000 0.3253435 0.4156223 0.5011177 0.3948974 0.4192213 0.2578319 0.3343339 0.3918825 0.3343302 
Neam       0.3018349 0.2730803 0.3676948 0.3253435 0.0000000 0.3317038 0.3536860 0.3488251 0.3412684 0.3464187 0.0091896 0.2937208 0.2217286 
RuprSFB    0.3868108 0.3698225 0.3025566 0.4156223 0.3317038 0.0000000 0.4108491 0.3843570 0.3981509 0.4268167 0.3366774 0.3384480 0.3321458 
Retr       0.4320899 0.4017099 0.4645202 0.5011177 0.3536860 0.4108491 0.0000000 0.3734181 0.3937671 0.4638998 0.3424945 0.1715259 0.3256637 
Beta       0.4021788 0.3506830 0.4073146 0.3948974 0.3488251 0.3843570 0.3734181 0.0000000 0.1518007 0.4182325 0.3506433 0.3412013 0.3315819 
Spol       0.4067118 0.3784279 0.4175326 0.4192213 0.3412684 0.3981509 0.3937671 0.1518007 0.0000000 0.4412156 0.3470487 0.3301311 0.3251661 
MJM1652    0.4033478 0.1791360 0.4208657 0.2578319 0.3464187 0.4268167 0.4638998 0.4182325 0.4412156 0.0000000 0.3497770 0.4062085 0.3508432 
NepSFB     0.3071645 0.2775216 0.3804036 0.3343339 0.0091896 0.3366774 0.3424945 0.3506433 0.3470487 0.3497770 0.0000000 0.2943023 0.2259184 
WPYJ       0.3562117 0.3812982 0.3964135 0.3918825 0.2937208 0.3384480 0.1715259 0.3412013 0.3301311 0.4062085 0.2943023 0.0000000 0.2921151 
MJM2940    0.2233433 0.2663130 0.3766284 0.3343302 0.2217286 0.3321458 0.3256637 0.3315819 0.3251661 0.3508432 0.2259184 0.2921151 0.0000000 
