13
DrolusSFB  0.0000000 0.3356559 0.4276306 0.3083918 0.2114480 0.2989562 0.3112164 0.3584283 0.3665513 0.3701094 0.2109410 0.4028052 0.2065149 
Dino       0.3356559 0.0000000 0.4094593 0.1611279 0.3041860 0.3084773 0.2852864 0.4276275 0.4336427 0.1812011 0.2924310 0.3187017 0.2799290 
MJM3360    0.4276306 0.4094593 0.0000000 0.3399175 0.3817278 0.2677782 0.2503647 0.3155310 0.2612079 0.4624405 0.3875740 0.2916009 0.3432189 
DrobinSFB  0.3083918 0.1611279 0.3399175 0.0000000 0.2915458 0.2904508 0.3592402 0.4244860 0.3803718 0.1933558 0.2800747 0.3475230 0.2912990 
Neam       0.2114480 0.3041860 0.3817278 0.2915458 0.0000000 0.2531442 0.2737301 0.2918812 0.2642823 0.3630410 0.0104156 0.3708059 0.1828123 
RuprSFB    0.2989562 0.3084773 0.2677782 0.2904508 0.2531442 0.0000000 0.2705574 0.2746598 0.2466335 0.3492775 0.2423179 0.3327514 0.2799192 
Retr       0.3112164 0.2852864 0.2503647 0.3592402 0.2737301 0.2705574 0.0000000 0.3012657 0.2513891 0.3690870 0.2893403 0.1754613 0.2603579 
Beta       0.3584283 0.4276275 0.3155310 0.4244860 0.2918812 0.2746598 0.3012657 0.0000000 0.1548054 0.4825139 0.2916786 0.4185129 0.3080528 
Spol       0.3665513 0.4336427 0.2612079 0.3803718 0.2642823 0.2466335 0.2513891 0.1548054 0.0000000 0.4710135 0.2641657 0.3846018 0.2639480 
MJM1652    0.3701094 0.1812011 0.4624405 0.1933558 0.3630410 0.3492775 0.3690870 0.4825139 0.4710135 0.0000000 0.3567691 0.3805403 0.3612735 
NepSFB     0.2109410 0.2924310 0.3875740 0.2800747 0.0104156 0.2423179 0.2893403 0.2916786 0.2641657 0.3567691 0.0000000 0.3893040 0.1873517 
WPYJ       0.4028052 0.3187017 0.2916009 0.3475230 0.3708059 0.3327514 0.1754613 0.4185129 0.3846018 0.3805403 0.3893040 0.0000000 0.3332722 
MJM2940    0.2065149 0.2799290 0.3432189 0.2912990 0.1828123 0.2799192 0.2603579 0.3080528 0.2639480 0.3612735 0.1873517 0.3332722 0.0000000 
