13
DrolusSFB  0.0000000 0.2487731 0.3109380 0.3111562 0.2124513 0.2702887 0.2755646 0.2780901 0.3060021 0.2875184 0.2122072 0.2989371 0.1515620 
Dino       0.2487731 0.0000000 0.3438134 0.2069787 0.2096685 0.3049103 0.2862265 0.3106000 0.3074480 0.1720127 0.2076087 0.3179824 0.1874461 
MJM3360    0.3109380 0.3438134 0.0000000 0.3862982 0.2854639 0.2080473 0.3128945 0.3083454 0.3190299 0.3833142 0.2816727 0.3953826 0.2740890 
DrobinSFB  0.3111562 0.2069787 0.3862982 0.0000000 0.3060253 0.3514690 0.3668487 0.3637357 0.3437099 0.2829484 0.2988765 0.3932019 0.2654176 
Neam       0.2124513 0.2096685 0.2854639 0.3060253 0.0000000 0.2552597 0.2600124 0.2452108 0.2629218 0.2542557 0.0065187 0.3011274 0.1517469 
RuprSFB    0.2702887 0.3049103 0.2080473 0.3514690 0.2552597 0.0000000 0.2619138 0.2576408 0.2877374 0.3300262 0.2553634 0.3063697 0.2134800 
Retr       0.2755646 0.2862265 0.3128945 0.3668487 0.2600124 0.2619138 0.0000000 0.2783564 0.2899928 0.3367818 0.2570432 0.1609782 0.2084559 
Beta       0.2780901 0.3106000 0.3083454 0.3637357 0.2452108 0.2576408 0.2783564 0.0000000 0.1194348 0.3436261 0.2440956 0.3491042 0.2172829 
Spol       0.3060021 0.3074480 0.3190299 0.3437099 0.2629218 0.2877374 0.2899928 0.1194348 0.0000000 0.3243904 0.2617610 0.3405177 0.2395729 
MJM1652    0.2875184 0.1720127 0.3833142 0.2829484 0.2542557 0.3300262 0.3367818 0.3436261 0.3243904 0.0000000 0.2536526 0.3566360 0.2350669 
NepSFB     0.2122072 0.2076087 0.2816727 0.2988765 0.0065187 0.2553634 0.2570432 0.2440956 0.2617610 0.2536526 0.0000000 0.3041897 0.1516202 
WPYJ       0.2989371 0.3179824 0.3953826 0.3932019 0.3011274 0.3063697 0.1609782 0.3491042 0.3405177 0.3566360 0.3041897 0.0000000 0.2549745 
MJM2940    0.1515620 0.1874461 0.2740890 0.2654176 0.1517469 0.2134800 0.2084559 0.2172829 0.2395729 0.2350669 0.1516202 0.2549745 0.0000000 
