13
DrolusSFB  0.0000000 0.2914775 0.4150277 0.2861853 0.2563549 0.3648776 0.2730220 0.4245119 0.4436127 0.3526509 0.2614859 0.3770052 0.1951040 
Dino       0.2914775 0.0000000 0.3973008 0.1958005 0.2544262 0.3570589 0.2796619 0.4067372 0.4264620 0.1613995 0.2540316 0.4095326 0.2685810 
MJM3360    0.4150277 0.3973008 0.0000000 0.3937426 0.3716403 0.3110101 0.2998012 0.4158040 0.4570513 0.4616107 0.3816177 0.4426465 0.3631412 
DrobinSFB  0.2861853 0.1958005 0.3937426 0.0000000 0.2650396 0.3523679 0.2748273 0.3812628 0.3794140 0.2209420 0.2727673 0.3903788 0.2803301 
Neam       0.2563549 0.2544262 0.3716403 0.2650396 0.0000000 0.2961076 0.2818507 0.3799572 0.3905481 0.3137363 0.0111955 0.3586205 0.1984696 
RuprSFB    0.3648776 0.3570589 0.3110101 0.3523679 0.2961076 0.0000000 0.2640780 0.4170611 0.4577510 0.4236575 0.3056517 0.4160863 0.3217735 
Retr       0.2730220 0.2796619 0.2998012 0.2748273 0.2818507 0.2640780 0.0000000 0.3102964 0.2732136 0.3467827 0.2928193 0.1993774 0.2729938 
Beta       0.4245119 0.4067372 0.4158040 0.3812628 0.3799572 0.4170611 0.3102964 0.0000000 0.1965605 0.4450877 0.3831760 0.3679500 0.4005731 
Spol       0.4436127 0.4264620 0.4570513 0.3794140 0.3905481 0.4577510 0.2732136 0.1965605 0.0000000 0.4651174 0.3977911 0.4070579 0.3981081 
MJM1652    0.3526509 0.1613995 0.4616107 0.2209420 0.3137363 0.4236575 0.3467827 0.4450877 0.4651174 0.0000000 0.3157373 0.4597927 0.3432696 
NepSFB     0.2614859 0.2540316 0.3816177 0.2727673 0.0111955 0.3056517 0.2928193 0.3831760 0.3977911 0.3157373 0.0000000 0.3624545 0.2044128 
WPYJ       0.3770052 0.4095326 0.4426465 0.3903788 0.3586205 0.4160863 0.1993774 0.3679500 0.4070579 0.4597927 0.3624545 0.0000000 0.3464339 
MJM2940    0.1951040 0.2685810 0.3631412 0.2803301 0.1984696 0.3217735 0.2729938 0.4005731 0.3981081 0.3432696 0.2044128 0.3464339 0.0000000 
