13
DrolusSFB  0.0000000 0.3073696 0.3568165 0.2876764 0.2779305 0.3444260 0.4267450 0.3688033 0.3718370 0.3190527 0.2756304 0.4021696 0.1967071 
Dino       0.3073696 0.0000000 0.3677838 0.1652008 0.2835298 0.3563260 0.4220350 0.4241065 0.4377985 0.1977575 0.2852192 0.4070078 0.2789105 
MJM3360    0.3568165 0.3677838 0.0000000 0.3679564 0.3649535 0.3238012 0.4700405 0.4343389 0.4157580 0.4196594 0.3626226 0.4156159 0.2812197 
DrobinSFB  0.2876764 0.1652008 0.3679564 0.0000000 0.3129309 0.3652165 0.4606118 0.4356456 0.4494079 0.2264956 0.3128251 0.4241442 0.2875715 
Neam       0.2779305 0.2835298 0.3649535 0.3129309 0.0000000 0.3412696 0.4407686 0.3929818 0.4014942 0.3316021 0.0164779 0.4165434 0.2381435 
RuprSFB    0.3444260 0.3563260 0.3238012 0.3652165 0.3412696 0.0000000 0.4490232 0.4230478 0.4179769 0.4195867 0.3398415 0.4454988 0.3009918 
Retr       0.4267450 0.4220350 0.4700405 0.4606118 0.4407686 0.4490232 0.0000000 0.5377427 0.5358594 0.4948752 0.4402360 0.2616485 0.4231406 
Beta       0.3688033 0.4241065 0.4343389 0.4356456 0.3929818 0.4230478 0.5377427 0.0000000 0.1627649 0.5143451 0.3923203 0.5263175 0.3805244 
Spol       0.3718370 0.4377985 0.4157580 0.4494079 0.4014942 0.4179769 0.5358594 0.1627649 0.0000000 0.5225091 0.3976092 0.5267042 0.3892406 
MJM1652    0.3190527 0.1977575 0.4196594 0.2264956 0.3316021 0.4195867 0.4948752 0.5143451 0.5225091 0.0000000 0.3231955 0.4709657 0.3470974 
NepSFB     0.2756304 0.2852192 0.3626226 0.3128251 0.0164779 0.3398415 0.4402360 0.3923203 0.3976092 0.3231955 0.0000000 0.4167505 0.2385276 
WPYJ       0.4021696 0.4070078 0.4156159 0.4241442 0.4165434 0.4454988 0.2616485 0.5263175 0.5267042 0.4709657 0.4167505 0.0000000 0.3949137 
MJM2940    0.1967071 0.2789105 0.2812197 0.2875715 0.2381435 0.3009918 0.4231406 0.3805244 0.3892406 0.3470974 0.2385276 0.3949137 0.0000000 
