13
DrolusSFB  0.0000000 0.3285421 0.4555720 0.3781674 0.2494335 0.4413045 0.3960815 0.4096121 0.3841190 0.3761275 0.2613253 0.2987416 0.1869105 
Dino       0.3285421 0.0000000 0.4799863 0.2449892 0.2548179 0.4183241 0.3878710 0.4428458 0.4251522 0.1570749 0.2645890 0.3582906 0.2619381 
MJM3360    0.4555720 0.4799863 0.0000000 0.5332757 0.4341594 0.3570305 0.5334124 0.5329694 0.5043366 0.5435295 0.4449060 0.4733019 0.4003941 
DrobinSFB  0.3781674 0.2449892 0.5332757 0.0000000 0.3069246 0.4584987 0.4942321 0.4864655 0.4546503 0.2963779 0.3244602 0.4100870 0.3202895 
Neam       0.2494335 0.2548179 0.4341594 0.3069246 0.0000000 0.3854838 0.3492531 0.3802664 0.3738700 0.3125713 0.0109016 0.3045073 0.2042759 
RuprSFB    0.4413045 0.4183241 0.3570305 0.4584987 0.3854838 0.0000000 0.4455798 0.4857950 0.4445460 0.4574436 0.3918490 0.3556828 0.3818962 
Retr       0.3960815 0.3878710 0.5334124 0.4942321 0.3492531 0.4455798 0.0000000 0.4702164 0.4509991 0.4532537 0.3594572 0.1985534 0.3371536 
Beta       0.4096121 0.4428458 0.5329694 0.4864655 0.3802664 0.4857950 0.4702164 0.0000000 0.1656763 0.4833087 0.3908926 0.3623457 0.3880434 
Spol       0.3841190 0.4251522 0.5043366 0.4546503 0.3738700 0.4445460 0.4509991 0.1656763 0.0000000 0.4411384 0.3822917 0.3687474 0.3644609 
MJM1652    0.3761275 0.1570749 0.5435295 0.2963779 0.3125713 0.4574436 0.4532537 0.4833087 0.4411384 0.0000000 0.3285136 0.3790658 0.3138948 
NepSFB     0.2613253 0.2645890 0.4449060 0.3244602 0.0109016 0.3918490 0.3594572 0.3908926 0.3822917 0.3285136 0.0000000 0.3200927 0.2134342 
WPYJ       0.2987416 0.3582906 0.4733019 0.4100870 0.3045073 0.3556828 0.1985534 0.3623457 0.3687474 0.3790658 0.3200927 0.0000000 0.3109172 
MJM2940    0.1869105 0.2619381 0.4003941 0.3202895 0.2042759 0.3818962 0.3371536 0.3880434 0.3644609 0.3138948 0.2134342 0.3109172 0.0000000 
