13
DrolusSFB  0.0000000 0.3435894 0.2945310 0.4675328 0.2981059 0.4535169 0.5158686 0.4379192 0.4528977 0.3775955 0.3050915 0.3018499 0.2265620 
Dino       0.3435894 0.0000000 0.3049846 0.2006240 0.2638910 0.4395570 0.5324087 0.4177010 0.4383264 0.1501795 0.2704499 0.2990218 0.2967926 
MJM3360    0.2945310 0.3049846 0.0000000 0.5889411 0.3063035 0.3095040 0.4026808 0.3218594 0.3354203 0.3061748 0.3076375 0.2825667 0.2945494 
DrobinSFB  0.4675328 0.2006240 0.5889411 0.0000000 0.3708637 0.6145193 0.6937753 0.6488582 0.6555645 0.2475934 0.3828921 0.4466248 0.3935352 
Neam       0.2981059 0.2638910 0.3063035 0.3708637 0.0000000 0.3859727 0.4850253 0.3935526 0.4099313 0.3016508 0.0276811 0.2798546 0.2269148 
RuprSFB    0.4535169 0.4395570 0.3095040 0.6145193 0.3859727 0.0000000 0.5854023 0.4646388 0.4854321 0.4664098 0.3907712 0.3305281 0.4004729 
Retr       0.5158686 0.5324087 0.4026808 0.6937753 0.4850253 0.5854023 0.0000000 0.5748659 0.6009784 0.5588013 0.4794462 0.2107438 0.5247612 
Beta       0.4379192 0.4177010 0.3218594 0.6488582 0.3935526 0.4646388 0.5748659 0.0000000 0.2063838 0.4480731 0.3961903 0.3267104 0.4041966 
Spol       0.4528977 0.4383264 0.3354203 0.6555645 0.4099313 0.4854321 0.6009784 0.2063838 0.0000000 0.4594375 0.4113053 0.3327983 0.4308468 
MJM1652    0.3775955 0.1501795 0.3061748 0.2475934 0.3016508 0.4664098 0.5588013 0.4480731 0.4594375 0.0000000 0.3090178 0.3431025 0.3227056 
NepSFB     0.3050915 0.2704499 0.3076375 0.3828921 0.0276811 0.3907712 0.4794462 0.3961903 0.4113053 0.3090178 0.0000000 0.2778847 0.2367090 
WPYJ       0.3018499 0.2990218 0.2825667 0.4466248 0.2798546 0.3305281 0.2107438 0.3267104 0.3327983 0.3431025 0.2778847 0.0000000 0.2844232 
MJM2940    0.2265620 0.2967926 0.2945494 0.3935352 0.2269148 0.4004729 0.5247612 0.4041966 0.4308468 0.3227056 0.2367090 0.2844232 0.0000000 
