13
DrolusSFB  0.0000000 0.2168256 0.3017569 0.2264260 0.1723999 0.2364118 0.2583719 0.3018449 0.3025289 0.2525730 0.1732516 0.2614193 0.1282944 
Dino       0.2168256 0.0000000 0.2892924 0.1518444 0.2104345 0.2233339 0.3198030 0.2998810 0.2976194 0.1003047 0.2081538 0.3068442 0.1761974 
MJM3360    0.3017569 0.2892924 0.0000000 0.3484523 0.2882129 0.2317164 0.3551114 0.3413437 0.3311965 0.3202132 0.2906795 0.3277668 0.2716811 
DrobinSFB  0.2264260 0.1518444 0.3484523 0.0000000 0.2182379 0.2470416 0.3112159 0.3086202 0.3331201 0.1950955 0.2169134 0.3072498 0.1861003 
Neam       0.1723999 0.2104345 0.2882129 0.2182379 0.0000000 0.2243840 0.2734135 0.2822979 0.2880647 0.2350022 0.0103907 0.2762844 0.1452153 
RuprSFB    0.2364118 0.2233339 0.2317164 0.2470416 0.2243840 0.0000000 0.2862767 0.2897074 0.2902759 0.2539665 0.2261770 0.2673761 0.1891489 
Retr       0.2583719 0.3198030 0.3551114 0.3112159 0.2734135 0.2862767 0.0000000 0.3125793 0.3219484 0.3114123 0.2754626 0.1609877 0.2483259 
Beta       0.3018449 0.2998810 0.3413437 0.3086202 0.2822979 0.2897074 0.3125793 0.0000000 0.0930287 0.3119577 0.2856721 0.3299980 0.2525942 
Spol       0.3025289 0.2976194 0.3311965 0.3331201 0.2880647 0.2902759 0.3219484 0.0930287 0.0000000 0.3328409 0.2869712 0.3484346 0.2608556 
MJM1652    0.2525730 0.1003047 0.3202132 0.1950955 0.2350022 0.2539665 0.3114123 0.3119577 0.3328409 0.0000000 0.2374059 0.3171796 0.2077895 
NepSFB     0.1732516 0.2081538 0.2906795 0.2169134 0.0103907 0.2261770 0.2754626 0.2856721 0.2869712 0.2374059 0.0000000 0.2697192 0.1430936 
WPYJ       0.2614193 0.3068442 0.3277668 0.3072498 0.2762844 0.2673761 0.1609877 0.3299980 0.3484346 0.3171796 0.2697192 0.0000000 0.2588500 
MJM2940    0.1282944 0.1761974 0.2716811 0.1861003 0.1452153 0.1891489 0.2483259 0.2525942 0.2608556 0.2077895 0.1430936 0.2588500 0.0000000 
