13
DrolusSFB  0.0000000 0.2785871 0.4203706 0.3375108 0.2694470 0.2953329 0.3272606 0.4447638 0.4005198 0.3255114 0.2777478 0.2956255 0.1563709 
Dino       0.2785871 0.0000000 0.3795031 0.2529415 0.2404862 0.2810689 0.2946407 0.4106914 0.3721046 0.1524438 0.2468172 0.3007582 0.2229650 
MJM3360    0.4203706 0.3795031 0.0000000 0.4143110 0.3820311 0.3266885 0.4526659 0.5419361 0.4490442 0.4246664 0.3886345 0.4167901 0.3813558 
DrobinSFB  0.3375108 0.2529415 0.4143110 0.0000000 0.3111348 0.3458984 0.4050823 0.4423020 0.4565901 0.2887476 0.3205770 0.3389432 0.2979083 
Neam       0.2694470 0.2404862 0.3820311 0.3111348 0.0000000 0.3160611 0.3168633 0.4575330 0.3953530 0.2830148 0.0132183 0.2701926 0.2175264 
RuprSFB    0.2953329 0.2810689 0.3266885 0.3458984 0.3160611 0.0000000 0.3280111 0.4517097 0.3916837 0.3531256 0.3290851 0.2744914 0.2538631 
Retr       0.3272606 0.2946407 0.4526659 0.4050823 0.3168633 0.3280111 0.0000000 0.5580520 0.4616882 0.3970024 0.3321237 0.1711028 0.2901305 
Beta       0.4447638 0.4106914 0.5419361 0.4423020 0.4575330 0.4517097 0.5580520 0.0000000 0.1933410 0.4864668 0.4621028 0.4116536 0.3851385 
Spol       0.4005198 0.3721046 0.4490442 0.4565901 0.3953530 0.3916837 0.4616882 0.1933410 0.0000000 0.4438619 0.3982999 0.3947466 0.3441297 
MJM1652    0.3255114 0.1524438 0.4246664 0.2887476 0.2830148 0.3531256 0.3970024 0.4864668 0.4438619 0.0000000 0.2882173 0.3458562 0.2733832 
NepSFB     0.2777478 0.2468172 0.3886345 0.3205770 0.0132183 0.3290851 0.3321237 0.4621028 0.3982999 0.2882173 0.0000000 0.2838891 0.2210984 
WPYJ       0.2956255 0.3007582 0.4167901 0.3389432 0.2701926 0.2744914 0.1711028 0.4116536 0.3947466 0.3458562 0.2838891 0.0000000 0.2539385 
MJM2940    0.1563709 0.2229650 0.3813558 0.2979083 0.2175264 0.2538631 0.2901305 0.3851385 0.3441297 0.2733832 0.2210984 0.2539385 0.0000000 
