13
DrolusSFB  0.0000000 0.3226300 0.5319471 0.3823593 0.2888187 0.4088654 0.3872577 0.4511995 0.4624575 0.3547031 0.2923002 0.4030991 0.1889777 
Dino       0.3226300 0.0000000 0.4313442 0.2130865 0.2515016 0.3880262 0.4109356 0.4487323 0.4044816 0.1462854 0.2499637 0.3707367 0.2490600 
MJM3360    0.5319471 0.4313442 0.0000000 0.4830843 0.4422819 0.3333257 0.4473176 0.5298940 0.4920168 0.4170009 0.4493307 0.3901918 0.4216352 
DrobinSFB  0.3823593 0.2130865 0.4830843 0.0000000 0.3467793 0.4445282 0.4837651 0.4427302 0.4620256 0.2336163 0.3602790 0.4175795 0.3116222 
Neam       0.2888187 0.2515016 0.4422819 0.3467793 0.0000000 0.3418127 0.3227404 0.3931820 0.4007694 0.2824458 0.0107743 0.3458308 0.2195439 
RuprSFB    0.4088654 0.3880262 0.3333257 0.4445282 0.3418127 0.0000000 0.3992345 0.4931116 0.4713157 0.4041972 0.3430276 0.3971546 0.3267929 
Retr       0.3872577 0.4109356 0.4473176 0.4837651 0.3227404 0.3992345 0.0000000 0.4289741 0.4055464 0.3961722 0.3292581 0.2235455 0.3312601 
Beta       0.4511995 0.4487323 0.5298940 0.4427302 0.3931820 0.4931116 0.4289741 0.0000000 0.1797408 0.4437316 0.4007956 0.3778352 0.3725975 
Spol       0.4624575 0.4044816 0.4920168 0.4620256 0.4007694 0.4713157 0.4055464 0.1797408 0.0000000 0.4027050 0.4074137 0.3929925 0.3748427 
MJM1652    0.3547031 0.1462854 0.4170009 0.2336163 0.2824458 0.4041972 0.3961722 0.4437316 0.4027050 0.0000000 0.2907293 0.3990019 0.2759699 
NepSFB     0.2923002 0.2499637 0.4493307 0.3602790 0.0107743 0.3430276 0.3292581 0.4007956 0.4074137 0.2907293 0.0000000 0.3545253 0.2280921 
WPYJ       0.4030991 0.3707367 0.3901918 0.4175795 0.3458308 0.3971546 0.2235455 0.3778352 0.3929925 0.3990019 0.3545253 0.0000000 0.3620944 
MJM2940    0.1889777 0.2490600 0.4216352 0.3116222 0.2195439 0.3267929 0.3312601 0.3725975 0.3748427 0.2759699 0.2280921 0.3620944 0.0000000 
