13
DrolusSFB  0.0000000 0.2397662 0.3744949 0.3269074 0.3817261 0.2883602 0.2984311 0.4671672 0.4891742 0.3867142 0.3810511 0.3569066 0.2680829 
Dino       0.2397662 0.0000000 0.3494533 0.1788695 0.2298533 0.3170944 0.2501384 0.3289446 0.3246105 0.1688931 0.2313984 0.3047897 0.2271028 
MJM3360    0.3744949 0.3494533 0.0000000 0.4016521 0.3948711 0.2893290 0.3057245 0.3642325 0.3887872 0.4328528 0.4013747 0.3563173 0.3519846 
DrobinSFB  0.3269074 0.1788695 0.4016521 0.0000000 0.3006175 0.3528043 0.2396279 0.3955372 0.4134451 0.2563711 0.3093577 0.3736057 0.3016907 
Neam       0.3817261 0.2298533 0.3948711 0.3006175 0.0000000 0.3550827 0.3074242 0.4698723 0.4821793 0.3200728 0.0157766 0.3751111 0.3007651 
RuprSFB    0.2883602 0.3170944 0.2893290 0.3528043 0.3550827 0.0000000 0.3260030 0.3796845 0.4003176 0.4186233 0.3476000 0.3593181 0.2816013 
Retr       0.2984311 0.2501384 0.3057245 0.2396279 0.3074242 0.3260030 0.0000000 0.2984708 0.3229991 0.3211766 0.3079853 0.1596921 0.2713262 
Beta       0.4671672 0.3289446 0.3642325 0.3955372 0.4698723 0.3796845 0.2984708 0.0000000 0.2014750 0.4470087 0.4767388 0.3418964 0.3978055 
Spol       0.4891742 0.3246105 0.3887872 0.4134451 0.4821793 0.4003176 0.3229991 0.2014750 0.0000000 0.4789442 0.4778854 0.3609104 0.4429476 
MJM1652    0.3867142 0.1688931 0.4328528 0.2563711 0.3200728 0.4186233 0.3211766 0.4470087 0.4789442 0.0000000 0.3285264 0.3753856 0.3176148 
NepSFB     0.3810511 0.2313984 0.4013747 0.3093577 0.0157766 0.3476000 0.3079853 0.4767388 0.4778854 0.3285264 0.0000000 0.3757924 0.3039696 
WPYJ       0.3569066 0.3047897 0.3563173 0.3736057 0.3751111 0.3593181 0.1596921 0.3418964 0.3609104 0.3753856 0.3757924 0.0000000 0.3144390 
MJM2940    0.2680829 0.2271028 0.3519846 0.3016907 0.3007651 0.2816013 0.2713262 0.3978055 0.4429476 0.3176148 0.3039696 0.3144390 0.0000000 
