13
DrolusSFB  0.0000000 0.3470073 0.4430005 0.3835486 0.2999136 0.4253525 0.4796247 0.4381713 0.4650240 0.3791090 0.3010756 0.5228935 0.2103257 
Dino       0.3470073 0.0000000 0.4221479 0.1702296 0.2724446 0.3980108 0.4495819 0.4106688 0.4278701 0.1531235 0.2779254 0.5127340 0.2873348 
MJM3360    0.4430005 0.4221479 0.0000000 0.4707559 0.3879862 0.3225422 0.4860851 0.4509762 0.4651441 0.4475464 0.3909074 0.5323938 0.4103332 
DrobinSFB  0.3835486 0.1702296 0.4707559 0.0000000 0.3014590 0.4531703 0.4739240 0.4511907 0.4666212 0.2005735 0.3035092 0.5238099 0.3236545 
Neam       0.2999136 0.2724446 0.3879862 0.3014590 0.0000000 0.3257024 0.4015867 0.3743155 0.3956655 0.3104911 0.0111683 0.4561337 0.2310425 
RuprSFB    0.4253525 0.3980108 0.3225422 0.4531703 0.3257024 0.0000000 0.4382880 0.4143088 0.4316739 0.4220120 0.3321544 0.4689049 0.3622992 
Retr       0.4796247 0.4495819 0.4860851 0.4739240 0.4015867 0.4382880 0.0000000 0.4529777 0.4827875 0.4614761 0.4060256 0.2555036 0.4052818 
Beta       0.4381713 0.4106688 0.4509762 0.4511907 0.3743155 0.4143088 0.4529777 0.0000000 0.1341312 0.4304734 0.3814111 0.4896479 0.3792354 
Spol       0.4650240 0.4278701 0.4651441 0.4666212 0.3956655 0.4316739 0.4827875 0.1341312 0.0000000 0.4516090 0.4032971 0.5324161 0.3936863 
MJM1652    0.3791090 0.1531235 0.4475464 0.2005735 0.3104911 0.4220120 0.4614761 0.4304734 0.4516090 0.0000000 0.3117409 0.5471332 0.3266246 
NepSFB     0.3010756 0.2779254 0.3909074 0.3035092 0.0111683 0.3321544 0.4060256 0.3814111 0.4032971 0.3117409 0.0000000 0.4641259 0.2345351 
WPYJ       0.5228935 0.5127340 0.5323938 0.5238099 0.4561337 0.4689049 0.2555036 0.4896479 0.5324161 0.5471332 0.4641259 0.0000000 0.4659975 
MJM2940    0.2103257 0.2873348 0.4103332 0.3236545 0.2310425 0.3622992 0.4052818 0.3792354 0.3936863 0.3266246 0.2345351 0.4659975 0.0000000 
