13
DrolusSFB  0.0000000 0.2694386 0.3264929 0.2395115 0.2239451 0.2990908 0.3019683 0.3190884 0.3494048 0.2869344 0.2194107 0.3112377 0.1761978 
Dino       0.2694386 0.0000000 0.3461196 0.1663120 0.1754852 0.2966171 0.2993651 0.2816996 0.3022314 0.1396905 0.1774343 0.3254540 0.2230247 
MJM3360    0.3264929 0.3461196 0.0000000 0.3146335 0.2980879 0.2464445 0.3227132 0.3073312 0.3549810 0.3338685 0.2950108 0.3500675 0.2926642 
DrobinSFB  0.2395115 0.1663120 0.3146335 0.0000000 0.1811415 0.2539142 0.3082695 0.3124884 0.3107822 0.1748955 0.1845054 0.2724452 0.2120766 
Neam       0.2239451 0.1754852 0.2980879 0.1811415 0.0000000 0.2414172 0.2609562 0.2839582 0.2744371 0.2139560 0.0125480 0.2654412 0.1770241 
RuprSFB    0.2990908 0.2966171 0.2464445 0.2539142 0.2414172 0.0000000 0.2918033 0.2760402 0.3191757 0.3288715 0.2413507 0.3032693 0.2506820 
Retr       0.3019683 0.2993651 0.3227132 0.3082695 0.2609562 0.2918033 0.0000000 0.3079229 0.3123512 0.3442177 0.2545746 0.1505708 0.2725609 
Beta       0.3190884 0.2816996 0.3073312 0.3124884 0.2839582 0.2760402 0.3079229 0.0000000 0.1182765 0.3176505 0.2723126 0.2798891 0.2839028 
Spol       0.3494048 0.3022314 0.3549810 0.3107822 0.2744371 0.3191757 0.3123512 0.1182765 0.0000000 0.3352987 0.2699115 0.3344101 0.2969148 
MJM1652    0.2869344 0.1396905 0.3338685 0.1748955 0.2139560 0.3288715 0.3442177 0.3176505 0.3352987 0.0000000 0.2169481 0.3507439 0.2554362 
NepSFB     0.2194107 0.1774343 0.2950108 0.1845054 0.0125480 0.2413507 0.2545746 0.2723126 0.2699115 0.2169481 0.0000000 0.2594773 0.1768109 
WPYJ       0.3112377 0.3254540 0.3500675 0.2724452 0.2654412 0.3032693 0.1505708 0.2798891 0.3344101 0.3507439 0.2594773 0.0000000 0.2897220 
MJM2940    0.1761978 0.2230247 0.2926642 0.2120766 0.1770241 0.2506820 0.2725609 0.2839028 0.2969148 0.2554362 0.1768109 0.2897220 0.0000000 
