13
DrolusSFB  0.0000000 0.2752434 0.2910650 0.3404003 0.2657046 0.3084810 0.3081864 0.3455449 0.3301973 0.2721464 0.2747856 0.3459524 0.1876441 
Dino       0.2752434 0.0000000 0.2829360 0.1860779 0.2396647 0.3255912 0.3638855 0.3519126 0.3356224 0.1374778 0.2516855 0.3492113 0.2200670 
MJM3360    0.2910650 0.2829360 0.0000000 0.3115320 0.2562130 0.2103485 0.3049335 0.3206127 0.3531236 0.2668760 0.2720163 0.3467161 0.2477403 
DrobinSFB  0.3404003 0.1860779 0.3115320 0.0000000 0.2992464 0.3760467 0.4147001 0.4091853 0.4043150 0.2234117 0.3093455 0.3873956 0.2673316 
Neam       0.2657046 0.2396647 0.2562130 0.2992464 0.0000000 0.3128469 0.3295209 0.3737664 0.3295436 0.2580078 0.0146763 0.3495364 0.1917061 
RuprSFB    0.3084810 0.3255912 0.2103485 0.3760467 0.3128469 0.0000000 0.3276501 0.3498313 0.3475920 0.3351887 0.3107184 0.3563264 0.2504881 
Retr       0.3081864 0.3638855 0.3049335 0.4147001 0.3295209 0.3276501 0.0000000 0.3429994 0.3835995 0.3754829 0.3503185 0.1853637 0.2989075 
Beta       0.3455449 0.3519126 0.3206127 0.4091853 0.3737664 0.3498313 0.3429994 0.0000000 0.1175115 0.3769622 0.3807107 0.3669360 0.3329216 
Spol       0.3301973 0.3356224 0.3531236 0.4043150 0.3295436 0.3475920 0.3835995 0.1175115 0.0000000 0.3725772 0.3478362 0.3842246 0.2845623 
MJM1652    0.2721464 0.1374778 0.2668760 0.2234117 0.2580078 0.3351887 0.3754829 0.3769622 0.3725772 0.0000000 0.2699764 0.3580789 0.2273280 
NepSFB     0.2747856 0.2516855 0.2720163 0.3093455 0.0146763 0.3107184 0.3503185 0.3807107 0.3478362 0.2699764 0.0000000 0.3615646 0.2029000 
WPYJ       0.3459524 0.3492113 0.3467161 0.3873956 0.3495364 0.3563264 0.1853637 0.3669360 0.3842246 0.3580789 0.3615646 0.0000000 0.3126943 
MJM2940    0.1876441 0.2200670 0.2477403 0.2673316 0.1917061 0.2504881 0.2989075 0.3329216 0.2845623 0.2273280 0.2029000 0.3126943 0.0000000 
