13
DrolusSFB  0.0000000 9.0000000 0.7806581 0.3480902 0.2986457 0.4294543 0.4880011 0.6649205 0.3846142 0.3958319 0.2984235 0.5709560 0.2515573 
Dino       9.0000000 0.0000000 0.4755713 0.2052187 0.2666914 0.4439574 0.4650836 0.4754873 0.4614295 0.1450454 0.2732294 0.6490314 0.2623303 
MJM3360    0.7806581 0.4755713 0.0000000 0.4568025 0.3991669 0.3334647 0.4614938 0.4745103 0.4473285 0.4113914 0.4033736 0.6223817 0.3773401 
DrobinSFB  0.3480902 0.2052187 0.4568025 0.0000000 0.2781287 0.4072072 0.4578839 0.5173270 0.4371076 0.2095019 0.2849982 0.5449522 0.3033634 
Neam       0.2986457 0.2666914 0.3991669 0.2781287 0.0000000 0.3163421 0.3680551 0.4057606 0.3454431 0.2697162 0.0083669 0.5064498 0.1811964 
RuprSFB    0.4294543 0.4439574 0.3334647 0.4072072 0.3163421 0.0000000 0.4042500 0.4391061 0.3831509 0.3725577 0.3200706 0.5228237 0.3114846 
Retr       0.4880011 0.4650836 0.4614938 0.4578839 0.3680551 0.4042500 0.0000000 0.5251672 0.4405605 0.4658663 0.3646639 0.2514630 0.3446093 
Beta       0.6649205 0.4754873 0.4745103 0.5173270 0.4057606 0.4391061 0.5251672 0.0000000 0.1548096 0.4967010 0.4086168 0.7255392 0.3970414 
Spol       0.3846142 0.4614295 0.4473285 0.4371076 0.3454431 0.3831509 0.4405605 0.1548096 0.0000000 0.3628564 0.3470694 0.5575569 0.3152487 
MJM1652    0.3958319 0.1450454 0.4113914 0.2095019 0.2697162 0.3725577 0.4658663 0.4967010 0.3628564 0.0000000 0.2742217 0.6135069 0.2926496 
NepSFB     0.2984235 0.2732294 0.4033736 0.2849982 0.0083669 0.3200706 0.3646639 0.4086168 0.3470694 0.2742217 0.0000000 0.5030287 0.1837280 
WPYJ       0.5709560 0.6490314 0.6223817 0.5449522 0.5064498 0.5228237 0.2514630 0.7255392 0.5575569 0.6135069 0.5030287 0.0000000 0.5005228 
MJM2940    0.2515573 0.2623303 0.3773401 0.3033634 0.1811964 0.3114846 0.3446093 0.3970414 0.3152487 0.2926496 0.1837280 0.5005228 0.0000000 
