13
DrolusSFB  0.0000000 0.3952192 0.2826997 0.4467771 0.3048206 0.2478208 0.2537427 0.4821726 0.4851156 0.4336681 0.3119170 0.2410024 0.2076937 
Dino       0.3952192 0.0000000 0.2905132 0.2282465 0.3102437 0.2573874 0.2630162 0.5010105 0.5051034 0.1922610 0.3164543 0.2437060 0.3091969 
MJM3360    0.2826997 0.2905132 0.0000000 0.3197439 0.2511244 0.2201870 0.2666863 0.3031520 0.3066907 0.2963902 0.2536242 0.2840875 0.2478853 
DrobinSFB  0.4467771 0.2282465 0.3197439 0.0000000 0.3659141 0.2983743 0.3121575 0.5384083 0.5801100 0.2648879 0.3694046 0.2782418 0.3657770 
Neam       0.3048206 0.3102437 0.2511244 0.3659141 0.0000000 0.2258391 0.2363013 0.4303781 0.4430054 0.3510474 0.0152611 0.2222635 0.2247771 
RuprSFB    0.2478208 0.2573874 0.2201870 0.2983743 0.2258391 0.0000000 0.2337174 0.2514288 0.2342568 0.2923182 0.2295413 0.2483960 0.2217328 
Retr       0.2537427 0.2630162 0.2666863 0.3121575 0.2363013 0.2337174 0.0000000 0.2357584 0.2612249 0.2840370 0.2442510 0.1037256 0.2363989 
Beta       0.4821726 0.5010105 0.3031520 0.5384083 0.4303781 0.2514288 0.2357584 0.0000000 0.1611368 0.5265618 0.4379205 0.2555639 0.4169826 
Spol       0.4851156 0.5051034 0.3066907 0.5801100 0.4430054 0.2342568 0.2612249 0.1611368 0.0000000 0.5517821 0.4490029 0.2690963 0.4253416 
MJM1652    0.4336681 0.1922610 0.2963902 0.2648879 0.3510474 0.2923182 0.2840370 0.5265618 0.5517821 0.0000000 0.3582312 0.2728061 0.3587738 
NepSFB     0.3119170 0.3164543 0.2536242 0.3694046 0.0152611 0.2295413 0.2442510 0.4379205 0.4490029 0.3582312 0.0000000 0.2344304 0.2357614 
WPYJ       0.2410024 0.2437060 0.2840875 0.2782418 0.2222635 0.2483960 0.1037256 0.2555639 0.2690963 0.2728061 0.2344304 0.0000000 0.2258575 
MJM2940    0.2076937 0.3091969 0.2478853 0.3657770 0.2247771 0.2217328 0.2363989 0.4169826 0.4253416 0.3587738 0.2357614 0.2258575 0.0000000 
