13
DrolusSFB  0.0000000 0.3065762 0.4781940 0.3172543 0.2466243 0.3564707 0.3315587 0.4279846 0.3939738 0.3141660 0.2674166 0.3827017 0.1957743 
Dino       0.3065762 0.0000000 0.4793293 0.2076872 0.2456298 0.3185401 0.4067785 0.4272407 0.3744748 0.1378756 0.2633003 0.4052215 0.2363001 
MJM3360    0.4781940 0.4793293 0.0000000 0.5152759 0.5064864 0.4607138 0.4491710 0.5308519 0.5325582 0.5152577 0.5364015 0.4676844 0.4786201 
DrobinSFB  0.3172543 0.2076872 0.5152759 0.0000000 0.2959220 0.3726494 0.4027558 0.4526054 0.4318559 0.2111223 0.3163118 0.4941540 0.2936795 
Neam       0.2466243 0.2456298 0.5064864 0.2959220 0.0000000 0.3414804 0.3555623 0.4353286 0.3826767 0.2459021 0.0155705 0.3971753 0.1982693 
RuprSFB    0.3564707 0.3185401 0.4607138 0.3726494 0.3414804 0.0000000 0.3514562 0.4586400 0.4579689 0.3192442 0.3498454 0.3645803 0.3062065 
Retr       0.3315587 0.4067785 0.4491710 0.4027558 0.3555623 0.3514562 0.0000000 0.3689282 0.3885582 0.3870836 0.3651270 0.1963316 0.3240403 
Beta       0.4279846 0.4272407 0.5308519 0.4526054 0.4353286 0.4586400 0.3689282 0.0000000 0.1540335 0.4070670 0.4396055 0.4220177 0.3395653 
Spol       0.3939738 0.3744748 0.5325582 0.4318559 0.3826767 0.4579689 0.3885582 0.1540335 0.0000000 0.3674824 0.4036326 0.4338456 0.3343813 
MJM1652    0.3141660 0.1378756 0.5152577 0.2111223 0.2459021 0.3192442 0.3870836 0.4070670 0.3674824 0.0000000 0.2632005 0.4149148 0.2478837 
NepSFB     0.2674166 0.2633003 0.5364015 0.3163118 0.0155705 0.3498454 0.3651270 0.4396055 0.4036326 0.2632005 0.0000000 0.3986754 0.2169555 
WPYJ       0.3827017 0.4052215 0.4676844 0.4941540 0.3971753 0.3645803 0.1963316 0.4220177 0.4338456 0.4149148 0.3986754 0.0000000 0.4043084 
MJM2940    0.1957743 0.2363001 0.4786201 0.2936795 0.1982693 0.3062065 0.3240403 0.3395653 0.3343813 0.2478837 0.2169555 0.4043084 0.0000000 
