13
DrolusSFB  0.0000000 0.3252457 0.3828155 0.3611921 0.2812604 0.3142629 0.5005310 0.3749927 0.3715722 0.3625811 0.2860564 0.3942962 0.2352538 
Dino       0.3252457 0.0000000 0.3770274 0.2184994 0.2865200 0.2969956 0.4823168 0.3685117 0.3651450 0.1541580 0.2866667 0.3762540 0.2769984 
MJM3360    0.3828155 0.3770274 0.0000000 0.4065244 0.3507020 0.3004217 0.4473585 0.3314663 0.3417946 0.4152283 0.3521257 0.3660061 0.3191953 
DrobinSFB  0.3611921 0.2184994 0.4065244 0.0000000 0.3172164 0.3177240 0.5817097 0.3874590 0.3935735 0.2614958 0.3200405 0.4325169 0.3004078 
Neam       0.2812604 0.2865200 0.3507020 0.3172164 0.0000000 0.2750918 0.3903844 0.3533217 0.3364396 0.3181685 0.0085189 0.3378114 0.2331084 
RuprSFB    0.3142629 0.2969956 0.3004217 0.3177240 0.2750918 0.0000000 0.3105880 0.3069698 0.3155617 0.3213368 0.2795176 0.3048746 0.2718017 
Retr       0.5005310 0.4823168 0.4473585 0.5817097 0.3903844 0.3105880 0.0000000 0.4843152 0.5392093 0.5371738 0.3937132 0.1908862 0.4418899 
Beta       0.3749927 0.3685117 0.3314663 0.3874590 0.3533217 0.3069698 0.4843152 0.0000000 0.1438404 0.3943589 0.3513832 0.3656098 0.3351646 
Spol       0.3715722 0.3651450 0.3417946 0.3935735 0.3364396 0.3155617 0.5392093 0.1438404 0.0000000 0.3815696 0.3426985 0.3657081 0.3242876 
MJM1652    0.3625811 0.1541580 0.4152283 0.2614958 0.3181685 0.3213368 0.5371738 0.3943589 0.3815696 0.0000000 0.3193267 0.4124272 0.3284323 
NepSFB     0.2860564 0.2866667 0.3521257 0.3200405 0.0085189 0.2795176 0.3937132 0.3513832 0.3426985 0.3193267 0.0000000 0.3414719 0.2348703 
WPYJ       0.3942962 0.3762540 0.3660061 0.4325169 0.3378114 0.3048746 0.1908862 0.3656098 0.3657081 0.4124272 0.3414719 0.0000000 0.3383372 
MJM2940    0.2352538 0.2769984 0.3191953 0.3004078 0.2331084 0.2718017 0.4418899 0.3351646 0.3242876 0.3284323 0.2348703 0.3383372 0.0000000 
