13
DrolusSFB  0.0000000 0.2937070 0.3375157 0.3632352 0.2137947 0.3237806 0.2843570 0.3480196 0.3451168 0.3319028 0.2310439 0.2833552 0.1719172 
Dino       0.2937070 0.0000000 0.3367353 0.2545889 0.3014243 0.3132971 0.2869620 0.3250318 0.3168521 0.1686114 0.3448218 0.3340719 0.2782622 
MJM3360    0.3375157 0.3367353 0.0000000 0.3515136 0.3164339 0.2554885 0.3348484 0.4134733 0.4564197 0.3267557 0.3415099 0.3627251 0.3141634 
DrobinSFB  0.3632352 0.2545889 0.3515136 0.0000000 0.3756866 0.3387550 0.2897536 0.3140316 0.3347814 0.3074557 0.4297471 0.3130327 0.3614632 
Neam       0.2137947 0.3014243 0.3164339 0.3756866 0.0000000 0.2632898 0.2502801 0.2941319 0.3123414 0.3272707 0.0112070 0.2833551 0.1742987 
RuprSFB    0.3237806 0.3132971 0.2554885 0.3387550 0.2632898 0.0000000 0.2910673 0.3181518 0.3740427 0.3197427 0.2774129 0.3025488 0.2478575 
Retr       0.2843570 0.2869620 0.3348484 0.2897536 0.2502801 0.2910673 0.0000000 0.3055201 0.3135250 0.2692708 0.2938713 0.1499944 0.2573208 
Beta       0.3480196 0.3250318 0.4134733 0.3140316 0.2941319 0.3181518 0.3055201 0.0000000 0.1130686 0.2881195 0.2987813 0.3602572 0.2958332 
Spol       0.3451168 0.3168521 0.4564197 0.3347814 0.3123414 0.3740427 0.3135250 0.1130686 0.0000000 0.3357191 0.3018839 0.4041416 0.2741200 
MJM1652    0.3319028 0.1686114 0.3267557 0.3074557 0.3272707 0.3197427 0.2692708 0.2881195 0.3357191 0.0000000 0.3940827 0.3267178 0.2709977 
NepSFB     0.2310439 0.3448218 0.3415099 0.4297471 0.0112070 0.2774129 0.2938713 0.2987813 0.3018839 0.3940827 0.0000000 0.2851023 0.1831122 
WPYJ       0.2833552 0.3340719 0.3627251 0.3130327 0.2833551 0.3025488 0.1499944 0.3602572 0.4041416 0.3267178 0.2851023 0.0000000 0.2962207 
MJM2940    0.1719172 0.2782622 0.3141634 0.3614632 0.1742987 0.2478575 0.2573208 0.2958332 0.2741200 0.2709977 0.1831122 0.2962207 0.0000000 
