13
DrolusSFB  0.0000000 0.2732550 0.3037646 0.2788402 0.1926882 0.2506592 0.2844881 0.3068539 0.2866283 0.2196223 0.1893234 0.2820992 0.1405896 
Dino       0.2732550 0.0000000 0.3442569 0.1292514 0.2088708 0.3007474 0.3321883 0.3479961 0.3561266 0.1155315 0.2054283 0.3450160 0.2396976 
MJM3360    0.3037646 0.3442569 0.0000000 0.3730186 0.2848810 0.2460033 0.3542264 0.3356475 0.3418098 0.2956785 0.2838796 0.3283211 0.2946842 
DrobinSFB  0.2788402 0.1292514 0.3730186 0.0000000 0.2303330 0.3025899 0.3390730 0.3355722 0.3521946 0.1385927 0.2293502 0.3391697 0.2660772 
Neam       0.1926882 0.2088708 0.2848810 0.2303330 0.0000000 0.2353710 0.2495579 0.2922667 0.2795978 0.1786306 0.0140744 0.2577928 0.1476750 
RuprSFB    0.2506592 0.3007474 0.2460033 0.3025899 0.2353710 0.0000000 0.3066638 0.2863683 0.2934355 0.2618713 0.2295715 0.2858850 0.2330207 
Retr       0.2844881 0.3321883 0.3542264 0.3390730 0.2495579 0.3066638 0.0000000 0.3462883 0.3459296 0.2574553 0.2493979 0.1469216 0.2582644 
Beta       0.3068539 0.3479961 0.3356475 0.3355722 0.2922667 0.2863683 0.3462883 0.0000000 0.0881031 0.2663227 0.2910219 0.3644898 0.2727779 
Spol       0.2866283 0.3561266 0.3418098 0.3521946 0.2795978 0.2934355 0.3459296 0.0881031 0.0000000 0.2804670 0.2797194 0.3640855 0.2600118 
MJM1652    0.2196223 0.1155315 0.2956785 0.1385927 0.1786306 0.2618713 0.2574553 0.2663227 0.2804670 0.0000000 0.1795776 0.2829187 0.1981565 
NepSFB     0.1893234 0.2054283 0.2838796 0.2293502 0.0140744 0.2295715 0.2493979 0.2910219 0.2797194 0.1795776 0.0000000 0.2487087 0.1407021 
WPYJ       0.2820992 0.3450160 0.3283211 0.3391697 0.2577928 0.2858850 0.1469216 0.3644898 0.3640855 0.2829187 0.2487087 0.0000000 0.2791239 
MJM2940    0.1405896 0.2396976 0.2946842 0.2660772 0.1476750 0.2330207 0.2582644 0.2727779 0.2600118 0.1981565 0.1407021 0.2791239 0.0000000 
