13
DrolusSFB  0.0000000 0.3280566 0.4355758 0.3667770 0.2580973 0.3307795 0.3315512 0.4162880 0.4364228 0.3695656 0.2624175 0.3796271 0.1984406 
Dino       0.3280566 0.0000000 0.4001786 0.1888115 0.2496820 0.3287938 0.3271840 0.4153217 0.4128602 0.1773566 0.2601708 0.3320323 0.2952524 
MJM3360    0.4355758 0.4001786 0.0000000 0.4737357 0.3466254 0.3172770 0.3939344 0.4803778 0.4742922 0.4415307 0.3474292 0.4498842 0.3954018 
DrobinSFB  0.3667770 0.1888115 0.4737357 0.0000000 0.3072426 0.3850396 0.3766954 0.4735605 0.4978443 0.2371036 0.3118294 0.4268153 0.2881363 
Neam       0.2580973 0.2496820 0.3466254 0.3072426 0.0000000 0.2533132 0.2607713 0.3553938 0.3721760 0.2686575 0.0125197 0.2982859 0.2072785 
RuprSFB    0.3307795 0.3287938 0.3172770 0.3850396 0.2533132 0.0000000 0.3194553 0.3880377 0.4036025 0.3687098 0.2564085 0.3436738 0.2823356 
Retr       0.3315512 0.3271840 0.3939344 0.3766954 0.2607713 0.3194553 0.0000000 0.3673739 0.3887887 0.3676854 0.2658102 0.1921059 0.2827030 
Beta       0.4162880 0.4153217 0.4803778 0.4735605 0.3553938 0.3880377 0.3673739 0.0000000 0.1447554 0.4374064 0.3615713 0.4456742 0.3613947 
Spol       0.4364228 0.4128602 0.4742922 0.4978443 0.3721760 0.4036025 0.3887887 0.1447554 0.0000000 0.4640326 0.3785020 0.4232597 0.3824688 
MJM1652    0.3695656 0.1773566 0.4415307 0.2371036 0.2686575 0.3687098 0.3676854 0.4374064 0.4640326 0.0000000 0.2732414 0.3803607 0.3123657 
NepSFB     0.2624175 0.2601708 0.3474292 0.3118294 0.0125197 0.2564085 0.2658102 0.3615713 0.3785020 0.2732414 0.0000000 0.3045811 0.2125054 
WPYJ       0.3796271 0.3320323 0.4498842 0.4268153 0.2982859 0.3436738 0.1921059 0.4456742 0.4232597 0.3803607 0.3045811 0.0000000 0.3137849 
MJM2940    0.1984406 0.2952524 0.3954018 0.2881363 0.2072785 0.2823356 0.2827030 0.3613947 0.3824688 0.3123657 0.2125054 0.3137849 0.0000000 
