13
DrolusSFB  0.0000000 0.2264830 0.3376169 0.2447237 0.1523603 0.2570927 0.2878870 0.2540806 0.2535182 0.2479479 0.1643831 0.3125578 0.1313855 
Dino       0.2264830 0.0000000 0.3280223 0.1361199 0.1684610 0.2952317 0.2941563 0.2736759 0.2930915 0.1247927 0.1806443 0.3804661 0.1757629 
MJM3360    0.3376169 0.3280223 0.0000000 0.3689861 0.2741424 0.2661692 0.3301899 0.3674953 0.3556297 0.3930423 0.2891795 0.3622018 0.2833807 
DrobinSFB  0.2447237 0.1361199 0.3689861 0.0000000 0.1958147 0.3181576 0.2955490 0.3103986 0.2893220 0.1562028 0.2142751 0.4134902 0.1949748 
Neam       0.1523603 0.1684610 0.2741424 0.1958147 0.0000000 0.2333486 0.2555654 0.2376233 0.2358581 0.2124755 0.0077897 0.3678283 0.1178042 
RuprSFB    0.2570927 0.2952317 0.2661692 0.3181576 0.2333486 0.0000000 0.2986851 0.2908988 0.3029388 0.3172829 0.2510191 0.3554632 0.2391969 
Retr       0.2878870 0.2941563 0.3301899 0.2955490 0.2555654 0.2986851 0.0000000 0.2788640 0.2777928 0.2870224 0.2746211 0.1975060 0.2486574 
Beta       0.2540806 0.2736759 0.3674953 0.3103986 0.2376233 0.2908988 0.2788640 0.0000000 0.1129558 0.3253110 0.2401235 0.3332763 0.2269491 
Spol       0.2535182 0.2930915 0.3556297 0.2893220 0.2358581 0.3029388 0.2777928 0.1129558 0.0000000 0.3092460 0.2313290 0.3537119 0.2294175 
MJM1652    0.2479479 0.1247927 0.3930423 0.1562028 0.2124755 0.3172829 0.2870224 0.3253110 0.3092460 0.0000000 0.2245656 0.4144569 0.2115255 
NepSFB     0.1643831 0.1806443 0.2891795 0.2142751 0.0077897 0.2510191 0.2746211 0.2401235 0.2313290 0.2245656 0.0000000 0.3644508 0.1278015 
WPYJ       0.3125578 0.3804661 0.3622018 0.4134902 0.3678283 0.3554632 0.1975060 0.3332763 0.3537119 0.4144569 0.3644508 0.0000000 0.3068425 
MJM2940    0.1313855 0.1757629 0.2833807 0.1949748 0.1178042 0.2391969 0.2486574 0.2269491 0.2294175 0.2115255 0.1278015 0.3068425 0.0000000 
