13
DrolusSFB  0.0000000 0.2951205 0.3275229 0.3108273 0.2581504 0.3175639 0.3557924 0.2663341 0.3183797 0.2851051 0.2581158 0.3093675 0.1747387 
Dino       0.2951205 0.0000000 0.3410975 0.2205666 0.2334786 0.2979139 0.3492976 0.2712044 0.3239216 0.2140614 0.2304723 0.3230823 0.2217326 
MJM3360    0.3275229 0.3410975 0.0000000 0.3728661 0.2900647 0.2523176 0.3780378 0.2966639 0.3071957 0.3174665 0.2863761 0.3176268 0.2874864 
DrobinSFB  0.3108273 0.2205666 0.3728661 0.0000000 0.2741856 0.3214287 0.3860903 0.2671973 0.3042728 0.2323637 0.2707956 0.3165719 0.2375865 
Neam       0.2581504 0.2334786 0.2900647 0.2741856 0.0000000 0.2657550 0.3103283 0.2646798 0.2954528 0.2426653 0.0029229 0.3301939 0.2018302 
RuprSFB    0.3175639 0.2979139 0.2523176 0.3214287 0.2657550 0.0000000 0.3073998 0.3233452 0.2887295 0.3258989 0.2601493 0.3271024 0.2740183 
Retr       0.3557924 0.3492976 0.3780378 0.3860903 0.3103283 0.3073998 0.0000000 0.3105705 0.3362964 0.3185604 0.3035677 0.2054373 0.3213619 
Beta       0.2663341 0.2712044 0.2966639 0.2671973 0.2646798 0.3233452 0.3105705 0.0000000 0.1176927 0.3058976 0.2611959 0.2544783 0.2471285 
Spol       0.3183797 0.3239216 0.3071957 0.3042728 0.2954528 0.2887295 0.3362964 0.1176927 0.0000000 0.3123591 0.2917516 0.2734182 0.2545179 
MJM1652    0.2851051 0.2140614 0.3174665 0.2323637 0.2426653 0.3258989 0.3185604 0.3058976 0.3123591 0.0000000 0.2394201 0.3067201 0.2319337 
NepSFB     0.2581158 0.2304723 0.2863761 0.2707956 0.0029229 0.2601493 0.3035677 0.2611959 0.2917516 0.2394201 0.0000000 0.3257127 0.1967190 
WPYJ       0.3093675 0.3230823 0.3176268 0.3165719 0.3301939 0.3271024 0.2054373 0.2544783 0.2734182 0.3067201 0.3257127 0.0000000 0.3110043 
MJM2940    0.1747387 0.2217326 0.2874864 0.2375865 0.2018302 0.2740183 0.3213619 0.2471285 0.2545179 0.2319337 0.1967190 0.3110043 0.0000000 
