13
DrolusSFB  0.0000000 0.2882694 0.3967793 0.3154111 0.2411333 0.3206096 0.3484554 0.3074187 0.3472447 0.2911872 0.2394641 0.3824172 0.1966939 
Dino       0.2882694 0.0000000 0.4188523 0.1731989 0.2540213 0.3587129 0.3281237 0.3290627 0.3466954 0.1499923 0.2526488 0.3750794 0.2844999 
MJM3360    0.3967793 0.4188523 0.0000000 0.4615597 0.3564504 0.2974169 0.3752041 0.3805091 0.4238637 0.4164999 0.3584023 0.3720230 0.3614871 
DrobinSFB  0.3154111 0.1731989 0.4615597 0.0000000 0.2593246 0.3741493 0.3742992 0.3318405 0.3402717 0.2100861 0.2591576 0.4048480 0.2754234 
Neam       0.2411333 0.2540213 0.3564504 0.2593246 0.0000000 0.2993916 0.2735859 0.2859686 0.2956909 0.2382785 0.0118528 0.3287855 0.2083240 
RuprSFB    0.3206096 0.3587129 0.2974169 0.3741493 0.2993916 0.0000000 0.3852824 0.3591270 0.3850750 0.3760882 0.3010759 0.4120710 0.3028848 
Retr       0.3484554 0.3281237 0.3752041 0.3742992 0.2735859 0.3852824 0.0000000 0.3600865 0.3863776 0.3516525 0.2729598 0.2188474 0.3299978 
Beta       0.3074187 0.3290627 0.3805091 0.3318405 0.2859686 0.3591270 0.3600865 0.0000000 0.1168455 0.3255630 0.2902007 0.3726605 0.2901140 
Spol       0.3472447 0.3466954 0.4238637 0.3402717 0.2956909 0.3850750 0.3863776 0.1168455 0.0000000 0.3461914 0.2934664 0.4025863 0.3064335 
MJM1652    0.2911872 0.1499923 0.4164999 0.2100861 0.2382785 0.3760882 0.3516525 0.3255630 0.3461914 0.0000000 0.2329254 0.3793993 0.2919031 
NepSFB     0.2394641 0.2526488 0.3584023 0.2591576 0.0118528 0.3010759 0.2729598 0.2902007 0.2934664 0.2329254 0.0000000 0.3204147 0.2049383 
WPYJ       0.3824172 0.3750794 0.3720230 0.4048480 0.3287855 0.4120710 0.2188474 0.3726605 0.4025863 0.3793993 0.3204147 0.0000000 0.3457154 
MJM2940    0.1966939 0.2844999 0.3614871 0.2754234 0.2083240 0.3028848 0.3299978 0.2901140 0.3064335 0.2919031 0.2049383 0.3457154 0.0000000 
