13
DrolusSFB  0.0000000 0.3340061 0.4397733 0.3540447 0.2673052 0.3894995 0.3933100 0.4128607 0.4123650 0.3406201 0.2668147 0.4647682 0.1855093 
Dino       0.3340061 0.0000000 0.4423902 0.1797657 0.2680922 0.4280836 0.4196214 0.4476593 0.4518839 0.1362186 0.2717620 0.4688641 0.2873116 
MJM3360    0.4397733 0.4423902 0.0000000 0.4885362 0.4056458 0.3443993 0.4664999 0.4828678 0.4791565 0.4549604 0.4080404 0.5503244 0.4683806 
DrobinSFB  0.3540447 0.1797657 0.4885362 0.0000000 0.3051087 0.4461269 0.4295972 0.4703628 0.4845342 0.1984724 0.3034387 0.4627712 0.2990746 
Neam       0.2673052 0.2680922 0.4056458 0.3051087 0.0000000 0.3657722 0.3672938 0.3961734 0.4115985 0.2970373 0.0133654 0.4397419 0.2381912 
RuprSFB    0.3894995 0.4280836 0.3443993 0.4461269 0.3657722 0.0000000 0.4378298 0.4730341 0.4603817 0.4509429 0.3675970 0.4886145 0.3752999 
Retr       0.3933100 0.4196214 0.4664999 0.4295972 0.3672938 0.4378298 0.0000000 0.4702407 0.4608282 0.4264844 0.3681311 0.2119559 0.3422403 
Beta       0.4128607 0.4476593 0.4828678 0.4703628 0.3961734 0.4730341 0.4702407 0.0000000 0.1452338 0.4680045 0.4015608 0.5493428 0.4385390 
Spol       0.4123650 0.4518839 0.4791565 0.4845342 0.4115985 0.4603817 0.4608282 0.1452338 0.0000000 0.4833622 0.4186163 0.5225271 0.4417397 
MJM1652    0.3406201 0.1362186 0.4549604 0.1984724 0.2970373 0.4509429 0.4264844 0.4680045 0.4833622 0.0000000 0.2983655 0.4668315 0.2892909 
NepSFB     0.2668147 0.2717620 0.4080404 0.3034387 0.0133654 0.3675970 0.3681311 0.4015608 0.4186163 0.2983655 0.0000000 0.4480681 0.2338904 
WPYJ       0.4647682 0.4688641 0.5503244 0.4627712 0.4397419 0.4886145 0.2119559 0.5493428 0.5225271 0.4668315 0.4480681 0.0000000 0.4053891 
MJM2940    0.1855093 0.2873116 0.4683806 0.2990746 0.2381912 0.3752999 0.3422403 0.4385390 0.4417397 0.2892909 0.2338904 0.4053891 0.0000000 
