13
DrolusSFB  0.0000000 0.3521744 0.3941741 0.4297060 0.2728740 0.3729511 0.4005589 0.4068581 0.4173193 0.3669105 0.2726444 0.4038867 0.2134538 
Dino       0.3521744 0.0000000 0.4021801 0.1951098 0.2583913 0.3362608 0.3785022 0.3796330 0.3908272 0.1481580 0.2619908 0.4348007 0.2511517 
MJM3360    0.3941741 0.4021801 0.0000000 0.4726786 0.3512542 0.3112689 0.4853925 0.4121771 0.4251723 0.4099112 0.3618430 0.5088713 0.3285064 
DrobinSFB  0.4297060 0.1951098 0.4726786 0.0000000 0.3451280 0.4038401 0.4947921 0.4550253 0.4567119 0.2361499 0.3467406 0.5399641 0.3103535 
Neam       0.2728740 0.2583913 0.3512542 0.3451280 0.0000000 0.2985015 0.4056527 0.3320352 0.3495109 0.3010504 0.0084323 0.4435906 0.1836472 
RuprSFB    0.3729511 0.3362608 0.3112689 0.4038401 0.2985015 0.0000000 0.4537819 0.3659388 0.3735789 0.3631363 0.3019824 0.4257942 0.2613945 
Retr       0.4005589 0.3785022 0.4853925 0.4947921 0.4056527 0.4537819 0.0000000 0.4296659 0.4076405 0.3976453 0.4164866 0.2308964 0.3552253 
Beta       0.4068581 0.3796330 0.4121771 0.4550253 0.3320352 0.3659388 0.4296659 0.0000000 0.1687279 0.4058111 0.3412345 0.4255525 0.3214237 
Spol       0.4173193 0.3908272 0.4251723 0.4567119 0.3495109 0.3735789 0.4076405 0.1687279 0.0000000 0.4061807 0.3604143 0.4271214 0.3231273 
MJM1652    0.3669105 0.1481580 0.4099112 0.2361499 0.3010504 0.3631363 0.3976453 0.4058111 0.4061807 0.0000000 0.3070737 0.4204711 0.2698585 
NepSFB     0.2726444 0.2619908 0.3618430 0.3467406 0.0084323 0.3019824 0.4164866 0.3412345 0.3604143 0.3070737 0.0000000 0.4479799 0.1880771 
WPYJ       0.4038867 0.4348007 0.5088713 0.5399641 0.4435906 0.4257942 0.2308964 0.4255525 0.4271214 0.4204711 0.4479799 0.0000000 0.3747254 
MJM2940    0.2134538 0.2511517 0.3285064 0.3103535 0.1836472 0.2613945 0.3552253 0.3214237 0.3231273 0.2698585 0.1880771 0.3747254 0.0000000 
