13
DrolusSFB  0.0000000 0.3252359 0.4678030 0.3671491 0.2676720 0.3800057 0.3380704 0.3633203 0.3902872 0.3289154 0.2821657 0.3752246 0.1945508 
Dino       0.3252359 0.0000000 0.4417611 0.1678209 0.2481660 0.4021743 0.3692300 0.4142708 0.4318125 0.1224061 0.2642239 0.3726310 0.2531041 
MJM3360    0.4678030 0.4417611 0.0000000 0.4978205 0.3906821 0.3887590 0.4171246 0.4242155 0.4776261 0.4518639 0.3978158 0.3912751 0.3969660 
DrobinSFB  0.3671491 0.1678209 0.4978205 0.0000000 0.2912393 0.4176006 0.3843836 0.4663005 0.4919031 0.1824449 0.3032216 0.4017973 0.3067418 
Neam       0.2676720 0.2481660 0.3906821 0.2912393 0.0000000 0.3522028 0.3095212 0.3121884 0.3649459 0.2640769 0.0150204 0.3246532 0.1777398 
RuprSFB    0.3800057 0.4021743 0.3887590 0.4176006 0.3522028 0.0000000 0.3384936 0.3655222 0.3968790 0.3965436 0.3513158 0.3375020 0.3095431 
Retr       0.3380704 0.3692300 0.4171246 0.3843836 0.3095212 0.3384936 0.0000000 0.3322523 0.3476071 0.3732388 0.3210555 0.1678683 0.2889283 
Beta       0.3633203 0.4142708 0.4242155 0.4663005 0.3121884 0.3655222 0.3322523 0.0000000 0.1295427 0.4037776 0.3133750 0.2943246 0.3219897 
Spol       0.3902872 0.4318125 0.4776261 0.4919031 0.3649459 0.3968790 0.3476071 0.1295427 0.0000000 0.4211870 0.3572704 0.3477454 0.3640417 
MJM1652    0.3289154 0.1224061 0.4518639 0.1824449 0.2640769 0.3965436 0.3732388 0.4037776 0.4211870 0.0000000 0.2811744 0.3720337 0.2731563 
NepSFB     0.2821657 0.2642239 0.3978158 0.3032216 0.0150204 0.3513158 0.3210555 0.3133750 0.3572704 0.2811744 0.0000000 0.3199820 0.1922280 
WPYJ       0.3752246 0.3726310 0.3912751 0.4017973 0.3246532 0.3375020 0.1678683 0.2943246 0.3477454 0.3720337 0.3199820 0.0000000 0.3086290 
MJM2940    0.1945508 0.2531041 0.3969660 0.3067418 0.1777398 0.3095431 0.2889283 0.3219897 0.3640417 0.2731563 0.1922280 0.3086290 0.0000000 
