13
DrolusSFB  0.0000000 0.2395280 0.3551373 0.2928060 0.2069486 0.3188036 0.3409992 0.2933300 0.3359580 0.2637246 0.2075058 0.3706136 0.1470390 
Dino       0.2395280 0.0000000 0.3589692 0.2064414 0.2038044 0.3347894 0.3501404 0.3762937 0.3865495 0.1106968 0.2261504 0.4030502 0.2453295 
MJM3360    0.3551373 0.3589692 0.0000000 0.3912607 0.3020130 0.2780205 0.3987928 0.3454365 0.3454703 0.3558114 0.3292315 0.4335797 0.2938960 
DrobinSFB  0.2928060 0.2064414 0.3912607 0.0000000 0.2465813 0.3645942 0.3641894 0.3282900 0.3598505 0.2188444 0.2640877 0.4100280 0.2320551 
Neam       0.2069486 0.2038044 0.3020130 0.2465813 0.0000000 0.2946348 0.2872953 0.2621179 0.2905597 0.2144171 0.0146125 0.3348349 0.1500347 
RuprSFB    0.3188036 0.3347894 0.2780205 0.3645942 0.2946348 0.0000000 0.3897379 0.3193171 0.3243345 0.3397595 0.3089492 0.3884649 0.2768208 
Retr       0.3409992 0.3501404 0.3987928 0.3641894 0.2872953 0.3897379 0.0000000 0.3439312 0.3593866 0.3582248 0.3284085 0.1799905 0.2943397 
Beta       0.2933300 0.3762937 0.3454365 0.3282900 0.2621179 0.3193171 0.3439312 0.0000000 0.1373302 0.3299706 0.3224747 0.3268471 0.2963483 
Spol       0.3359580 0.3865495 0.3454703 0.3598505 0.2905597 0.3243345 0.3593866 0.1373302 0.0000000 0.3418586 0.3400476 0.3682159 0.3287620 
MJM1652    0.2637246 0.1106968 0.3558114 0.2188444 0.2144171 0.3397595 0.3582248 0.3299706 0.3418586 0.0000000 0.2315239 0.3864061 0.2298367 
NepSFB     0.2075058 0.2261504 0.3292315 0.2640877 0.0146125 0.3089492 0.3284085 0.3224747 0.3400476 0.2315239 0.0000000 0.3586857 0.1942517 
WPYJ       0.3706136 0.4030502 0.4335797 0.4100280 0.3348349 0.3884649 0.1799905 0.3268471 0.3682159 0.3864061 0.3586857 0.0000000 0.3193368 
MJM2940    0.1470390 0.2453295 0.2938960 0.2320551 0.1500347 0.2768208 0.2943397 0.2963483 0.3287620 0.2298367 0.1942517 0.3193368 0.0000000 
