13
DrolusSFB  0.0000000 0.2657627 0.3374935 0.2881540 0.2328435 0.2798266 0.3325335 0.3660740 0.3609815 0.2916930 0.2335747 0.3350598 0.1916406 
Dino       0.2657627 0.0000000 0.3555125 0.1660464 0.2069119 0.2608723 0.3283771 0.3710295 0.3838669 0.1424379 0.2070272 0.3594262 0.2274837 
MJM3360    0.3374935 0.3555125 0.0000000 0.3708444 0.3017722 0.2357408 0.3483734 0.3789153 0.3959621 0.3634364 0.2969935 0.3559340 0.3130508 
DrobinSFB  0.2881540 0.1660464 0.3708444 0.0000000 0.2388306 0.3161035 0.3520734 0.3829641 0.3731930 0.2119371 0.2394785 0.3693349 0.2493372 
Neam       0.2328435 0.2069119 0.3017722 0.2388306 0.0000000 0.2521952 0.2924953 0.3290091 0.3252505 0.2410459 0.0093970 0.2978812 0.1853921 
RuprSFB    0.2798266 0.2608723 0.2357408 0.3161035 0.2521952 0.0000000 0.3005442 0.3268953 0.3406048 0.2920461 0.2529265 0.3228559 0.2603193 
Retr       0.3325335 0.3283771 0.3483734 0.3520734 0.2924953 0.3005442 0.0000000 0.4075530 0.3998631 0.3255604 0.2917113 0.2245119 0.3361443 
Beta       0.3660740 0.3710295 0.3789153 0.3829641 0.3290091 0.3268953 0.4075530 0.0000000 0.1560294 0.3896166 0.3262643 0.4139401 0.3640806 
Spol       0.3609815 0.3838669 0.3959621 0.3731930 0.3252505 0.3406048 0.3998631 0.1560294 0.0000000 0.3844790 0.3354120 0.4159899 0.3517427 
MJM1652    0.2916930 0.1424379 0.3634364 0.2119371 0.2410459 0.2920461 0.3255604 0.3896166 0.3844790 0.0000000 0.2393459 0.3835886 0.2705668 
NepSFB     0.2335747 0.2070272 0.2969935 0.2394785 0.0093970 0.2529265 0.2917113 0.3262643 0.3354120 0.2393459 0.0000000 0.2977144 0.1840287 
WPYJ       0.3350598 0.3594262 0.3559340 0.3693349 0.2978812 0.3228559 0.2245119 0.4139401 0.4159899 0.3835886 0.2977144 0.0000000 0.3278977 
MJM2940    0.1916406 0.2274837 0.3130508 0.2493372 0.1853921 0.2603193 0.3361443 0.3640806 0.3517427 0.2705668 0.1840287 0.3278977 0.0000000 
