13
DrolusSFB  0.0000000 0.3762590 0.4865723 0.5722490 0.3280428 0.4295767 0.3595451 0.4487292 0.4863602 0.4121529 0.3611385 0.3830314 0.2060945 
Dino       0.3762590 0.0000000 0.4148213 0.2961639 0.3178759 0.3187314 0.3435355 0.3837096 0.4184573 0.1703558 0.3223315 0.3060806 0.3341913 
MJM3360    0.4865723 0.4148213 0.0000000 0.5436485 0.4205584 0.3413536 0.3299745 0.4172160 0.4335747 0.4740475 0.4249279 0.3707563 0.3819744 
DrobinSFB  0.5722490 0.2961639 0.5436485 0.0000000 0.5214367 0.5357305 0.4890479 0.5342773 0.5715700 0.3672858 0.5455584 0.5146107 0.4413092 
Neam       0.3280428 0.3178759 0.4205584 0.5214367 0.0000000 0.3515076 0.3480131 0.4169983 0.4566877 0.3725396 0.0191402 0.3720572 0.2432889 
RuprSFB    0.4295767 0.3187314 0.3413536 0.5357305 0.3515076 0.0000000 0.3358859 0.4356810 0.4530342 0.3884817 0.3610948 0.3814568 0.3156310 
Retr       0.3595451 0.3435355 0.3299745 0.4890479 0.3480131 0.3358859 0.0000000 0.3948854 0.3938191 0.3672133 0.3664112 0.2255929 0.2748663 
Beta       0.4487292 0.3837096 0.4172160 0.5342773 0.4169983 0.4356810 0.3948854 0.0000000 0.1080945 0.4508037 0.4093001 0.3003459 0.3245680 
Spol       0.4863602 0.4184573 0.4335747 0.5715700 0.4566877 0.4530342 0.3938191 0.1080945 0.0000000 0.4876147 0.4558276 0.2945068 0.3457904 
MJM1652    0.4121529 0.1703558 0.4740475 0.3672858 0.3725396 0.3884817 0.3672133 0.4508037 0.4876147 0.0000000 0.3840767 0.3671395 0.3426982 
NepSFB     0.3611385 0.3223315 0.4249279 0.5455584 0.0191402 0.3610948 0.3664112 0.4093001 0.4558276 0.3840767 0.0000000 0.3828719 0.2533278 
WPYJ       0.3830314 0.3060806 0.3707563 0.5146107 0.3720572 0.3814568 0.2255929 0.3003459 0.2945068 0.3671395 0.3828719 0.0000000 0.2934419 
MJM2940    0.2060945 0.3341913 0.3819744 0.4413092 0.2432889 0.3156310 0.2748663 0.3245680 0.3457904 0.3426982 0.2533278 0.2934419 0.0000000 
