13
DrolusSFB  0.0000000 0.3152135 0.4726091 0.4147716 0.3472129 0.3661116 0.3975707 0.5058473 0.4903947 0.3353791 0.3521576 0.4731261 0.2552421 
Dino       0.3152135 0.0000000 0.4271183 0.2185743 0.2727496 0.3267743 0.3750883 0.4524606 0.4305456 0.1447134 0.2708538 0.4567673 0.2636760 
MJM3360    0.4726091 0.4271183 0.0000000 0.4950330 0.4425686 0.3635229 0.4143448 0.5505803 0.5081972 0.4359232 0.4322816 0.4516965 0.3950022 
DrobinSFB  0.4147716 0.2185743 0.4950330 0.0000000 0.3133531 0.3702621 0.3669247 0.4571683 0.3886585 0.2292960 0.3189708 0.3900912 0.3457548 
Neam       0.3472129 0.2727496 0.4425686 0.3133531 0.0000000 0.3010411 0.3332216 0.4970877 0.4289011 0.2825946 0.0253705 0.3732163 0.2546224 
RuprSFB    0.3661116 0.3267743 0.3635229 0.3702621 0.3010411 0.0000000 0.4321867 0.3923223 0.3924756 0.3381295 0.3001218 0.3829890 0.2782423 
Retr       0.3975707 0.3750883 0.4143448 0.3669247 0.3332216 0.4321867 0.0000000 0.4649183 0.4546134 0.3853063 0.3307892 0.2017463 0.3510629 
Beta       0.5058473 0.4524606 0.5505803 0.4571683 0.4970877 0.3923223 0.4649183 0.0000000 0.1579143 0.4299137 0.4979191 0.4567599 0.4459590 
Spol       0.4903947 0.4305456 0.5081972 0.3886585 0.4289011 0.3924756 0.4546134 0.1579143 0.0000000 0.4149205 0.4290220 0.4366535 0.4006653 
MJM1652    0.3353791 0.1447134 0.4359232 0.2292960 0.2825946 0.3381295 0.3853063 0.4299137 0.4149205 0.0000000 0.2772454 0.4562937 0.2776846 
NepSFB     0.3521576 0.2708538 0.4322816 0.3189708 0.0253705 0.3001218 0.3307892 0.4979191 0.4290220 0.2772454 0.0000000 0.3762820 0.2524525 
WPYJ       0.4731261 0.4567673 0.4516965 0.3900912 0.3732163 0.3829890 0.2017463 0.4567599 0.4366535 0.4562937 0.3762820 0.0000000 0.3661025 
MJM2940    0.2552421 0.2636760 0.3950022 0.3457548 0.2546224 0.2782423 0.3510629 0.4459590 0.4006653 0.2776846 0.2524525 0.3661025 0.0000000 
