13
DrolusSFB  0.0000000 0.3098010 0.4364222 0.4036817 0.3057258 0.2558948 0.3597104 0.4474694 0.4724269 0.3147859 0.3122084 0.4060740 0.1973672 
Dino       0.3098010 0.0000000 0.3509553 0.2395371 0.2630644 0.2517561 0.3881639 0.3415945 0.3818311 0.1814920 0.2678294 0.3818162 0.2712764 
MJM3360    0.4364222 0.3509553 0.0000000 0.5254591 0.4751092 0.3077255 0.4896725 0.5056751 0.5261618 0.4488536 0.4882522 0.5436055 0.3554765 
DrobinSFB  0.4036817 0.2395371 0.5254591 0.0000000 0.4028517 0.3309469 0.3677924 0.3952551 0.4654983 0.2682465 0.4203409 0.4644869 0.3306909 
Neam       0.3057258 0.2630644 0.4751092 0.4028517 0.0000000 0.2487702 0.3487867 0.4298347 0.4736247 0.2958344 0.0164925 0.4114913 0.2194455 
RuprSFB    0.2558948 0.2517561 0.3077255 0.3309469 0.2487702 0.0000000 0.4033957 0.3390469 0.3491513 0.2800433 0.2556681 0.3724210 0.2546912 
Retr       0.3597104 0.3881639 0.4896725 0.3677924 0.3487867 0.4033957 0.0000000 0.4072141 0.4507788 0.3829295 0.3569488 0.2537429 0.3573455 
Beta       0.4474694 0.3415945 0.5056751 0.3952551 0.4298347 0.3390469 0.4072141 0.0000000 0.1929662 0.4307463 0.4386534 0.5347892 0.3889954 
Spol       0.4724269 0.3818311 0.5261618 0.4654983 0.4736247 0.3491513 0.4507788 0.1929662 0.0000000 0.4784865 0.4870110 0.5342917 0.4058102 
MJM1652    0.3147859 0.1814920 0.4488536 0.2682465 0.2958344 0.2800433 0.3829295 0.4307463 0.4784865 0.0000000 0.3126315 0.3986328 0.2598816 
NepSFB     0.3122084 0.2678294 0.4882522 0.4203409 0.0164925 0.2556681 0.3569488 0.4386534 0.4870110 0.3126315 0.0000000 0.4253998 0.2214235 
WPYJ       0.4060740 0.3818162 0.5436055 0.4644869 0.4114913 0.3724210 0.2537429 0.5347892 0.5342917 0.3986328 0.4253998 0.0000000 0.3879550 
MJM2940    0.1973672 0.2712764 0.3554765 0.3306909 0.2194455 0.2546912 0.3573455 0.3889954 0.4058102 0.2598816 0.2214235 0.3879550 0.0000000 
