13
DrolusSFB  0.0000000 0.3552984 0.4314706 0.4296352 0.3459623 0.3568431 0.4465682 0.4078124 0.4689940 0.3395936 0.3434523 0.4414916 0.2396743 
Dino       0.3552984 0.0000000 0.4338006 0.2833175 0.3736661 0.4540591 0.4680872 0.4118633 0.4502891 0.2014599 0.3759538 0.4636845 0.3800642 
MJM3360    0.4314706 0.4338006 0.0000000 0.4868886 0.4728722 0.3576391 0.4876917 0.4589456 0.4751402 0.4395240 0.4775573 0.5228167 0.4590496 
DrobinSFB  0.4296352 0.2833175 0.4868886 0.0000000 0.4421916 0.5107365 0.5233567 0.5125128 0.4984751 0.2978582 0.4367645 0.5463943 0.4490272 
Neam       0.3459623 0.3736661 0.4728722 0.4421916 0.0000000 0.3983151 0.3975889 0.4263338 0.4331342 0.4004631 0.0125316 0.4218425 0.3109706 
RuprSFB    0.3568431 0.4540591 0.3576391 0.5107365 0.3983151 0.0000000 0.4502815 0.4665245 0.4554179 0.4217357 0.3873389 0.4554947 0.3851243 
Retr       0.4465682 0.4680872 0.4876917 0.5233567 0.3975889 0.4502815 0.0000000 0.3998755 0.4317832 0.4756219 0.4001306 0.1929442 0.4170642 
Beta       0.4078124 0.4118633 0.4589456 0.5125128 0.4263338 0.4665245 0.3998755 0.0000000 0.1718418 0.4144527 0.4238322 0.4567592 0.3585728 
Spol       0.4689940 0.4502891 0.4751402 0.4984751 0.4331342 0.4554179 0.4317832 0.1718418 0.0000000 0.4463978 0.4293683 0.4358584 0.3650691 
MJM1652    0.3395936 0.2014599 0.4395240 0.2978582 0.4004631 0.4217357 0.4756219 0.4144527 0.4463978 0.0000000 0.4014055 0.4383730 0.3305355 
NepSFB     0.3434523 0.3759538 0.4775573 0.4367645 0.0125316 0.3873389 0.4001306 0.4238322 0.4293683 0.4014055 0.0000000 0.4213977 0.3048590 
WPYJ       0.4414916 0.4636845 0.5228167 0.5463943 0.4218425 0.4554947 0.1929442 0.4567592 0.4358584 0.4383730 0.4213977 0.0000000 0.4390087 
MJM2940    0.2396743 0.3800642 0.4590496 0.4490272 0.3109706 0.3851243 0.4170642 0.3585728 0.3650691 0.3305355 0.3048590 0.4390087 0.0000000 
