13
DrolusSFB  0.0000000 0.3602472 0.4841995 0.4096972 0.3018967 0.4293001 0.4036235 0.4550775 0.4670991 0.4014445 0.3027413 0.4925043 0.1943388 
Dino       0.3602472 0.0000000 0.5121100 0.1632039 0.2847040 0.4430760 0.4123340 0.4761427 0.4802882 0.1553153 0.2866601 0.4824870 0.3049275 
MJM3360    0.4841995 0.5121100 0.0000000 0.5145954 0.4104201 0.4367849 0.4655294 0.5046184 0.5064199 0.5470908 0.4177651 0.5568322 0.4177707 
DrobinSFB  0.4096972 0.1632039 0.5145954 0.0000000 0.3164305 0.4831173 0.4376754 0.5071437 0.5005002 0.2092308 0.3170556 0.5221072 0.3459206 
Neam       0.3018967 0.2847040 0.4104201 0.3164305 0.0000000 0.3843579 0.3514216 0.4295955 0.4228134 0.3352179 0.0130702 0.4684896 0.2268883 
RuprSFB    0.4293001 0.4430760 0.4367849 0.4831173 0.3843579 0.0000000 0.4016170 0.4608606 0.4574510 0.4575321 0.3886821 0.5001138 0.3925901 
Retr       0.4036235 0.4123340 0.4655294 0.4376754 0.3514216 0.4016170 0.0000000 0.4368989 0.4274710 0.4427637 0.3509689 0.2279409 0.3739028 
Beta       0.4550775 0.4761427 0.5046184 0.5071437 0.4295955 0.4608606 0.4368989 0.0000000 0.1571085 0.4712751 0.4300034 0.5149338 0.4222631 
Spol       0.4670991 0.4802882 0.5064199 0.5005002 0.4228134 0.4574510 0.4274710 0.1571085 0.0000000 0.4876058 0.4265803 0.5057571 0.4396492 
MJM1652    0.4014445 0.1553153 0.5470908 0.2092308 0.3352179 0.4575321 0.4427637 0.4712751 0.4876058 0.0000000 0.3400779 0.5113596 0.3400535 
NepSFB     0.3027413 0.2866601 0.4177651 0.3170556 0.0130702 0.3886821 0.3509689 0.4300034 0.4265803 0.3400779 0.0000000 0.4780528 0.2296336 
WPYJ       0.4925043 0.4824870 0.5568322 0.5221072 0.4684896 0.5001138 0.2279409 0.5149338 0.5057571 0.5113596 0.4780528 0.0000000 0.4802536 
MJM2940    0.1943388 0.3049275 0.4177707 0.3459206 0.2268883 0.3925901 0.3739028 0.4222631 0.4396492 0.3400535 0.2296336 0.4802536 0.0000000 
