13
DrolusSFB  0.0000000 0.2951126 0.3815534 0.3270489 0.2652810 0.3759928 0.3537166 0.4161004 0.4340841 0.3343546 0.2693677 0.4336085 0.2050849 
Dino       0.2951126 0.0000000 0.4349037 0.1757117 0.2703770 0.3462707 0.4015381 0.4414287 0.4252821 0.1480924 0.2749353 0.5230064 0.2830200 
MJM3360    0.3815534 0.4349037 0.0000000 0.4465919 0.3697736 0.3429849 0.4122415 0.5276215 0.5668443 0.4876010 0.3767609 0.4703875 0.3874832 
DrobinSFB  0.3270489 0.1757117 0.4465919 0.0000000 0.3260410 0.4018811 0.4471144 0.4936725 0.4701286 0.2132834 0.3349402 0.5511446 0.3600340 
Neam       0.2652810 0.2703770 0.3697736 0.3260410 0.0000000 0.3503034 0.3472516 0.3969283 0.3766123 0.3437336 0.0113539 0.4238491 0.2245247 
RuprSFB    0.3759928 0.3462707 0.3429849 0.4018811 0.3503034 0.0000000 0.3951519 0.4372746 0.4744457 0.3847972 0.3567741 0.4367391 0.3666983 
Retr       0.3537166 0.4015381 0.4122415 0.4471144 0.3472516 0.3951519 0.0000000 0.4231004 0.4352618 0.4336637 0.3485472 0.1897791 0.3412293 
Beta       0.4161004 0.4414287 0.5276215 0.4936725 0.3969283 0.4372746 0.4231004 0.0000000 0.2051001 0.4546979 0.4006562 0.4647868 0.4289021 
Spol       0.4340841 0.4252821 0.5668443 0.4701286 0.3766123 0.4744457 0.4352618 0.2051001 0.0000000 0.4564658 0.3745157 0.4815151 0.4665043 
MJM1652    0.3343546 0.1480924 0.4876010 0.2132834 0.3437336 0.3847972 0.4336637 0.4546979 0.4564658 0.0000000 0.3517647 0.5090155 0.3342929 
NepSFB     0.2693677 0.2749353 0.3767609 0.3349402 0.0113539 0.3567741 0.3485472 0.4006562 0.3745157 0.3517647 0.0000000 0.4310867 0.2331224 
WPYJ       0.4336085 0.5230064 0.4703875 0.5511446 0.4238491 0.4367391 0.1897791 0.4647868 0.4815151 0.5090155 0.4310867 0.0000000 0.4204396 
MJM2940    0.2050849 0.2830200 0.3874832 0.3600340 0.2245247 0.3666983 0.3412293 0.4289021 0.4665043 0.3342929 0.2331224 0.4204396 0.0000000 
