13
DrolusSFB  0.0000000 0.2965193 0.3576990 0.2564279 0.2199783 0.3146326 0.2702709 0.3054490 0.2768978 0.2794710 0.2307011 0.3461753 0.1665877 
Dino       0.2965193 0.0000000 0.3489334 0.1805701 0.2424571 0.3052451 0.2843326 0.3045619 0.3161661 0.1666442 0.2491501 0.3727130 0.2544107 
MJM3360    0.3576990 0.3489334 0.0000000 0.3205396 0.3224509 0.2319662 0.3324443 0.3648955 0.3916140 0.3359827 0.3378900 0.3956395 0.3229248 
DrobinSFB  0.2564279 0.1805701 0.3205396 0.0000000 0.2334180 0.2925403 0.2885308 0.3131153 0.2974091 0.1895906 0.2480443 0.3660039 0.2320225 
Neam       0.2199783 0.2424571 0.3224509 0.2334180 0.0000000 0.2696617 0.2249607 0.2723259 0.2673052 0.2335144 0.0159364 0.3147199 0.1756575 
RuprSFB    0.3146326 0.3052451 0.2319662 0.2925403 0.2696617 0.0000000 0.2769273 0.3313256 0.3409743 0.3006707 0.2802748 0.3821981 0.2668445 
Retr       0.2702709 0.2843326 0.3324443 0.2885308 0.2249607 0.2769273 0.0000000 0.3050004 0.3391951 0.2818486 0.2283306 0.1965782 0.2534546 
Beta       0.3054490 0.3045619 0.3648955 0.3131153 0.2723259 0.3313256 0.3050004 0.0000000 0.1589500 0.2864410 0.2803753 0.3638854 0.2937505 
Spol       0.2768978 0.3161661 0.3916140 0.2974091 0.2673052 0.3409743 0.3391951 0.1589500 0.0000000 0.3050622 0.2931921 0.3860060 0.2923787 
MJM1652    0.2794710 0.1666442 0.3359827 0.1895906 0.2335144 0.3006707 0.2818486 0.2864410 0.3050622 0.0000000 0.2488926 0.3751350 0.2487619 
NepSFB     0.2307011 0.2491501 0.3378900 0.2480443 0.0159364 0.2802748 0.2283306 0.2803753 0.2931921 0.2488926 0.0000000 0.3232040 0.1898858 
WPYJ       0.3461753 0.3727130 0.3956395 0.3660039 0.3147199 0.3821981 0.1965782 0.3638854 0.3860060 0.3751350 0.3232040 0.0000000 0.3228965 
MJM2940    0.1665877 0.2544107 0.3229248 0.2320225 0.1756575 0.2668445 0.2534546 0.2937505 0.2923787 0.2487619 0.1898858 0.3228965 0.0000000 
