13
DrolusSFB  0.0000000 0.2945195 0.3592382 0.3554076 0.2230714 0.2945541 0.3088639 0.3069995 0.4136096 0.3362688 0.2274370 0.2650897 0.1669496 
Dino       0.2945195 0.0000000 0.3554694 0.2142475 0.3100373 0.3930116 0.3249379 0.4513149 0.5391217 0.2007889 0.3049646 0.3118897 0.2953365 
MJM3360    0.3592382 0.3554694 0.0000000 0.3635346 0.3483392 0.2320817 0.3281581 0.3445192 0.4579844 0.3697830 0.3341092 0.3328820 0.2736064 
DrobinSFB  0.3554076 0.2142475 0.3635346 0.0000000 0.3831177 0.4309196 0.3530131 0.4438497 0.5250765 0.2494720 0.3723793 0.3526869 0.3724075 
Neam       0.2230714 0.3100373 0.3483392 0.3831177 0.0000000 0.3250598 0.2781753 0.3489955 0.4456556 0.3328617 0.0157209 0.2846874 0.2068031 
RuprSFB    0.2945541 0.3930116 0.2320817 0.4309196 0.3250598 0.0000000 0.2755239 0.3701244 0.4553110 0.4068431 0.3173582 0.2821314 0.2772035 
Retr       0.3088639 0.3249379 0.3281581 0.3530131 0.2781753 0.2755239 0.0000000 0.2892616 0.4078692 0.3790194 0.2846774 0.1663298 0.2504675 
Beta       0.3069995 0.4513149 0.3445192 0.4438497 0.3489955 0.3701244 0.2892616 0.0000000 0.1879122 0.4455649 0.3523435 0.3056043 0.3331745 
Spol       0.4136096 0.5391217 0.4579844 0.5250765 0.4456556 0.4553110 0.4078692 0.1879122 0.0000000 0.5339825 0.4505391 0.4269177 0.4183866 
MJM1652    0.3362688 0.2007889 0.3697830 0.2494720 0.3328617 0.4068431 0.3790194 0.4455649 0.5339825 0.0000000 0.3375906 0.3399853 0.3648775 
NepSFB     0.2274370 0.3049646 0.3341092 0.3723793 0.0157209 0.3173582 0.2846774 0.3523435 0.4505391 0.3375906 0.0000000 0.2798204 0.2037282 
WPYJ       0.2650897 0.3118897 0.3328820 0.3526869 0.2846874 0.2821314 0.1663298 0.3056043 0.4269177 0.3399853 0.2798204 0.0000000 0.2409235 
MJM2940    0.1669496 0.2953365 0.2736064 0.3724075 0.2068031 0.2772035 0.2504675 0.3331745 0.4183866 0.3648775 0.2037282 0.2409235 0.0000000 
