13
DrolusSFB  0.0000000 0.2965650 0.3532647 0.3225365 0.2314527 0.3143414 0.2676497 0.3316184 0.3386181 0.3508511 0.2355036 0.3675842 0.1604074 
Dino       0.2965650 0.0000000 0.4131068 0.1861041 0.2881759 0.3611431 0.2841333 0.4267008 0.4182824 0.1572329 0.2937066 0.4094293 0.2994356 
MJM3360    0.3532647 0.4131068 0.0000000 0.4187581 0.3547007 0.3086084 0.3161160 0.4135647 0.4086931 0.4498475 0.3598257 0.4485609 0.3486980 
DrobinSFB  0.3225365 0.1861041 0.4187581 0.0000000 0.3311862 0.3699585 0.3212970 0.4340333 0.4359521 0.2235850 0.3400200 0.4354457 0.3158335 
Neam       0.2314527 0.2881759 0.3547007 0.3311862 0.0000000 0.3036204 0.2474461 0.3304189 0.3387585 0.3031328 0.0088019 0.3523990 0.2032937 
RuprSFB    0.3143414 0.3611431 0.3086084 0.3699585 0.3036204 0.0000000 0.2776501 0.3664996 0.3675646 0.3904943 0.3071008 0.3637505 0.2938992 
Retr       0.2676497 0.2841333 0.3161160 0.3212970 0.2474461 0.2776501 0.0000000 0.3025639 0.3033277 0.3154414 0.2502207 0.1430748 0.2395551 
Beta       0.3316184 0.4267008 0.4135647 0.4340333 0.3304189 0.3664996 0.3025639 0.0000000 0.1353590 0.4289241 0.3391869 0.3840722 0.3151652 
Spol       0.3386181 0.4182824 0.4086931 0.4359521 0.3387585 0.3675646 0.3033277 0.1353590 0.0000000 0.4378830 0.3474840 0.3965460 0.3218058 
MJM1652    0.3508511 0.1572329 0.4498475 0.2235850 0.3031328 0.3904943 0.3154414 0.4289241 0.4378830 0.0000000 0.3040538 0.4517400 0.3097033 
NepSFB     0.2355036 0.2937066 0.3598257 0.3400200 0.0088019 0.3071008 0.2502207 0.3391869 0.3474840 0.3040538 0.0000000 0.3719435 0.2094251 
WPYJ       0.3675842 0.4094293 0.4485609 0.4354457 0.3523990 0.3637505 0.1430748 0.3840722 0.3965460 0.4517400 0.3719435 0.0000000 0.3235931 
MJM2940    0.1604074 0.2994356 0.3486980 0.3158335 0.2032937 0.2938992 0.2395551 0.3151652 0.3218058 0.3097033 0.2094251 0.3235931 0.0000000 
