13
DrolusSFB  0.0000000 0.3411405 0.3858745 0.4835796 0.2830925 0.2992039 0.4224084 0.4937225 0.4702239 0.3928776 0.2882842 0.3377346 0.2094846 
Dino       0.3411405 0.0000000 0.3921152 0.3933008 0.3065966 0.4009656 0.4275748 0.5473994 0.5473901 0.1882131 0.3100895 0.4378502 0.3065643 
MJM3360    0.3858745 0.3921152 0.0000000 0.5233612 0.3278415 0.2899215 0.4049282 0.5900062 0.5269253 0.4488328 0.3172285 0.4051124 0.3489178 
DrobinSFB  0.4835796 0.3933008 0.5233612 0.0000000 0.4128536 0.4922651 0.6116451 0.5176850 0.5621816 0.4059697 0.4176357 0.5343787 0.4779543 
Neam       0.2830925 0.3065966 0.3278415 0.4128536 0.0000000 0.2752506 0.3844700 0.4537831 0.4424346 0.3187247 0.0104132 0.3403563 0.2151164 
RuprSFB    0.2992039 0.4009656 0.2899215 0.4922651 0.2752506 0.0000000 0.3760977 0.5555027 0.4910301 0.4173324 0.2758203 0.3415093 0.2958520 
Retr       0.4224084 0.4275748 0.4049282 0.6116451 0.3844700 0.3760977 0.0000000 0.4934580 0.4487816 0.4781059 0.3917516 0.2098398 0.3754147 
Beta       0.4937225 0.5473994 0.5900062 0.5176850 0.4537831 0.5555027 0.4934580 0.0000000 0.1487426 0.5715802 0.4457682 0.4245016 0.5173329 
Spol       0.4702239 0.5473901 0.5269253 0.5621816 0.4424346 0.4910301 0.4487816 0.1487426 0.0000000 0.5635670 0.4534662 0.4020712 0.4804533 
MJM1652    0.3928776 0.1882131 0.4488328 0.4059697 0.3187247 0.4173324 0.4781059 0.5715802 0.5635670 0.0000000 0.3223888 0.4819069 0.3310478 
NepSFB     0.2882842 0.3100895 0.3172285 0.4176357 0.0104132 0.2758203 0.3917516 0.4457682 0.4534662 0.3223888 0.0000000 0.3517947 0.2173820 
WPYJ       0.3377346 0.4378502 0.4051124 0.5343787 0.3403563 0.3415093 0.2098398 0.4245016 0.4020712 0.4819069 0.3517947 0.0000000 0.3395371 
MJM2940    0.2094846 0.3065643 0.3489178 0.4779543 0.2151164 0.2958520 0.3754147 0.5173329 0.4804533 0.3310478 0.2173820 0.3395371 0.0000000 
