13
DrolusSFB  0.0000000 0.2708180 0.3507378 0.2917017 0.2168565 0.3368770 0.2933755 0.2919129 0.2944245 0.2976913 0.2164859 0.3076842 0.3155902 
Dino       0.2708180 0.0000000 0.3342798 0.1447499 0.2173363 0.3419094 0.3294409 0.3470513 0.3451721 0.1645866 0.2197994 0.3457022 0.4016006 
MJM3360    0.3507378 0.3342798 0.0000000 0.3431013 0.2886239 0.2658281 0.3346596 0.3291601 0.3277599 0.3554720 0.2849222 0.3317338 0.4400671 
DrobinSFB  0.2917017 0.1447499 0.3431013 0.0000000 0.2198677 0.3485478 0.3291692 0.3374237 0.3488330 0.2157470 0.2198898 0.3516136 0.4147955 
Neam       0.2168565 0.2173363 0.2886239 0.2198677 0.0000000 0.2377156 0.2803720 0.2696720 0.2798222 0.2270079 0.0140652 0.3065921 0.2793270 
RuprSFB    0.3368770 0.3419094 0.2658281 0.3485478 0.2377156 0.0000000 0.3312420 0.3194866 0.2965935 0.3353285 0.2418411 0.3317320 0.4097190 
Retr       0.2933755 0.3294409 0.3346596 0.3291692 0.2803720 0.3312420 0.0000000 0.3048461 0.3146296 0.3386617 0.2819204 0.2027532 0.4403850 
Beta       0.2919129 0.3470513 0.3291601 0.3374237 0.2696720 0.3194866 0.3048461 0.0000000 0.1325209 0.3036571 0.2608448 0.3418383 0.3858781 
Spol       0.2944245 0.3451721 0.3277599 0.3488330 0.2798222 0.2965935 0.3146296 0.1325209 0.0000000 0.3550213 0.2768668 0.3212128 0.3605161 
MJM1652    0.2976913 0.1645866 0.3554720 0.2157470 0.2270079 0.3353285 0.3386617 0.3036571 0.3550213 0.0000000 0.2291844 0.3603380 0.4376293 
NepSFB     0.2164859 0.2197994 0.2849222 0.2198898 0.0140652 0.2418411 0.2819204 0.2608448 0.2768668 0.2291844 0.0000000 0.3106407 0.2750223 
WPYJ       0.3076842 0.3457022 0.3317338 0.3516136 0.3065921 0.3317320 0.2027532 0.3418383 0.3212128 0.3603380 0.3106407 0.0000000 0.4435942 
MJM2940    0.3155902 0.4016006 0.4400671 0.4147955 0.2793270 0.4097190 0.4403850 0.3858781 0.3605161 0.4376293 0.2750223 0.4435942 0.0000000 
