13
DrolusSFB  0.0000000 0.3381718 0.3674925 0.3364209 0.3021055 0.3467283 0.3296933 0.4016835 0.4185092 0.3704964 0.3040218 0.3544259 0.2081314 
Dino       0.3381718 0.0000000 0.4212671 0.1399739 0.2904809 0.3746654 0.3339406 0.4225202 0.4299574 0.1464065 0.2872776 0.3511394 0.3079762 
MJM3360    0.3674925 0.4212671 0.0000000 0.4300604 0.3536618 0.2953188 0.2984905 0.4424344 0.4352486 0.4668042 0.3547664 0.3774737 0.3650801 
DrobinSFB  0.3364209 0.1399739 0.4300604 0.0000000 0.3191417 0.3887470 0.3884702 0.4049576 0.4239974 0.1953865 0.3151974 0.3596518 0.3226229 
Neam       0.3021055 0.2904809 0.3536618 0.3191417 0.0000000 0.3476472 0.3047492 0.4074591 0.3868010 0.3724237 0.0189648 0.3779825 0.2710824 
RuprSFB    0.3467283 0.3746654 0.2953188 0.3887470 0.3476472 0.0000000 0.3082117 0.4236609 0.4123385 0.4172003 0.3327456 0.3513144 0.3039000 
Retr       0.3296933 0.3339406 0.2984905 0.3884702 0.3047492 0.3082117 0.0000000 0.3473046 0.3741213 0.3708546 0.2961459 0.1609637 0.2967383 
Beta       0.4016835 0.4225202 0.4424344 0.4049576 0.4074591 0.4236609 0.3473046 0.0000000 0.1359895 0.4713539 0.4085756 0.4090242 0.4058374 
Spol       0.4185092 0.4299574 0.4352486 0.4239974 0.3868010 0.4123385 0.3741213 0.1359895 0.0000000 0.4625976 0.3857095 0.4050495 0.3679919 
MJM1652    0.3704964 0.1464065 0.4668042 0.1953865 0.3724237 0.4172003 0.3708546 0.4713539 0.4625976 0.0000000 0.3720673 0.3610959 0.3680535 
NepSFB     0.3040218 0.2872776 0.3547664 0.3151974 0.0189648 0.3327456 0.2961459 0.4085756 0.3857095 0.3720673 0.0000000 0.3642498 0.2712125 
WPYJ       0.3544259 0.3511394 0.3774737 0.3596518 0.3779825 0.3513144 0.1609637 0.4090242 0.4050495 0.3610959 0.3642498 0.0000000 0.3324688 
MJM2940    0.2081314 0.3079762 0.3650801 0.3226229 0.2710824 0.3039000 0.2967383 0.4058374 0.3679919 0.3680535 0.2712125 0.3324688 0.0000000 
