13
DrolusSFB  0.0000000 0.2961847 0.3679008 0.4077056 0.2985427 0.3094353 0.4063210 0.4204583 0.4314957 0.4026464 0.3052166 0.3914471 0.2044985 
Dino       0.2961847 0.0000000 0.3792479 0.1787380 0.2276276 0.2815101 0.4092329 0.3448293 0.3494051 0.1343059 0.2365882 0.3707223 0.2516556 
MJM3360    0.3679008 0.3792479 0.0000000 0.4053650 0.3308447 0.2727438 0.3870356 0.3101147 0.3688947 0.3832124 0.3265650 0.3496065 0.3022296 
DrobinSFB  0.4077056 0.1787380 0.4053650 0.0000000 0.3153766 0.3463264 0.4712343 0.4595742 0.4823518 0.3094324 0.3276685 0.4185607 0.3570381 
Neam       0.2985427 0.2276276 0.3308447 0.3153766 0.0000000 0.2790814 0.3832612 0.3210028 0.3861599 0.2963664 0.0161400 0.3556359 0.2358067 
RuprSFB    0.3094353 0.2815101 0.2727438 0.3463264 0.2790814 0.0000000 0.3470503 0.3392025 0.3077523 0.3296431 0.2870838 0.3087957 0.2691749 
Retr       0.4063210 0.4092329 0.3870356 0.4712343 0.3832612 0.3470503 0.0000000 0.4201163 0.4812665 0.4475172 0.3922949 0.3359178 0.3700309 
Beta       0.4204583 0.3448293 0.3101147 0.4595742 0.3210028 0.3392025 0.4201163 0.0000000 0.2209493 0.4798658 0.3390949 0.3750925 0.3720315 
Spol       0.4314957 0.3494051 0.3688947 0.4823518 0.3861599 0.3077523 0.4812665 0.2209493 0.0000000 0.5073636 0.4043942 0.4020145 0.4056005 
MJM1652    0.4026464 0.1343059 0.3832124 0.3094324 0.2963664 0.3296431 0.4475172 0.4798658 0.5073636 0.0000000 0.2983136 0.4182917 0.3760094 
NepSFB     0.3052166 0.2365882 0.3265650 0.3276685 0.0161400 0.2870838 0.3922949 0.3390949 0.4043942 0.2983136 0.0000000 0.3577835 0.2458334 
WPYJ       0.3914471 0.3707223 0.3496065 0.4185607 0.3556359 0.3087957 0.3359178 0.3750925 0.4020145 0.4182917 0.3577835 0.0000000 0.3496505 
MJM2940    0.2044985 0.2516556 0.3022296 0.3570381 0.2358067 0.2691749 0.3700309 0.3720315 0.4056005 0.3760094 0.2458334 0.3496505 0.0000000 
