13
DrolusSFB  0.0000000 0.4007002 0.3979239 0.4456625 0.2848739 0.3439181 0.3768565 0.4853303 0.4951175 0.4204722 0.2854961 0.4588861 0.2207097 
Dino       0.4007002 0.0000000 0.4327819 0.2056212 0.3122078 0.4064826 0.4175634 0.5430701 0.5409057 0.1562202 0.3162317 0.5108517 0.3446968 
MJM3360    0.3979239 0.4327819 0.0000000 0.4960170 0.3432536 0.2738195 0.3720002 0.5158880 0.5062753 0.4548802 0.3451234 0.4440047 0.3465726 
DrobinSFB  0.4456625 0.2056212 0.4960170 0.0000000 0.3837593 0.4769840 0.4618758 0.5868376 0.6108010 0.2576191 0.3903776 0.5384507 0.3940307 
Neam       0.2848739 0.3122078 0.3432536 0.3837593 0.0000000 0.2853049 0.3155889 0.4500208 0.4580668 0.3424459 0.0109286 0.3894447 0.2306738 
RuprSFB    0.3439181 0.4064826 0.2738195 0.4769840 0.2853049 0.0000000 0.3192643 0.4331116 0.4365329 0.4372687 0.2863242 0.3996812 0.2866562 
Retr       0.3768565 0.4175634 0.3720002 0.4618758 0.3155889 0.3192643 0.0000000 0.5153760 0.5011682 0.4652163 0.3216951 0.1938627 0.3181858 
Beta       0.4853303 0.5430701 0.5158880 0.5868376 0.4500208 0.4331116 0.5153760 0.0000000 0.1910880 0.5923043 0.4604767 0.5966349 0.4570925 
Spol       0.4951175 0.5409057 0.5062753 0.6108010 0.4580668 0.4365329 0.5011682 0.1910880 0.0000000 0.6062628 0.4651859 0.5894534 0.4495677 
MJM1652    0.4204722 0.1562202 0.4548802 0.2576191 0.3424459 0.4372687 0.4652163 0.5923043 0.6062628 0.0000000 0.3469483 0.5546281 0.3850634 
NepSFB     0.2854961 0.3162317 0.3451234 0.3903776 0.0109286 0.2863242 0.3216951 0.4604767 0.4651859 0.3469483 0.0000000 0.4016144 0.2332476 
WPYJ       0.4588861 0.5108517 0.4440047 0.5384507 0.3894447 0.3996812 0.1938627 0.5966349 0.5894534 0.5546281 0.4016144 0.0000000 0.3935023 
MJM2940    0.2207097 0.3446968 0.3465726 0.3940307 0.2306738 0.2866562 0.3181858 0.4570925 0.4495677 0.3850634 0.2332476 0.3935023 0.0000000 
