13
DrolusSFB  0.0000000 0.2201405 0.2572026 0.2629819 0.2209223 0.2582517 0.2618613 0.2777634 0.2813033 0.2515821 0.2157964 0.2543829 0.1415402 
Dino       0.2201405 0.0000000 0.2637376 0.1528310 0.2068277 0.2790349 0.3034808 0.3000944 0.2744770 0.1277848 0.2045897 0.3071462 0.1828778 
MJM3360    0.2572026 0.2637376 0.0000000 0.2908660 0.2524114 0.2324466 0.2990925 0.3537265 0.3248034 0.3090610 0.2563009 0.3176575 0.2291068 
DrobinSFB  0.2629819 0.1528310 0.2908660 0.0000000 0.2512189 0.3123137 0.3422417 0.3385821 0.3499208 0.2119498 0.2565878 0.3613499 0.2379627 
Neam       0.2209223 0.2068277 0.2524114 0.2512189 0.0000000 0.2480500 0.2649813 0.2812405 0.2902228 0.2517299 0.0138984 0.2897859 0.1753203 
RuprSFB    0.2582517 0.2790349 0.2324466 0.3123137 0.2480500 0.0000000 0.2998772 0.3096162 0.3025535 0.2749087 0.2457728 0.2965815 0.2251155 
Retr       0.2618613 0.3034808 0.2990925 0.3422417 0.2649813 0.2998772 0.0000000 0.3317184 0.3280400 0.3491144 0.2641791 0.1676716 0.2294181 
Beta       0.2777634 0.3000944 0.3537265 0.3385821 0.2812405 0.3096162 0.3317184 0.0000000 0.1207739 0.3537566 0.2767245 0.3191143 0.2438365 
Spol       0.2813033 0.2744770 0.3248034 0.3499208 0.2902228 0.3025535 0.3280400 0.1207739 0.0000000 0.3314180 0.2854129 0.3403225 0.2503165 
MJM1652    0.2515821 0.1277848 0.3090610 0.2119498 0.2517299 0.2749087 0.3491144 0.3537566 0.3314180 0.0000000 0.2506566 0.3652498 0.2354807 
NepSFB     0.2157964 0.2045897 0.2563009 0.2565878 0.0138984 0.2457728 0.2641791 0.2767245 0.2854129 0.2506566 0.0000000 0.2805048 0.1671610 
WPYJ       0.2543829 0.3071462 0.3176575 0.3613499 0.2897859 0.2965815 0.1676716 0.3191143 0.3403225 0.3652498 0.2805048 0.0000000 0.2404593 
MJM2940    0.1415402 0.1828778 0.2291068 0.2379627 0.1753203 0.2251155 0.2294181 0.2438365 0.2503165 0.2354807 0.1671610 0.2404593 0.0000000 
