13
DrolusSFB  0.0000000 0.3664055 0.4400395 0.3444071 0.2693251 0.4255000 0.3598219 0.4706069 0.5009478 0.3484722 0.2718899 0.4086096 0.2051170 
Dino       0.3664055 0.0000000 0.4254860 0.1954560 0.2593685 0.4523067 0.4131635 0.5362266 0.5659249 0.2215932 0.2463002 0.4144182 0.3144560 
MJM3360    0.4400395 0.4254860 0.0000000 0.4138854 0.4132668 0.3218735 0.3501474 0.4891286 0.4858209 0.4454773 0.4038327 0.4199376 0.4276994 
DrobinSFB  0.3444071 0.1954560 0.4138854 0.0000000 0.3125787 0.4031388 0.4384478 0.5324673 0.4800685 0.2726067 0.3101619 0.4832715 0.2923635 
Neam       0.2693251 0.2593685 0.4132668 0.3125787 0.0000000 0.3664459 0.2986946 0.4555190 0.4489059 0.2983902 0.0108836 0.3404568 0.2380936 
RuprSFB    0.4255000 0.4523067 0.3218735 0.4031388 0.3664459 0.0000000 0.3180583 0.4825146 0.4643221 0.3791063 0.3488310 0.3521510 0.3832678 
Retr       0.3598219 0.4131635 0.3501474 0.4384478 0.2986946 0.3180583 0.0000000 0.5063985 0.4450587 0.4191972 0.2966997 0.2008502 0.3133779 
Beta       0.4706069 0.5362266 0.4891286 0.5324673 0.4555190 0.4825146 0.5063985 0.0000000 0.1818466 0.4261432 0.4354520 0.4092391 0.4792967 
Spol       0.5009478 0.5659249 0.4858209 0.4800685 0.4489059 0.4643221 0.4450587 0.1818466 0.0000000 0.4058604 0.4384484 0.4091330 0.4548907 
MJM1652    0.3484722 0.2215932 0.4454773 0.2726067 0.2983902 0.3791063 0.4191972 0.4261432 0.4058604 0.0000000 0.2899995 0.3997201 0.2969723 
NepSFB     0.2718899 0.2463002 0.4038327 0.3101619 0.0108836 0.3488310 0.2966997 0.4354520 0.4384484 0.2899995 0.0000000 0.3285922 0.2353007 
WPYJ       0.4086096 0.4144182 0.4199376 0.4832715 0.3404568 0.3521510 0.2008502 0.4092391 0.4091330 0.3997201 0.3285922 0.0000000 0.3673088 
MJM2940    0.2051170 0.3144560 0.4276994 0.2923635 0.2380936 0.3832678 0.3133779 0.4792967 0.4548907 0.2969723 0.2353007 0.3673088 0.0000000 
