13
DrolusSFB  0.0000000 0.3263338 0.2966783 0.3375759 0.2133741 0.2885668 0.2986727 0.3109702 0.3027613 0.3586324 0.2157969 0.3429057 0.1775040 
Dino       0.3263338 0.0000000 0.3480834 0.1495886 0.3027693 0.3375201 0.3537940 0.3234511 0.3335186 0.1351498 0.3034177 0.4017235 0.3695461 
MJM3360    0.2966783 0.3480834 0.0000000 0.4316046 0.2860374 0.1811864 0.2819558 0.3163099 0.2964636 0.3894017 0.2892791 0.3333435 0.3238621 
DrobinSFB  0.3375759 0.1495886 0.4316046 0.0000000 0.2943616 0.3925969 0.3781981 0.4323565 0.4112644 0.1916853 0.2966531 0.4362148 0.3424266 
Neam       0.2133741 0.3027693 0.2860374 0.2943616 0.0000000 0.2598279 0.2477906 0.2895004 0.2682045 0.3337235 0.0045967 0.3101728 0.2032034 
RuprSFB    0.2885668 0.3375201 0.1811864 0.3925969 0.2598279 0.0000000 0.2845724 0.2784962 0.2639890 0.3762067 0.2613288 0.3340485 0.3397023 
Retr       0.2986727 0.3537940 0.2819558 0.3781981 0.2477906 0.2845724 0.0000000 0.3174576 0.3226691 0.3611914 0.2480753 0.1785339 0.3433517 
Beta       0.3109702 0.3234511 0.3163099 0.4323565 0.2895004 0.2784962 0.3174576 0.0000000 0.1443627 0.3419568 0.2884280 0.3501064 0.3677024 
Spol       0.3027613 0.3335186 0.2964636 0.4112644 0.2682045 0.2639890 0.3226691 0.1443627 0.0000000 0.3333514 0.2684761 0.3512803 0.3239936 
MJM1652    0.3586324 0.1351498 0.3894017 0.1916853 0.3337235 0.3762067 0.3611914 0.3419568 0.3333514 0.0000000 0.3349867 0.4194883 0.3989155 
NepSFB     0.2157969 0.3034177 0.2892791 0.2966531 0.0045967 0.2613288 0.2480753 0.2884280 0.2684761 0.3349867 0.0000000 0.3101941 0.2005809 
WPYJ       0.3429057 0.4017235 0.3333435 0.4362148 0.3101728 0.3340485 0.1785339 0.3501064 0.3512803 0.4194883 0.3101941 0.0000000 0.3744986 
MJM2940    0.1775040 0.3695461 0.3238621 0.3424266 0.2032034 0.3397023 0.3433517 0.3677024 0.3239936 0.3989155 0.2005809 0.3744986 0.0000000 
