13
DrolusSFB  0.0000000 0.2621462 0.3362681 0.4951481 0.3168643 0.3084299 0.5275400 0.5427423 0.4624572 0.3149060 0.3044410 0.6616677 0.2327872 
Dino       0.2621462 0.0000000 0.3012440 0.3700404 0.2767966 0.4005865 0.4503306 0.4479777 0.4264780 0.1885828 0.2819060 0.6705702 0.2930334 
MJM3360    0.3362681 0.3012440 0.0000000 0.5906840 0.3588714 0.3761668 0.5884745 0.6104218 0.5242832 0.3531174 0.3753688 0.9423203 0.3449825 
DrobinSFB  0.4951481 0.3700404 0.5906840 0.0000000 0.4582960 0.4618991 0.5301042 0.4548628 0.5562868 0.3808427 0.4412633 0.5863137 0.3940855 
Neam       0.3168643 0.2767966 0.3588714 0.4582960 0.0000000 0.3735531 0.4930535 0.4712442 0.4511133 0.2536121 0.0299848 0.6646003 0.2645039 
RuprSFB    0.3084299 0.4005865 0.3761668 0.4618991 0.3735531 0.0000000 0.4768972 0.5288441 0.5866591 0.3955347 0.3798740 0.7717645 0.3222627 
Retr       0.5275400 0.4503306 0.5884745 0.5301042 0.4930535 0.4768972 0.0000000 0.3787081 0.4484523 0.4647772 0.4848810 0.2695684 0.4875280 
Beta       0.5427423 0.4479777 0.6104218 0.4548628 0.4712442 0.5288441 0.3787081 0.0000000 0.3176791 0.4309096 0.4457861 0.3346732 0.4936412 
Spol       0.4624572 0.4264780 0.5242832 0.5562868 0.4511133 0.5866591 0.4484523 0.3176791 0.0000000 0.4090849 0.4555303 0.4622529 0.3916990 
MJM1652    0.3149060 0.1885828 0.3531174 0.3808427 0.2536121 0.3955347 0.4647772 0.4309096 0.4090849 0.0000000 0.2582621 0.6598699 0.2726874 
NepSFB     0.3044410 0.2819060 0.3753688 0.4412633 0.0299848 0.3798740 0.4848810 0.4457861 0.4555303 0.2582621 0.0000000 0.6403357 0.2599890 
WPYJ       0.6616677 0.6705702 0.9423203 0.5863137 0.6646003 0.7717645 0.2695684 0.3346732 0.4622529 0.6598699 0.6403357 0.0000000 0.5791212 
MJM2940    0.2327872 0.2930334 0.3449825 0.3940855 0.2645039 0.3222627 0.4875280 0.4936412 0.3916990 0.2726874 0.2599890 0.5791212 0.0000000 
