13
DrolusSFB  0.0000000 0.3672868 0.2688318 0.2488587 0.2432862 0.3046910 0.3011318 0.2564699 0.2804177 0.3692386 0.2367958 0.3029599 0.1788624 
Dino       0.3672868 0.0000000 0.3679259 0.1879933 0.3433459 0.3522527 0.3821655 0.3493999 0.3693430 0.1577576 0.3387764 0.3875094 0.3247571 
MJM3360    0.2688318 0.3679259 0.0000000 0.2863870 0.2720972 0.2441505 0.2965398 0.2915176 0.2920583 0.3441136 0.2626806 0.3094448 0.2710908 
DrobinSFB  0.2488587 0.1879933 0.2863870 0.0000000 0.2145845 0.2549674 0.3013627 0.2922058 0.2672194 0.1940454 0.2131515 0.2900565 0.2103901 
Neam       0.2432862 0.3433459 0.2720972 0.2145845 0.0000000 0.2860387 0.3097198 0.2371579 0.2556514 0.3368403 0.0146914 0.2951268 0.2138078 
RuprSFB    0.3046910 0.3522527 0.2441505 0.2549674 0.2860387 0.0000000 0.2855822 0.2674305 0.2924051 0.3486770 0.2869116 0.2884053 0.2565184 
Retr       0.3011318 0.3821655 0.2965398 0.3013627 0.3097198 0.2855822 0.0000000 0.2984803 0.3051675 0.4059208 0.3031905 0.1723202 0.3046324 
Beta       0.2564699 0.3493999 0.2915176 0.2922058 0.2371579 0.2674305 0.2984803 0.0000000 0.1097611 0.3139294 0.2379688 0.2970036 0.2462438 
Spol       0.2804177 0.3693430 0.2920583 0.2672194 0.2556514 0.2924051 0.3051675 0.1097611 0.0000000 0.3318367 0.2557465 0.3044028 0.2657155 
MJM1652    0.3692386 0.1577576 0.3441136 0.1940454 0.3368403 0.3486770 0.4059208 0.3139294 0.3318367 0.0000000 0.3353840 0.3890644 0.3396912 
NepSFB     0.2367958 0.3387764 0.2626806 0.2131515 0.0146914 0.2869116 0.3031905 0.2379688 0.2557465 0.3353840 0.0000000 0.2931749 0.2079839 
WPYJ       0.3029599 0.3875094 0.3094448 0.2900565 0.2951268 0.2884053 0.1723202 0.2970036 0.3044028 0.3890644 0.2931749 0.0000000 0.2777932 
MJM2940    0.1788624 0.3247571 0.2710908 0.2103901 0.2138078 0.2565184 0.3046324 0.2462438 0.2657155 0.3396912 0.2079839 0.2777932 0.0000000 
