13
DrolusSFB  0.0000000 0.2425600 0.3274635 0.2476300 0.2068340 0.3151306 0.2909857 0.3185079 0.3425400 0.2573062 0.2115669 0.2770685 0.1462618 
Dino       0.2425600 0.0000000 0.3189264 0.1618047 0.2334884 0.3213814 0.2842652 0.3617072 0.3408088 0.1256164 0.2398371 0.3021644 0.2238358 
MJM3360    0.3274635 0.3189264 0.0000000 0.3719967 0.3334841 0.3211904 0.3318260 0.3914552 0.3377979 0.3745341 0.3469031 0.3543813 0.3243114 
DrobinSFB  0.2476300 0.1618047 0.3719967 0.0000000 0.2534932 0.3464465 0.2758942 0.3991092 0.3749012 0.1705103 0.2612517 0.2707684 0.2537512 
Neam       0.2068340 0.2334884 0.3334841 0.2534932 0.0000000 0.3204354 0.2692814 0.3270633 0.3471392 0.2487489 0.0170788 0.2578136 0.1898284 
RuprSFB    0.3151306 0.3213814 0.3211904 0.3464465 0.3204354 0.0000000 0.2885859 0.3301870 0.3265910 0.3397236 0.3276206 0.3172963 0.2961190 
Retr       0.2909857 0.2842652 0.3318260 0.2758942 0.2692814 0.2885859 0.0000000 0.2894907 0.2824343 0.3195662 0.2738634 0.1512434 0.2800278 
Beta       0.3185079 0.3617072 0.3914552 0.3991092 0.3270633 0.3301870 0.2894907 0.0000000 0.1367462 0.3722448 0.3296220 0.3385095 0.3008556 
Spol       0.3425400 0.3408088 0.3377979 0.3749012 0.3471392 0.3265910 0.2824343 0.1367462 0.0000000 0.3486075 0.3471184 0.3113500 0.3246718 
MJM1652    0.2573062 0.1256164 0.3745341 0.1705103 0.2487489 0.3397236 0.3195662 0.3722448 0.3486075 0.0000000 0.2562417 0.3227821 0.2325394 
NepSFB     0.2115669 0.2398371 0.3469031 0.2612517 0.0170788 0.3276206 0.2738634 0.3296220 0.3471184 0.2562417 0.0000000 0.2718471 0.1945889 
WPYJ       0.2770685 0.3021644 0.3543813 0.2707684 0.2578136 0.3172963 0.1512434 0.3385095 0.3113500 0.3227821 0.2718471 0.0000000 0.2741089 
MJM2940    0.1462618 0.2238358 0.3243114 0.2537512 0.1898284 0.2961190 0.2800278 0.3008556 0.3246718 0.2325394 0.1945889 0.2741089 0.0000000 
