13
DrolusSFB  0.0000000 0.2969736 0.2983352 0.3358395 0.2100260 0.2727270 0.2824982 0.3542571 0.3974968 0.3236238 0.2165097 0.3270674 0.1653626 
Dino       0.2969736 0.0000000 0.2415167 0.1484733 0.2000489 0.2306256 0.2706026 0.3200781 0.3514908 0.1064372 0.2137907 0.2993557 0.1955077 
MJM3360    0.2983352 0.2415167 0.0000000 0.3168304 0.2755155 0.2067563 0.2428381 0.3589599 0.3871210 0.2980782 0.2917563 0.2712254 0.2166465 
DrobinSFB  0.3358395 0.1484733 0.3168304 0.0000000 0.2461566 0.2777091 0.2987863 0.3514315 0.3497938 0.1468198 0.2611320 0.3343267 0.2373844 
Neam       0.2100260 0.2000489 0.2755155 0.2461566 0.0000000 0.2040231 0.2262582 0.2835169 0.2905748 0.2078951 0.0074215 0.2469695 0.1192974 
RuprSFB    0.2727270 0.2306256 0.2067563 0.2777091 0.2040231 0.0000000 0.2070622 0.2800837 0.2770047 0.2767997 0.2127598 0.2180938 0.1607441 
Retr       0.2824982 0.2706026 0.2428381 0.2987863 0.2262582 0.2070622 0.0000000 0.2877184 0.3024862 0.2717504 0.2270362 0.1241679 0.1748560 
Beta       0.3542571 0.3200781 0.3589599 0.3514315 0.2835169 0.2800837 0.2877184 0.0000000 0.1261801 0.3236733 0.2940471 0.3018323 0.2358721 
Spol       0.3974968 0.3514908 0.3871210 0.3497938 0.2905748 0.2770047 0.3024862 0.1261801 0.0000000 0.3782282 0.2894050 0.3701318 0.2510472 
MJM1652    0.3236238 0.1064372 0.2980782 0.1468198 0.2078951 0.2767997 0.2717504 0.3236733 0.3782282 0.0000000 0.2219795 0.2839372 0.2085910 
NepSFB     0.2165097 0.2137907 0.2917563 0.2611320 0.0074215 0.2127598 0.2270362 0.2940471 0.2894050 0.2219795 0.0000000 0.2495409 0.1279696 
WPYJ       0.3270674 0.2993557 0.2712254 0.3343267 0.2469695 0.2180938 0.1241679 0.3018323 0.3701318 0.2839372 0.2495409 0.0000000 0.2352944 
MJM2940    0.1653626 0.1955077 0.2166465 0.2373844 0.1192974 0.1607441 0.1748560 0.2358721 0.2510472 0.2085910 0.1279696 0.2352944 0.0000000 
