13
DrolusSFB  0.0000000 0.3922575 0.3755960 0.2905482 0.2543286 0.2898962 0.3051695 0.2802905 0.3619855 0.3942901 0.2550653 0.3466046 0.1916518 
Dino       0.3922575 0.0000000 0.3934710 0.2158615 0.3115350 0.3097706 0.3413760 0.3210752 0.3368432 0.1448972 0.3034041 0.2962648 0.2923940 
MJM3360    0.3755960 0.3934710 0.0000000 0.3790500 0.3576769 0.2868254 0.4304243 0.3827289 0.4092588 0.3820079 0.3582010 0.4048013 0.3363840 
DrobinSFB  0.2905482 0.2158615 0.3790500 0.0000000 0.2424516 0.2907607 0.3790668 0.3394772 0.3508559 0.1939066 0.2437327 0.3514561 0.2400056 
Neam       0.2543286 0.3115350 0.3576769 0.2424516 0.0000000 0.2559336 0.2577056 0.2746041 0.3329678 0.2961819 0.0074824 0.2831404 0.1821726 
RuprSFB    0.2898962 0.3097706 0.2868254 0.2907607 0.2559336 0.0000000 0.3466600 0.3066533 0.3316210 0.3022958 0.2529686 0.3215130 0.2338635 
Retr       0.3051695 0.3413760 0.4304243 0.3790668 0.2577056 0.3466600 0.0000000 0.2908850 0.3720351 0.3516246 0.2564837 0.1689757 0.2810678 
Beta       0.2802905 0.3210752 0.3827289 0.3394772 0.2746041 0.3066533 0.2908850 0.0000000 0.1395249 0.3174608 0.2732626 0.3092615 0.2616438 
Spol       0.3619855 0.3368432 0.4092588 0.3508559 0.3329678 0.3316210 0.3720351 0.1395249 0.0000000 0.3734739 0.3315285 0.3823009 0.3252202 
MJM1652    0.3942901 0.1448972 0.3820079 0.1939066 0.2961819 0.3022958 0.3516246 0.3174608 0.3734739 0.0000000 0.2892780 0.3202280 0.2892885 
NepSFB     0.2550653 0.3034041 0.3582010 0.2437327 0.0074824 0.2529686 0.2564837 0.2732626 0.3315285 0.2892780 0.0000000 0.2793735 0.1826553 
WPYJ       0.3466046 0.2962648 0.4048013 0.3514561 0.2831404 0.3215130 0.1689757 0.3092615 0.3823009 0.3202280 0.2793735 0.0000000 0.2957226 
MJM2940    0.1916518 0.2923940 0.3363840 0.2400056 0.1821726 0.2338635 0.2810678 0.2616438 0.3252202 0.2892885 0.1826553 0.2957226 0.0000000 
