13
DrolusSFB  0.0000000 0.3175615 0.3466891 0.3943479 0.2553249 0.3010621 0.3402480 0.3558038 0.3617623 0.3568500 0.2438920 0.2444025 0.1660325 
Dino       0.3175615 0.0000000 0.4045850 0.2146846 0.2761230 0.3606715 0.3746374 0.4267120 0.4088462 0.1655920 0.2597056 0.3117777 0.2674906 
MJM3360    0.3466891 0.4045850 0.0000000 0.4589859 0.3557881 0.2722771 0.3985009 0.4330460 0.4098599 0.4389382 0.3416672 0.3729524 0.3179274 
DrobinSFB  0.3943479 0.2146846 0.4589859 0.0000000 0.3912349 0.4189113 0.4530769 0.4845867 0.4671667 0.2519697 0.3430707 0.3659232 0.3472744 
Neam       0.2553249 0.2761230 0.3557881 0.3912349 0.0000000 0.2958288 0.3064104 0.3721218 0.3996174 0.3364608 0.0140397 9.0000000 0.2189811 
RuprSFB    0.3010621 0.3606715 0.2722771 0.4189113 0.2958288 0.0000000 0.3533322 0.3446149 0.3487582 0.4045396 0.2835560 0.2891369 0.2631369 
Retr       0.3402480 0.3746374 0.3985009 0.4530769 0.3064104 0.3533322 0.0000000 0.4156433 0.3993511 0.4255738 0.3187311 0.2001122 0.3027051 
Beta       0.3558038 0.4267120 0.4330460 0.4845867 0.3721218 0.3446149 0.4156433 0.0000000 0.1423335 0.4498922 0.3525658 0.3695322 0.3289755 
Spol       0.3617623 0.4088462 0.4098599 0.4671667 0.3996174 0.3487582 0.3993511 0.1423335 0.0000000 0.4340895 0.3587378 0.3537035 0.3228820 
MJM1652    0.3568500 0.1655920 0.4389382 0.2519697 0.3364608 0.4045396 0.4255738 0.4498922 0.4340895 0.0000000 0.3280911 0.3522079 0.3146774 
NepSFB     0.2438920 0.2597056 0.3416672 0.3430707 0.0140397 0.2835560 0.3187311 0.3525658 0.3587378 0.3280911 0.0000000 0.3127666 0.1897931 
WPYJ       0.2444025 0.3117777 0.3729524 0.3659232 9.0000000 0.2891369 0.2001122 0.3695322 0.3537035 0.3522079 0.3127666 0.0000000 0.2930360 
MJM2940    0.1660325 0.2674906 0.3179274 0.3472744 0.2189811 0.2631369 0.3027051 0.3289755 0.3228820 0.3146774 0.1897931 0.2930360 0.0000000 
