13
DrolusSFB  0.0000000 0.2524980 0.3452557 0.2719307 0.2227355 0.2998766 0.3437197 0.2938531 0.3300874 0.2690805 0.2291457 0.3188795 0.1611023 
Dino       0.2524980 0.0000000 0.3581879 0.1932049 0.2118032 0.3279674 0.3557224 0.2979916 0.3158262 0.1311495 0.2178173 0.3462620 0.2139649 
MJM3360    0.3452557 0.3581879 0.0000000 0.3390572 0.3150861 0.2701185 0.3936836 0.3430541 0.3383446 0.3645130 0.3342032 0.3671276 0.3103975 
DrobinSFB  0.2719307 0.1932049 0.3390572 0.0000000 0.2435919 0.3356796 0.3608694 0.3353570 0.3381572 0.2091068 0.2517134 0.3444241 0.2479489 
Neam       0.2227355 0.2118032 0.3150861 0.2435919 0.0000000 0.2685676 0.2994497 0.2578837 0.2882090 0.2287521 0.0509671 0.3015911 0.1709926 
RuprSFB    0.2998766 0.3279674 0.2701185 0.3356796 0.2685676 0.0000000 0.3380594 0.2840425 0.3088341 0.3364157 0.2856051 0.3406145 0.2589335 
Retr       0.3437197 0.3557224 0.3936836 0.3608694 0.2994497 0.3380594 0.0000000 0.3468995 0.3694121 0.3634775 0.3115979 0.1932022 0.3070523 
Beta       0.2938531 0.2979916 0.3430541 0.3353570 0.2578837 0.2840425 0.3468995 0.0000000 0.1150167 0.2882839 0.2799116 0.3291529 0.2525051 
Spol       0.3300874 0.3158262 0.3383446 0.3381572 0.2882090 0.3088341 0.3694121 0.1150167 0.0000000 0.3034459 0.3000254 0.3501134 0.2825136 
MJM1652    0.2690805 0.1311495 0.3645130 0.2091068 0.2287521 0.3364157 0.3634775 0.2882839 0.3034459 0.0000000 0.2405007 0.3562259 0.2319546 
NepSFB     0.2291457 0.2178173 0.3342032 0.2517134 0.0509671 0.2856051 0.3115979 0.2799116 0.3000254 0.2405007 0.0000000 0.3189048 0.1751241 
WPYJ       0.3188795 0.3462620 0.3671276 0.3444241 0.3015911 0.3406145 0.1932022 0.3291529 0.3501134 0.3562259 0.3189048 0.0000000 0.3067343 
MJM2940    0.1611023 0.2139649 0.3103975 0.2479489 0.1709926 0.2589335 0.3070523 0.2525051 0.2825136 0.2319546 0.1751241 0.3067343 0.0000000 
