13
DrolusSFB  0.0000000 0.3568722 0.3070015 0.3081521 0.3250188 0.2687031 0.3202165 0.4013447 0.4521821 0.3263122 0.3339737 0.3492966 0.1783677 
Dino       0.3568722 0.0000000 0.3237397 0.1442922 0.3048068 0.2671204 0.3478121 0.4263132 0.4485480 0.1346231 0.3089545 0.3978985 0.3036613 
MJM3360    0.3070015 0.3237397 0.0000000 0.3173590 0.2764549 0.1691330 0.3383267 0.3033831 0.3494968 0.3015088 0.2766322 0.3582097 0.2656401 
DrobinSFB  0.3081521 0.1442922 0.3173590 0.0000000 0.2694306 0.2729075 0.3396267 0.3640018 0.3743688 0.1465227 0.2758920 0.3786613 0.2782606 
Neam       0.3250188 0.3048068 0.2764549 0.2694306 0.0000000 0.2158673 0.2686749 0.3275030 0.3977642 0.2928389 0.0123333 0.3141404 0.2796727 
RuprSFB    0.2687031 0.2671204 0.1691330 0.2729075 0.2158673 0.0000000 0.2713623 0.2479629 0.2751054 0.2556997 0.2266630 0.3264026 0.2211785 
Retr       0.3202165 0.3478121 0.3383267 0.3396267 0.2686749 0.2713623 0.0000000 0.3417622 0.3587726 0.3626603 0.2749501 0.1778376 0.2852745 
Beta       0.4013447 0.4263132 0.3033831 0.3640018 0.3275030 0.2479629 0.3417622 0.0000000 0.1553630 0.4313091 0.3374951 0.3873968 0.3600259 
Spol       0.4521821 0.4485480 0.3494968 0.3743688 0.3977642 0.2751054 0.3587726 0.1553630 0.0000000 0.4791383 0.4042125 0.4050854 0.4066543 
MJM1652    0.3263122 0.1346231 0.3015088 0.1465227 0.2928389 0.2556997 0.3626603 0.4313091 0.4791383 0.0000000 0.3020438 0.3896281 0.2832806 
NepSFB     0.3339737 0.3089545 0.2766322 0.2758920 0.0123333 0.2266630 0.2749501 0.3374951 0.4042125 0.3020438 0.0000000 0.3256339 0.2849325 
WPYJ       0.3492966 0.3978985 0.3582097 0.3786613 0.3141404 0.3264026 0.1778376 0.3873968 0.4050854 0.3896281 0.3256339 0.0000000 0.3382247 
MJM2940    0.1783677 0.3036613 0.2656401 0.2782606 0.2796727 0.2211785 0.2852745 0.3600259 0.4066543 0.2832806 0.2849325 0.3382247 0.0000000 
