13
DrolusSFB  0.0000000 0.3529351 0.3771213 0.3410614 0.3030918 0.3167684 0.3139292 0.4474345 0.4157494 0.3782981 0.3035706 0.4148679 0.2287091 
Dino       0.3529351 0.0000000 0.4196626 0.1878916 0.3000028 0.3390495 0.3392466 0.4686026 0.4511311 0.1753314 0.3003418 0.4414887 0.3227715 
MJM3360    0.3771213 0.4196626 0.0000000 0.3788924 0.3711331 0.2790454 0.3640720 0.4471250 0.4324475 0.3977378 0.3638982 0.4461396 0.3409131 
DrobinSFB  0.3410614 0.1878916 0.3788924 0.0000000 0.3088418 0.3181606 0.3121929 0.4641763 0.4062095 0.2310864 0.3070617 0.4168880 0.3235903 
Neam       0.3030918 0.3000028 0.3711331 0.3088418 0.0000000 0.2807739 0.2878333 0.4102828 0.3905134 0.3326358 0.0126689 0.3913065 0.2371974 
RuprSFB    0.3167684 0.3390495 0.2790454 0.3181606 0.2807739 0.0000000 0.2858820 0.3784954 0.3287667 0.3584391 0.2749581 0.3384562 0.2505348 
Retr       0.3139292 0.3392466 0.3640720 0.3121929 0.2878333 0.2858820 0.0000000 0.3673027 0.3494076 0.3687330 0.2870910 0.2259459 0.2665539 
Beta       0.4474345 0.4686026 0.4471250 0.4641763 0.4102828 0.3784954 0.3673027 0.0000000 0.1947933 0.4834876 0.4075950 0.4346761 0.3853970 
Spol       0.4157494 0.4511311 0.4324475 0.4062095 0.3905134 0.3287667 0.3494076 0.1947933 0.0000000 0.4269848 0.3887445 0.4236423 0.3688697 
MJM1652    0.3782981 0.1753314 0.3977378 0.2310864 0.3326358 0.3584391 0.3687330 0.4834876 0.4269848 0.0000000 0.3319528 0.4589285 0.3584932 
NepSFB     0.3035706 0.3003418 0.3638982 0.3070617 0.0126689 0.2749581 0.2870910 0.4075950 0.3887445 0.3319528 0.0000000 0.4004755 0.2327157 
WPYJ       0.4148679 0.4414887 0.4461396 0.4168880 0.3913065 0.3384562 0.2259459 0.4346761 0.4236423 0.4589285 0.4004755 0.0000000 0.2859009 
MJM2940    0.2287091 0.3227715 0.3409131 0.3235903 0.2371974 0.2505348 0.2665539 0.3853970 0.3688697 0.3584932 0.2327157 0.2859009 0.0000000 
