13
DrolusSFB  0.0000000 0.2907965 0.3416992 0.3202717 0.2281199 0.3033857 0.2925705 0.3575232 0.3675308 0.3094971 0.2267432 0.3575458 0.1814728 
Dino       0.2907965 0.0000000 0.3570706 0.2357633 0.3241649 0.3368152 0.3086256 0.5493333 0.5430643 0.1666361 0.3354986 0.3992700 0.3404530 
MJM3360    0.3416992 0.3570706 0.0000000 0.3567959 0.3246372 0.2934605 0.2989561 0.4471652 0.4427949 0.3656430 0.3210131 0.3743592 0.3466762 
DrobinSFB  0.3202717 0.2357633 0.3567959 0.0000000 0.3683902 0.3271647 0.3691288 0.5641485 0.5588824 0.2553408 0.3711585 0.4191824 0.3852507 
Neam       0.2281199 0.3241649 0.3246372 0.3683902 0.0000000 0.2627432 0.2453336 0.4641714 0.4279100 0.3501203 0.0166109 0.3216207 0.2131266 
RuprSFB    0.3033857 0.3368152 0.2934605 0.3271647 0.2627432 0.0000000 0.2557676 0.3281179 0.3588071 0.3326772 0.2584277 0.3611242 0.2693170 
Retr       0.2925705 0.3086256 0.2989561 0.3691288 0.2453336 0.2557676 0.0000000 0.3685989 0.3882575 0.3461671 0.2517767 0.2119225 0.2586880 
Beta       0.3575232 0.5493333 0.4471652 0.5641485 0.4641714 0.3281179 0.3685989 0.0000000 0.1711026 0.5604110 0.4715194 0.4632956 0.4967034 
Spol       0.3675308 0.5430643 0.4427949 0.5588824 0.4279100 0.3588071 0.3882575 0.1711026 0.0000000 0.5765143 0.4312324 0.4419033 0.4553366 
MJM1652    0.3094971 0.1666361 0.3656430 0.2553408 0.3501203 0.3326772 0.3461671 0.5604110 0.5765143 0.0000000 0.3607503 0.4101915 0.3503722 
NepSFB     0.2267432 0.3354986 0.3210131 0.3711585 0.0166109 0.2584277 0.2517767 0.4715194 0.4312324 0.3607503 0.0000000 0.3219278 0.2168200 
WPYJ       0.3575458 0.3992700 0.3743592 0.4191824 0.3216207 0.3611242 0.2119225 0.4632956 0.4419033 0.4101915 0.3219278 0.0000000 0.3481261 
MJM2940    0.1814728 0.3404530 0.3466762 0.3852507 0.2131266 0.2693170 0.2586880 0.4967034 0.4553366 0.3503722 0.2168200 0.3481261 0.0000000 
