13
DrolusSFB  0.0000000 0.2651098 0.3208121 0.3006240 0.2145925 0.2702316 0.2601471 0.3075381 0.2901489 0.2873431 0.2242154 0.3067479 0.1814662 
Dino       0.2651098 0.0000000 0.3421241 0.1967755 0.2127026 0.2851770 0.2754191 0.3362705 0.3175694 0.1342024 0.2181101 0.3285021 0.2399642 
MJM3360    0.3208121 0.3421241 0.0000000 0.3865153 0.2672030 0.2386487 0.2996930 0.3476147 0.3338503 0.3710543 0.2698734 0.3419969 0.2920324 
DrobinSFB  0.3006240 0.1967755 0.3865153 0.0000000 0.2468424 0.3179334 0.2923790 0.3389968 0.3317893 0.2315626 0.2467101 0.3488786 0.2720440 
Neam       0.2145925 0.2127026 0.2672030 0.2468424 0.0000000 0.2100592 0.2141874 0.2658328 0.2706612 0.2471227 0.0111511 0.2535750 0.1664435 
RuprSFB    0.2702316 0.2851770 0.2386487 0.3179334 0.2100592 0.0000000 0.2546694 0.3038964 0.2988516 0.3186240 0.2126685 0.2879055 0.2296569 
Retr       0.2601471 0.2754191 0.2996930 0.2923790 0.2141874 0.2546694 0.0000000 0.2875243 0.2780528 0.2926532 0.2224139 0.1501683 0.2246168 
Beta       0.3075381 0.3362705 0.3476147 0.3389968 0.2658328 0.3038964 0.2875243 0.0000000 0.0970896 0.3415679 0.2719228 0.3349042 0.2934597 
Spol       0.2901489 0.3175694 0.3338503 0.3317893 0.2706612 0.2988516 0.2780528 0.0970896 0.0000000 0.3308072 0.2754138 0.3245808 0.2816175 
MJM1652    0.2873431 0.1342024 0.3710543 0.2315626 0.2471227 0.3186240 0.2926532 0.3415679 0.3308072 0.0000000 0.2487302 0.3444172 0.2739070 
NepSFB     0.2242154 0.2181101 0.2698734 0.2467101 0.0111511 0.2126685 0.2224139 0.2719228 0.2754138 0.2487302 0.0000000 0.2615012 0.1738210 
WPYJ       0.3067479 0.3285021 0.3419969 0.3488786 0.2535750 0.2879055 0.1501683 0.3349042 0.3245808 0.3444172 0.2615012 0.0000000 0.2722115 
MJM2940    0.1814662 0.2399642 0.2920324 0.2720440 0.1664435 0.2296569 0.2246168 0.2934597 0.2816175 0.2739070 0.1738210 0.2722115 0.0000000 
