13
DrolusSFB  0.0000000 0.4822388 0.2960035 0.4897875 0.2433248 0.3281024 0.3304030 0.4182873 0.4382965 0.5735844 0.2388916 0.3789375 0.2133726 
Dino       0.4822388 0.0000000 0.5147604 0.2429482 0.4566987 0.4832471 0.5837646 0.5714791 0.6370307 0.1830146 0.4500030 0.6156375 0.4471363 
MJM3360    0.2960035 0.5147604 0.0000000 0.5568530 0.2642093 0.2719153 0.2929600 0.3760903 0.4028664 0.5627212 0.2637601 0.3526429 0.2708084 
DrobinSFB  0.4897875 0.2429482 0.5568530 0.0000000 0.4659854 0.5658474 0.6087652 0.5885438 0.6430769 0.2559434 0.4589512 0.6301696 0.4610937 
Neam       0.2433248 0.4566987 0.2642093 0.4659854 0.0000000 0.2792404 0.3171228 0.3560654 0.3950218 0.4901817 0.0115451 0.3603763 0.2176545 
RuprSFB    0.3281024 0.4832471 0.2719153 0.5658474 0.2792404 0.0000000 0.2991542 0.3665284 0.3932539 0.5328727 0.2787825 0.3201251 0.2896754 
Retr       0.3304030 0.5837646 0.2929600 0.6087652 0.3171228 0.2991542 0.0000000 0.4174963 0.4279871 0.6713652 0.3177539 0.2372843 0.3097198 
Beta       0.4182873 0.5714791 0.3760903 0.5885438 0.3560654 0.3665284 0.4174963 0.0000000 0.1839665 0.6284028 0.3597781 0.4779901 0.3611300 
Spol       0.4382965 0.6370307 0.4028664 0.6430769 0.3950218 0.3932539 0.4279871 0.1839665 0.0000000 0.6727796 0.4040794 0.4633707 0.4002330 
MJM1652    0.5735844 0.1830146 0.5627212 0.2559434 0.4901817 0.5328727 0.6713652 0.6284028 0.6727796 0.0000000 0.4882975 0.6957571 0.5376990 
NepSFB     0.2388916 0.4500030 0.2637601 0.4589512 0.0115451 0.2787825 0.3177539 0.3597781 0.4040794 0.4882975 0.0000000 0.3574434 0.2229836 
WPYJ       0.3789375 0.6156375 0.3526429 0.6301696 0.3603763 0.3201251 0.2372843 0.4779901 0.4633707 0.6957571 0.3574434 0.0000000 0.3561572 
MJM2940    0.2133726 0.4471363 0.2708084 0.4610937 0.2176545 0.2896754 0.3097198 0.3611300 0.4002330 0.5376990 0.2229836 0.3561572 0.0000000 
