13
DrolusSFB  0.0000000 0.2157697 0.3130356 0.2628942 0.2089060 0.2739584 0.2748054 0.2244019 0.2302263 0.2885088 0.2078981 0.2296043 0.1505531 
Dino       0.2157697 0.0000000 0.3281140 0.1512640 0.1774253 0.2978694 0.2724923 0.2761283 0.2629733 0.1405968 0.1821521 0.3038540 0.1786162 
MJM3360    0.3130356 0.3281140 0.0000000 0.3180324 0.3417928 0.3138744 0.3170533 0.3575708 0.3289631 0.3926754 0.3360310 0.3315702 0.2981875 
DrobinSFB  0.2628942 0.1512640 0.3180324 0.0000000 0.2286249 0.3229088 0.2705462 0.3112428 0.2721890 0.2187204 0.2402840 0.2860627 0.2231382 
Neam       0.2089060 0.1774253 0.3417928 0.2286249 0.0000000 0.2938752 0.2345277 0.2640781 0.2598036 0.2717799 0.0147954 0.2668150 0.1747277 
RuprSFB    0.2739584 0.2978694 0.3138744 0.3229088 0.2938752 0.0000000 0.2987839 0.3031238 0.3015522 0.3716681 0.3077723 0.4042920 0.2647180 
Retr       0.2748054 0.2724923 0.3170533 0.2705462 0.2345277 0.2987839 0.0000000 0.2613483 0.2441156 0.2929481 0.2287747 0.1943947 0.2129604 
Beta       0.2244019 0.2761283 0.3575708 0.3112428 0.2640781 0.3031238 0.2613483 0.0000000 0.1054246 0.3115421 0.2884965 0.3586247 0.2544436 
Spol       0.2302263 0.2629733 0.3289631 0.2721890 0.2598036 0.3015522 0.2441156 0.1054246 0.0000000 0.3156457 0.2665668 0.3691266 0.2373390 
MJM1652    0.2885088 0.1405968 0.3926754 0.2187204 0.2717799 0.3716681 0.2929481 0.3115421 0.3156457 0.0000000 0.2731674 0.3798864 0.2618258 
NepSFB     0.2078981 0.1821521 0.3360310 0.2402840 0.0147954 0.3077723 0.2287747 0.2884965 0.2665668 0.2731674 0.0000000 0.2668306 0.1870260 
WPYJ       0.2296043 0.3038540 0.3315702 0.2860627 0.2668150 0.4042920 0.1943947 0.3586247 0.3691266 0.3798864 0.2668306 0.0000000 0.2134076 
MJM2940    0.1505531 0.1786162 0.2981875 0.2231382 0.1747277 0.2647180 0.2129604 0.2544436 0.2373390 0.2618258 0.1870260 0.2134076 0.0000000 
