13
DrolusSFB  0.0000000 0.2766132 0.3452458 0.3259742 0.2573833 0.3010047 0.3974512 0.3704571 0.4185862 0.2473531 0.2569101 0.3845778 0.1829381 
Dino       0.2766132 0.0000000 0.3298246 0.1961716 0.2887744 0.3143481 0.4530751 0.4228680 0.4890890 0.2004434 0.2876456 0.4172536 0.2524529 
MJM3360    0.3452458 0.3298246 0.0000000 0.4088709 0.3384562 0.2407506 0.4056720 0.4123800 0.4445795 0.3586237 0.3443211 0.4175416 0.3397327 
DrobinSFB  0.3259742 0.1961716 0.4088709 0.0000000 0.3132655 0.3343735 0.4847950 0.4141718 0.4670432 0.2360762 0.3089022 0.4564313 0.2900628 
Neam       0.2573833 0.2887744 0.3384562 0.3132655 0.0000000 0.2909819 0.3882572 0.3597625 0.4452850 0.2595723 0.0131792 0.4027255 0.2214518 
RuprSFB    0.3010047 0.3143481 0.2407506 0.3343735 0.2909819 0.0000000 0.3284522 0.3901252 0.4302376 0.3207636 0.2985608 0.3588849 0.2533089 
Retr       0.3974512 0.4530751 0.4056720 0.4847950 0.3882572 0.3284522 0.0000000 0.4080068 0.4418785 0.4902495 0.3935339 0.2018417 0.4067392 
Beta       0.3704571 0.4228680 0.4123800 0.4141718 0.3597625 0.3901252 0.4080068 0.0000000 0.1348424 0.3855028 0.3612651 0.4004830 0.3776745 
Spol       0.4185862 0.4890890 0.4445795 0.4670432 0.4452850 0.4302376 0.4418785 0.1348424 0.0000000 0.4651981 0.4568207 0.4588717 0.4258220 
MJM1652    0.2473531 0.2004434 0.3586237 0.2360762 0.2595723 0.3207636 0.4902495 0.3855028 0.4651981 0.0000000 0.2551325 0.4508713 0.2376211 
NepSFB     0.2569101 0.2876456 0.3443211 0.3089022 0.0131792 0.2985608 0.3935339 0.3612651 0.4568207 0.2551325 0.0000000 0.3946111 0.2155576 
WPYJ       0.3845778 0.4172536 0.4175416 0.4564313 0.4027255 0.3588849 0.2018417 0.4004830 0.4588717 0.4508713 0.3946111 0.0000000 0.4051645 
MJM2940    0.1829381 0.2524529 0.3397327 0.2900628 0.2214518 0.2533089 0.4067392 0.3776745 0.4258220 0.2376211 0.2155576 0.4051645 0.0000000 
