13
DrolusSFB  0.0000000 0.3028304 0.3432136 0.3148387 0.2493302 0.2842217 0.2730099 0.3389812 0.3323070 0.3136319 0.2637835 0.3577436 0.1827818 
Dino       0.3028304 0.0000000 0.3907557 0.1640718 0.2467156 0.3250025 0.2872955 0.3764594 0.3715532 0.1415079 0.2487697 0.3810890 0.3153704 
MJM3360    0.3432136 0.3907557 0.0000000 0.4062440 0.3222942 0.2593791 0.3111165 0.4190391 0.3759308 0.3722855 0.3338999 0.3692768 0.3281700 
DrobinSFB  0.3148387 0.1640718 0.4062440 0.0000000 0.2510371 0.3190373 0.3066407 0.3540601 0.3586394 0.1676290 0.2546323 0.3313248 0.3134386 
Neam       0.2493302 0.2467156 0.3222942 0.2510371 0.0000000 0.2839854 0.2308921 0.3298734 0.3309057 0.2464662 0.0129549 0.3429814 0.2011329 
RuprSFB    0.2842217 0.3250025 0.2593791 0.3190373 0.2839854 0.0000000 0.2814897 0.3561281 0.3607292 0.3116815 0.2869924 0.3274442 0.2982790 
Retr       0.2730099 0.2872955 0.3111165 0.3066407 0.2308921 0.2814897 0.0000000 0.2850696 0.2563692 0.2669053 0.2339863 0.1534886 0.2489041 
Beta       0.3389812 0.3764594 0.4190391 0.3540601 0.3298734 0.3561281 0.2850696 0.0000000 0.1030696 0.3935533 0.3349640 0.3442377 0.3192257 
Spol       0.3323070 0.3715532 0.3759308 0.3586394 0.3309057 0.3607292 0.2563692 0.1030696 0.0000000 0.4061057 0.3393239 0.3497432 0.2966793 
MJM1652    0.3136319 0.1415079 0.3722855 0.1676290 0.2464662 0.3116815 0.2669053 0.3935533 0.4061057 0.0000000 0.2556248 0.3216650 0.2931951 
NepSFB     0.2637835 0.2487697 0.3338999 0.2546323 0.0129549 0.2869924 0.2339863 0.3349640 0.3393239 0.2556248 0.0000000 0.3414431 0.2072614 
WPYJ       0.3577436 0.3810890 0.3692768 0.3313248 0.3429814 0.3274442 0.1534886 0.3442377 0.3497432 0.3216650 0.3414431 0.0000000 0.3349391 
MJM2940    0.1827818 0.3153704 0.3281700 0.3134386 0.2011329 0.2982790 0.2489041 0.3192257 0.2966793 0.2931951 0.2072614 0.3349391 0.0000000 
