13
DrolusSFB  0.0000000 0.3004321 0.4006772 0.3780346 0.2267020 0.3310878 0.3622023 0.3625950 0.3572382 0.3221631 0.1814575 0.3718231 0.1368259 
Dino       0.3004321 0.0000000 0.4419685 0.2685516 0.2467703 0.3826709 0.3557021 0.4338501 0.4067132 0.1249415 0.2148511 0.4090068 0.2686187 
MJM3360    0.4006772 0.4419685 0.0000000 0.5348747 0.3554763 0.2372023 0.4819898 0.4842467 0.4489628 0.4393375 0.3125972 0.4879038 0.3735095 
DrobinSFB  0.3780346 0.2685516 0.5348747 0.0000000 0.3598850 0.4694239 0.5067889 0.4684258 0.4400925 0.2700344 0.2933856 0.5120177 0.3609075 
Neam       0.2267020 0.2467703 0.3554763 0.3598850 0.0000000 0.2863741 0.3042469 0.3461218 0.3329426 0.2641349 0.0084800 0.3346085 0.1914429 
RuprSFB    0.3310878 0.3826709 0.2372023 0.4694239 0.2863741 0.0000000 0.4139523 0.4587310 0.4190077 0.3826367 0.2579155 0.4227361 0.3172632 
Retr       0.3622023 0.3557021 0.4819898 0.5067889 0.3042469 0.4139523 0.0000000 0.3590242 0.3721045 0.3649911 0.2246643 0.2161280 0.3169860 
Beta       0.3625950 0.4338501 0.4842467 0.4684258 0.3461218 0.4587310 0.3590242 0.0000000 0.1687581 0.4309363 0.3010759 0.4268329 0.3122599 
Spol       0.3572382 0.4067132 0.4489628 0.4400925 0.3329426 0.4190077 0.3721045 0.1687581 0.0000000 0.3928280 0.2848215 0.4118897 0.3280847 
MJM1652    0.3221631 0.1249415 0.4393375 0.2700344 0.2641349 0.3826367 0.3649911 0.4309363 0.3928280 0.0000000 0.2297682 0.4539272 0.2733915 
NepSFB     0.1814575 0.2148511 0.3125972 0.2933856 0.0084800 0.2579155 0.2246643 0.3010759 0.2848215 0.2297682 0.0000000 0.2844965 0.1533782 
WPYJ       0.3718231 0.4090068 0.4879038 0.5120177 0.3346085 0.4227361 0.2161280 0.4268329 0.4118897 0.4539272 0.2844965 0.0000000 0.3556796 
MJM2940    0.1368259 0.2686187 0.3735095 0.3609075 0.1914429 0.3172632 0.3169860 0.3122599 0.3280847 0.2733915 0.1533782 0.3556796 0.0000000 
