13
DrolusSFB  0.0000000 0.3343435 0.3333882 0.3616695 0.3032755 0.3082198 0.3488714 0.3687151 0.4007574 0.3905860 0.3170217 0.3766090 0.2043762 
Dino       0.3343435 0.0000000 0.3942309 0.2220076 0.3222856 0.3563404 0.3806469 0.3917143 0.4502877 0.1489548 0.3406173 0.4458299 0.2956644 
MJM3360    0.3333882 0.3942309 0.0000000 0.4553631 0.3294040 0.2849255 0.4043336 0.3744021 0.4081443 0.4539187 0.3514459 0.4768055 0.3043604 
DrobinSFB  0.3616695 0.2220076 0.4553631 0.0000000 0.3625198 0.4413689 0.4674062 0.4641802 0.5404852 0.2355790 0.3865619 0.5448762 0.3459075 
Neam       0.3032755 0.3222856 0.3294040 0.3625198 0.0000000 0.2702961 0.2952582 0.3277458 0.3567878 0.3806975 0.0363722 0.3535524 0.2373459 
RuprSFB    0.3082198 0.3563404 0.2849255 0.4413689 0.2702961 0.0000000 0.3326657 0.3560734 0.3685691 0.3912864 0.2777610 0.3721449 0.2574333 
Retr       0.3488714 0.3806469 0.4043336 0.4674062 0.2952582 0.3326657 0.0000000 0.3768115 0.4199377 0.4149136 0.3320140 0.1477013 0.3431531 
Beta       0.3687151 0.3917143 0.3744021 0.4641802 0.3277458 0.3560734 0.3768115 0.0000000 0.1480364 0.4099679 0.3495122 0.4385745 0.3090343 
Spol       0.4007574 0.4502877 0.4081443 0.5404852 0.3567878 0.3685691 0.4199377 0.1480364 0.0000000 0.4865849 0.3722101 0.4841884 0.3503985 
MJM1652    0.3905860 0.1489548 0.4539187 0.2355790 0.3806975 0.3912864 0.4149136 0.4099679 0.4865849 0.0000000 0.4145938 0.4713739 0.3836997 
NepSFB     0.3170217 0.3406173 0.3514459 0.3865619 0.0363722 0.2777610 0.3320140 0.3495122 0.3722101 0.4145938 0.0000000 0.3924524 0.2469981 
WPYJ       0.3766090 0.4458299 0.4768055 0.5448762 0.3535524 0.3721449 0.1477013 0.4385745 0.4841884 0.4713739 0.3924524 0.0000000 0.3751686 
MJM2940    0.2043762 0.2956644 0.3043604 0.3459075 0.2373459 0.2574333 0.3431531 0.3090343 0.3503985 0.3836997 0.2469981 0.3751686 0.0000000 
