13
DrolusSFB  0.0000000 0.3163258 0.2842537 0.3156770 0.2066551 0.2659297 0.3203733 0.3636253 0.3924883 0.2759271 0.2155418 0.3392396 0.1616978 
Dino       0.3163258 0.0000000 0.3050436 0.1846197 0.2064967 0.2577729 0.3554172 0.3390745 0.4194531 0.1061255 0.2101038 0.3774248 0.2176362 
MJM3360    0.2842537 0.3050436 0.0000000 0.3094712 0.2590516 0.2133089 0.3401682 0.3507631 0.3327893 0.2965322 0.2614133 0.3616195 0.2254825 
DrobinSFB  0.3156770 0.1846197 0.3094712 0.0000000 0.2590218 0.2533455 0.3989985 0.3728802 0.3887774 0.1994527 0.2635725 0.3942563 0.2499715 
Neam       0.2066551 0.2064967 0.2590516 0.2590218 0.0000000 0.2120099 0.2968491 0.2973181 0.3490129 0.2227899 0.0049820 0.3410538 0.1621114 
RuprSFB    0.2659297 0.2577729 0.2133089 0.2533455 0.2120099 0.0000000 0.3136724 0.2961796 0.2999454 0.2673903 0.2194143 0.3450605 0.2118100 
Retr       0.3203733 0.3554172 0.3401682 0.3989985 0.2968491 0.3136724 0.0000000 0.4084245 0.4295679 0.3556526 0.3016712 0.1469352 0.2847848 
Beta       0.3636253 0.3390745 0.3507631 0.3728802 0.2973181 0.2961796 0.4084245 0.0000000 0.1755413 0.3452686 0.2991739 0.4695538 0.2895002 
Spol       0.3924883 0.4194531 0.3327893 0.3887774 0.3490129 0.2999454 0.4295679 0.1755413 0.0000000 0.4067595 0.3562591 0.5029024 0.3308118 
MJM1652    0.2759271 0.1061255 0.2965322 0.1994527 0.2227899 0.2673903 0.3556526 0.3452686 0.4067595 0.0000000 0.2319248 0.3666153 0.2279221 
NepSFB     0.2155418 0.2101038 0.2614133 0.2635725 0.0049820 0.2194143 0.3016712 0.2991739 0.3562591 0.2319248 0.0000000 0.3464087 0.1585375 
WPYJ       0.3392396 0.3774248 0.3616195 0.3942563 0.3410538 0.3450605 0.1469352 0.4695538 0.5029024 0.3666153 0.3464087 0.0000000 0.3118734 
MJM2940    0.1616978 0.2176362 0.2254825 0.2499715 0.1621114 0.2118100 0.2847848 0.2895002 0.3308118 0.2279221 0.1585375 0.3118734 0.0000000 
