13
DrolusSFB  0.0000000 0.3572026 0.3450162 0.3528018 0.2614690 0.3162258 0.3005311 0.2956969 0.3475326 0.3966619 0.2567009 0.3115771 0.1637268 
Dino       0.3572026 0.0000000 0.3796975 0.1346281 0.2517493 0.3272364 0.3675630 0.3434808 0.3518352 0.1482778 0.2540644 0.3599021 0.2743049 
MJM3360    0.3450162 0.3796975 0.0000000 0.3688722 0.3132086 0.2429004 0.2873678 0.2983027 0.3592028 0.4472523 0.3120044 0.2770411 0.3137795 
DrobinSFB  0.3528018 0.1346281 0.3688722 0.0000000 0.2919684 0.3070130 0.3437694 0.3399011 0.3567142 0.1929938 0.2912647 0.2924278 0.3059070 
Neam       0.2614690 0.2517493 0.3132086 0.2919684 0.0000000 0.2727545 0.2962839 0.2609140 0.3074824 0.3168800 0.0083438 0.3377151 0.2093698 
RuprSFB    0.3162258 0.3272364 0.2429004 0.3070130 0.2727545 0.0000000 0.2736112 0.3031847 0.3409173 0.3668869 0.2716375 0.2504519 0.2825149 
Retr       0.3005311 0.3675630 0.2873678 0.3437694 0.2962839 0.2736112 0.0000000 0.2899545 0.3226728 0.4230575 0.2995070 0.1353150 0.2715925 
Beta       0.2956969 0.3434808 0.2983027 0.3399011 0.2609140 0.3031847 0.2899545 0.0000000 0.1215379 0.4142619 0.2647272 0.3086519 0.2853589 
Spol       0.3475326 0.3518352 0.3592028 0.3567142 0.3074824 0.3409173 0.3226728 0.1215379 0.0000000 0.4225427 0.3086410 0.3249624 0.3124816 
MJM1652    0.3966619 0.1482778 0.4472523 0.1929938 0.3168800 0.3668869 0.4230575 0.4142619 0.4225427 0.0000000 0.3176454 0.3811009 0.3434663 
NepSFB     0.2567009 0.2540644 0.3120044 0.2912647 0.0083438 0.2716375 0.2995070 0.2647272 0.3086410 0.3176454 0.0000000 0.3401405 0.2092438 
WPYJ       0.3115771 0.3599021 0.2770411 0.2924278 0.3377151 0.2504519 0.1353150 0.3086519 0.3249624 0.3811009 0.3401405 0.0000000 0.2794675 
MJM2940    0.1637268 0.2743049 0.3137795 0.3059070 0.2093698 0.2825149 0.2715925 0.2853589 0.3124816 0.3434663 0.2092438 0.2794675 0.0000000 
