13
DrolusSFB  0.0000000 0.3219443 0.4116748 0.3555845 0.2755167 0.3491851 0.3735993 0.3621526 0.3842341 0.3653354 0.2844714 0.4078915 0.1814602 
Dino       0.3219443 0.0000000 0.4486661 0.2134404 0.2696790 0.4044206 0.3547228 0.3857919 0.3985795 0.1485269 0.2799692 0.4145501 0.2770263 
MJM3360    0.4116748 0.4486661 0.0000000 0.4595349 0.3839592 0.3306766 0.4421286 0.4560850 0.4862165 0.4537966 0.3911530 0.4590238 0.3803025 
DrobinSFB  0.3555845 0.2134404 0.4595349 0.0000000 0.2886660 0.3983354 0.3510603 0.4236911 0.4362384 0.2329200 0.2999194 0.4296454 0.2911474 
Neam       0.2755167 0.2696790 0.3839592 0.2886660 0.0000000 0.3143435 0.3186337 0.3525729 0.3706569 0.3264609 0.0129343 0.3630733 0.2222711 
RuprSFB    0.3491851 0.4044206 0.3306766 0.3983354 0.3143435 0.0000000 0.3365814 0.3714548 0.3731531 0.4261831 0.3227473 0.3636382 0.2927708 
Retr       0.3735993 0.3547228 0.4421286 0.3510603 0.3186337 0.3365814 0.0000000 0.3609649 0.3999549 0.4112925 0.3233115 0.1801751 0.3100965 
Beta       0.3621526 0.3857919 0.4560850 0.4236911 0.3525729 0.3714548 0.3609649 0.0000000 0.1306266 0.3994345 0.3543722 0.3775636 0.3290387 
Spol       0.3842341 0.3985795 0.4862165 0.4362384 0.3706569 0.3731531 0.3999549 0.1306266 0.0000000 0.4255876 0.3729310 0.4087418 0.3609251 
MJM1652    0.3653354 0.1485269 0.4537966 0.2329200 0.3264609 0.4261831 0.4112925 0.3994345 0.4255876 0.0000000 0.3396476 0.4475363 0.3166234 
NepSFB     0.2844714 0.2799692 0.3911530 0.2999194 0.0129343 0.3227473 0.3233115 0.3543722 0.3729310 0.3396476 0.0000000 0.3736367 0.2305984 
WPYJ       0.4078915 0.4145501 0.4590238 0.4296454 0.3630733 0.3636382 0.1801751 0.3775636 0.4087418 0.4475363 0.3736367 0.0000000 0.3685893 
MJM2940    0.1814602 0.2770263 0.3803025 0.2911474 0.2222711 0.2927708 0.3100965 0.3290387 0.3609251 0.3166234 0.2305984 0.3685893 0.0000000 
