13
DrolusSFB  0.0000000 0.3712905 0.5004887 0.4272168 0.2975517 0.4281227 0.6064413 0.4654757 0.5134292 0.4335490 0.3018612 0.6113337 0.2203862 
Dino       0.3712905 0.0000000 0.5296420 0.2537613 0.3274492 0.4786001 0.5844974 0.4703010 0.5049604 0.1977841 0.3253094 0.5121126 0.3389809 
MJM3360    0.5004887 0.5296420 0.0000000 0.5653796 0.4164138 0.4072968 0.4847331 0.4803440 0.5114806 0.5843013 0.4236533 0.5776466 0.4346089 
DrobinSFB  0.4272168 0.2537613 0.5653796 0.0000000 0.4104539 0.5388876 0.6071011 0.5353355 0.5650266 0.2960994 0.4065091 0.5566246 0.4175487 
Neam       0.2975517 0.3274492 0.4164138 0.4104539 0.0000000 0.3542732 0.4618190 0.3858921 0.4365519 0.3607553 0.0153995 0.5127977 0.1972869 
RuprSFB    0.4281227 0.4786001 0.4072968 0.5388876 0.3542732 0.0000000 0.5155859 0.4314190 0.4684083 0.5060769 0.3554666 0.5732470 0.3681983 
Retr       0.6064413 0.5844974 0.4847331 0.6071011 0.4618190 0.5155859 0.0000000 0.4526822 0.5200173 0.6246469 0.4768687 0.2296984 0.5171751 
Beta       0.4654757 0.4703010 0.4803440 0.5353355 0.3858921 0.4314190 0.4526822 0.0000000 0.1656200 0.5296988 0.3932166 0.5116079 0.4194258 
Spol       0.5134292 0.5049604 0.5114806 0.5650266 0.4365519 0.4684083 0.5200173 0.1656200 0.0000000 0.5334558 0.4447032 0.5694574 0.4573133 
MJM1652    0.4335490 0.1977841 0.5843013 0.2960994 0.3607553 0.5060769 0.6246469 0.5296988 0.5334558 0.0000000 0.3659223 0.6249932 0.3976632 
NepSFB     0.3018612 0.3253094 0.4236533 0.4065091 0.0153995 0.3554666 0.4768687 0.3932166 0.4447032 0.3659223 0.0000000 0.5216847 0.1998835 
WPYJ       0.6113337 0.5121126 0.5776466 0.5566246 0.5127977 0.5732470 0.2296984 0.5116079 0.5694574 0.6249932 0.5216847 0.0000000 0.5207851 
MJM2940    0.2203862 0.3389809 0.4346089 0.4175487 0.1972869 0.3681983 0.5171751 0.4194258 0.4573133 0.3976632 0.1998835 0.5207851 0.0000000 
