13
DrolusSFB  0.0000000 0.2609570 0.3266227 0.3354958 0.1978823 0.3182484 0.3268619 0.3421293 0.3096516 0.2982315 0.1996398 0.5399892 0.1670021 
Dino       0.2609570 0.0000000 0.3206627 0.1655303 0.2047971 0.3045706 0.2984381 0.2994157 0.2702839 0.1156376 0.2021616 0.5300893 0.2224584 
MJM3360    0.3266227 0.3206627 0.0000000 0.3366355 0.2612267 0.2536870 0.3302881 0.3375196 0.3160084 0.3312288 0.2667318 0.5602664 0.2896495 
DrobinSFB  0.3354958 0.1655303 0.3366355 0.0000000 0.2469729 0.3188219 0.3475069 0.3248030 0.2939675 0.1929203 0.2439200 0.5270551 0.2567304 
Neam       0.1978823 0.2047971 0.2612267 0.2469729 0.0000000 0.2433888 0.2262856 0.2628782 0.2488008 0.2265530 0.0022597 0.5162872 0.1565582 
RuprSFB    0.3182484 0.3045706 0.2536870 0.3188219 0.2433888 0.0000000 0.3222613 0.3202592 0.3213731 0.3147169 0.2503803 0.5977959 0.2778947 
Retr       0.3268619 0.2984381 0.3302881 0.3475069 0.2262856 0.3222613 0.0000000 0.3410593 0.3589829 0.3313034 0.2298636 0.5804979 0.2786245 
Beta       0.3421293 0.2994157 0.3375196 0.3248030 0.2628782 0.3202592 0.3410593 0.0000000 0.1201149 0.3107025 0.2579932 0.6197166 0.2820915 
Spol       0.3096516 0.2702839 0.3160084 0.2939675 0.2488008 0.3213731 0.3589829 0.1201149 0.0000000 0.3003512 0.2494371 0.5531670 0.2539658 
MJM1652    0.2982315 0.1156376 0.3312288 0.1929203 0.2265530 0.3147169 0.3313034 0.3107025 0.3003512 0.0000000 0.2334129 0.5587655 0.2603072 
NepSFB     0.1996398 0.2021616 0.2667318 0.2439200 0.0022597 0.2503803 0.2298636 0.2579932 0.2494371 0.2334129 0.0000000 0.4981446 0.1608269 
WPYJ       0.5399892 0.5300893 0.5602664 0.5270551 0.5162872 0.5977959 0.5804979 0.6197166 0.5531670 0.5587655 0.4981446 0.0000000 0.5288994 
MJM2940    0.1670021 0.2224584 0.2896495 0.2567304 0.1565582 0.2778947 0.2786245 0.2820915 0.2539658 0.2603072 0.1608269 0.5288994 0.0000000 
