13
DrolusSFB  0.0000000 0.2909599 0.3543511 0.3282461 0.2754743 0.2984542 0.3052685 0.4330034 0.4513359 0.3642383 0.2776570 0.2996199 0.1856983 
Dino       0.2909599 0.0000000 0.3882501 0.1952512 0.2366428 0.3259037 0.3471890 0.4358171 0.4588812 0.1468526 0.2444826 0.3271964 0.2350367 
MJM3360    0.3543511 0.3882501 0.0000000 0.3810355 0.3373077 0.2926054 0.3868189 0.4850895 0.5309872 0.3988827 0.3417431 0.3950197 0.3258037 
DrobinSFB  0.3282461 0.1952512 0.3810355 0.0000000 0.2792347 0.3591085 0.3613044 0.4830563 0.5272702 0.2279533 0.2832035 0.3676227 0.2907958 
Neam       0.2754743 0.2366428 0.3373077 0.2792347 0.0000000 0.3006818 0.3193415 0.4399287 0.4427541 0.3018366 0.0108410 0.2908582 0.1895089 
RuprSFB    0.2984542 0.3259037 0.2926054 0.3591085 0.3006818 0.0000000 0.3735843 0.4533812 0.4785127 0.3448059 0.3079285 0.3831558 0.2967124 
Retr       0.3052685 0.3471890 0.3868189 0.3613044 0.3193415 0.3735843 0.0000000 0.4184137 0.4508501 0.3688467 0.3149250 0.1681110 0.2802863 
Beta       0.4330034 0.4358171 0.4850895 0.4830563 0.4399287 0.4533812 0.4184137 0.0000000 0.1309570 0.4869923 0.4433778 0.4023201 0.4192579 
Spol       0.4513359 0.4588812 0.5309872 0.5272702 0.4427541 0.4785127 0.4508501 0.1309570 0.0000000 0.5263215 0.4462376 0.4132000 0.4291718 
MJM1652    0.3642383 0.1468526 0.3988827 0.2279533 0.3018366 0.3448059 0.3688467 0.4869923 0.5263215 0.0000000 0.3094099 0.3618332 0.2824129 
NepSFB     0.2776570 0.2444826 0.3417431 0.2832035 0.0108410 0.3079285 0.3149250 0.4433778 0.4462376 0.3094099 0.0000000 0.2913193 0.1964447 
WPYJ       0.2996199 0.3271964 0.3950197 0.3676227 0.2908582 0.3831558 0.1681110 0.4023201 0.4132000 0.3618332 0.2913193 0.0000000 0.2653581 
MJM2940    0.1856983 0.2350367 0.3258037 0.2907958 0.1895089 0.2967124 0.2802863 0.4192579 0.4291718 0.2824129 0.1964447 0.2653581 0.0000000 
