13
DrolusSFB  0.0000000 0.2708785 0.3437617 0.2644648 0.2116334 0.2709034 0.3191774 0.2405118 0.3268805 0.3461813 0.2219481 0.3877186 0.1542853 
Dino       0.2708785 0.0000000 0.3394645 0.1636313 0.1944038 0.3007038 0.3029252 0.3190392 0.4049637 0.1986456 0.2111545 0.3642397 0.2250788 
MJM3360    0.3437617 0.3394645 0.0000000 0.3220515 0.2987298 0.2568645 0.3566533 0.3423141 0.4261368 0.4517672 0.3232416 0.3684204 0.2785736 
DrobinSFB  0.2644648 0.1636313 0.3220515 0.0000000 0.1996618 0.2860345 0.3355100 0.3485032 0.3995930 0.2436525 0.2077715 0.3883394 0.2144795 
Neam       0.2116334 0.1944038 0.2987298 0.1996618 0.0000000 0.2390977 0.2601698 0.2439651 0.3352609 0.2853022 0.0166292 0.3264315 0.1368225 
RuprSFB    0.2709034 0.3007038 0.2568645 0.2860345 0.2390977 0.0000000 0.3034489 0.3213610 0.3421811 0.3986631 0.2512879 0.3156165 0.2435455 
Retr       0.3191774 0.3029252 0.3566533 0.3355100 0.2601698 0.3034489 0.0000000 0.3149647 0.4227889 0.4246548 0.2683548 0.1879015 0.2774612 
Beta       0.2405118 0.3190392 0.3423141 0.3485032 0.2439651 0.3213610 0.3149647 0.0000000 0.1682583 0.4063329 0.2547743 0.3615260 0.2368408 
Spol       0.3268805 0.4049637 0.4261368 0.3995930 0.3352609 0.3421811 0.4227889 0.1682583 0.0000000 0.4821747 0.3458394 0.4623045 0.3116579 
MJM1652    0.3461813 0.1986456 0.4517672 0.2436525 0.2853022 0.3986631 0.4246548 0.4063329 0.4821747 0.0000000 0.3009163 0.5114799 0.2812227 
NepSFB     0.2219481 0.2111545 0.3232416 0.2077715 0.0166292 0.2512879 0.2683548 0.2547743 0.3458394 0.3009163 0.0000000 0.3376182 0.1480003 
WPYJ       0.3877186 0.3642397 0.3684204 0.3883394 0.3264315 0.3156165 0.1879015 0.3615260 0.4623045 0.5114799 0.3376182 0.0000000 0.3278715 
MJM2940    0.1542853 0.2250788 0.2785736 0.2144795 0.1368225 0.2435455 0.2774612 0.2368408 0.3116579 0.2812227 0.1480003 0.3278715 0.0000000 
