13
DrolusSFB  0.0000000 0.2876870 0.3085529 0.3591785 0.2366479 0.3452922 0.2757727 0.3201869 0.3772617 0.3012587 0.2395998 0.3120831 0.1483766 
Dino       0.2876870 0.0000000 0.3761609 0.1884717 0.2701613 0.4192865 0.2811914 0.3508324 0.4126100 0.1218179 0.2703441 0.3857768 0.2733537 
MJM3360    0.3085529 0.3761609 0.0000000 0.3928423 0.2897213 0.3195909 0.3102001 0.3295218 0.3942255 0.3432758 0.2841322 0.3480609 0.2786067 
DrobinSFB  0.3591785 0.1884717 0.3928423 0.0000000 0.2987294 0.4465371 0.3205073 0.3451089 0.3901797 0.2140976 0.3010962 0.4292889 0.3255756 
Neam       0.2366479 0.2701613 0.2897213 0.2987294 0.0000000 0.3259025 0.2521003 0.3101316 0.3593545 0.2760643 0.0110745 0.3264684 0.1845636 
RuprSFB    0.3452922 0.4192865 0.3195909 0.4465371 0.3259025 0.0000000 0.3776588 0.3991295 0.4368355 0.3802091 0.3425588 0.3986458 0.3307793 
Retr       0.2757727 0.2811914 0.3102001 0.3205073 0.2521003 0.3776588 0.0000000 0.2875509 0.3386376 0.2846834 0.2489242 0.1367595 0.2390685 
Beta       0.3201869 0.3508324 0.3295218 0.3451089 0.3101316 0.3991295 0.2875509 0.0000000 0.2714828 0.3499038 0.3148289 0.3399906 0.2793703 
Spol       0.3772617 0.4126100 0.3942255 0.3901797 0.3593545 0.4368355 0.3386376 0.2714828 0.0000000 0.3857021 0.3599583 0.3342141 0.3298939 
MJM1652    0.3012587 0.1218179 0.3432758 0.2140976 0.2760643 0.3802091 0.2846834 0.3499038 0.3857021 0.0000000 0.2762270 0.3258517 0.2743220 
NepSFB     0.2395998 0.2703441 0.2841322 0.3010962 0.0110745 0.3425588 0.2489242 0.3148289 0.3599583 0.2762270 0.0000000 0.3272496 0.1845839 
WPYJ       0.3120831 0.3857768 0.3480609 0.4292889 0.3264684 0.3986458 0.1367595 0.3399906 0.3342141 0.3258517 0.3272496 0.0000000 0.3203831 
MJM2940    0.1483766 0.2733537 0.2786067 0.3255756 0.1845636 0.3307793 0.2390685 0.2793703 0.3298939 0.2743220 0.1845839 0.3203831 0.0000000 
