13
DrolusSFB  0.0000000 0.2640624 0.3384793 0.3055986 0.1965990 0.2963781 0.3181923 0.3308221 0.3558558 0.2983663 0.1992928 0.3442168 0.1616418 
Dino       0.2640624 0.0000000 0.3732175 0.1657430 0.2215345 0.3175934 0.3512130 0.3680989 0.3826155 0.1229675 0.2258951 0.3615100 0.2325220 
MJM3360    0.3384793 0.3732175 0.0000000 0.4206751 0.3213453 0.2667735 0.3696323 0.4013261 0.4207577 0.3919216 0.3217279 0.3997109 0.3282866 
DrobinSFB  0.3055986 0.1657430 0.4206751 0.0000000 0.2894488 0.3675667 0.3723576 0.4094781 0.4261370 0.1835988 0.2930715 0.3965181 0.2855201 
Neam       0.1965990 0.2215345 0.3213453 0.2894488 0.0000000 0.2786110 0.3068707 0.3076628 0.3271346 0.2511037 0.0068786 0.3331972 0.1593923 
RuprSFB    0.2963781 0.3175934 0.2667735 0.3675667 0.2786110 0.0000000 0.3207192 0.3490567 0.3634356 0.3543507 0.2784881 0.3489801 0.2679777 
Retr       0.3181923 0.3512130 0.3696323 0.3723576 0.3068707 0.3207192 0.0000000 0.3452933 0.3487538 0.3604414 0.3056227 0.1732008 0.2794385 
Beta       0.3308221 0.3680989 0.4013261 0.4094781 0.3076628 0.3490567 0.3452933 0.0000000 0.1169861 0.4015208 0.3141977 0.3639266 0.2847992 
Spol       0.3558558 0.3826155 0.4207577 0.4261370 0.3271346 0.3634356 0.3487538 0.1169861 0.0000000 0.4082439 0.3297863 0.3899329 0.3096468 
MJM1652    0.2983663 0.1229675 0.3919216 0.1835988 0.2511037 0.3543507 0.3604414 0.4015208 0.4082439 0.0000000 0.2505152 0.3890987 0.2597661 
NepSFB     0.1992928 0.2258951 0.3217279 0.2930715 0.0068786 0.2784881 0.3056227 0.3141977 0.3297863 0.2505152 0.0000000 0.3354346 0.1618225 
WPYJ       0.3442168 0.3615100 0.3997109 0.3965181 0.3331972 0.3489801 0.1732008 0.3639266 0.3899329 0.3890987 0.3354346 0.0000000 0.3068405 
MJM2940    0.1616418 0.2325220 0.3282866 0.2855201 0.1593923 0.2679777 0.2794385 0.2847992 0.3096468 0.2597661 0.1618225 0.3068405 0.0000000 
