13
DrolusSFB  0.0000000 0.2898070 0.3993862 0.3014679 0.2590127 0.3251361 0.3572356 0.4244222 0.4194888 0.3308825 0.2666480 0.4496949 0.1966367 
Dino       0.2898070 0.0000000 0.3906481 0.1899035 0.2236069 0.3219586 0.3395502 0.4229284 0.4100621 0.1630950 0.2285216 0.3655894 0.2607929 
MJM3360    0.3993862 0.3906481 0.0000000 0.4165385 0.4081304 0.3011174 0.4219506 0.4872493 0.4739133 0.4253226 0.4119387 0.4255029 0.3879942 
DrobinSFB  0.3014679 0.1899035 0.4165385 0.0000000 0.2506426 0.3390929 0.3794620 0.4051854 0.3626418 0.2391456 0.2493506 0.3834174 0.2864774 
Neam       0.2590127 0.2236069 0.4081304 0.2506426 0.0000000 0.2670410 0.3339634 0.3889649 0.3868673 0.2603748 0.0096035 0.3564548 0.2141294 
RuprSFB    0.3251361 0.3219586 0.3011174 0.3390929 0.2670410 0.0000000 0.3152516 0.3570117 0.3481489 0.3524958 0.2750760 0.3429513 0.3017685 
Retr       0.3572356 0.3395502 0.4219506 0.3794620 0.3339634 0.3152516 0.0000000 0.4294922 0.4135400 0.3776421 0.3364057 0.1718923 0.3304002 
Beta       0.4244222 0.4229284 0.4872493 0.4051854 0.3889649 0.3570117 0.4294922 0.0000000 0.1499748 0.4500288 0.3867705 0.4173220 0.4053983 
Spol       0.4194888 0.4100621 0.4739133 0.3626418 0.3868673 0.3481489 0.4135400 0.1499748 0.0000000 0.4624707 0.3936446 0.3800960 0.3742033 
MJM1652    0.3308825 0.1630950 0.4253226 0.2391456 0.2603748 0.3524958 0.3776421 0.4500288 0.4624707 0.0000000 0.2621256 0.3318130 0.3217077 
NepSFB     0.2666480 0.2285216 0.4119387 0.2493506 0.0096035 0.2750760 0.3364057 0.3867705 0.3936446 0.2621256 0.0000000 0.3553796 0.2195541 
WPYJ       0.4496949 0.3655894 0.4255029 0.3834174 0.3564548 0.3429513 0.1718923 0.4173220 0.3800960 0.3318130 0.3553796 0.0000000 0.4260631 
MJM2940    0.1966367 0.2607929 0.3879942 0.2864774 0.2141294 0.3017685 0.3304002 0.4053983 0.3742033 0.3217077 0.2195541 0.4260631 0.0000000 
