13
DrolusSFB  0.0000000 0.3181304 0.3118805 0.2870631 0.2963666 0.2518898 0.3551196 0.4085753 0.4417859 0.3253164 0.2902444 0.2715475 0.2058263 
Dino       0.3181304 0.0000000 0.2910012 0.2510713 0.2858471 0.2967971 0.3901033 0.4598297 0.4861345 0.1792068 0.2821134 0.3510052 0.2629771 
MJM3360    0.3118805 0.2910012 0.0000000 0.3669605 0.3070403 0.2711876 0.4133002 0.4612487 0.4919300 0.2956979 0.3118598 0.3422658 0.2871419 
DrobinSFB  0.2870631 0.2510713 0.3669605 0.0000000 0.2493352 0.3550220 0.4552833 0.4168447 0.4819604 0.2738248 0.2450586 0.3580317 0.2815333 
Neam       0.2963666 0.2858471 0.3070403 0.2493352 0.0000000 0.2385064 0.3696712 0.4277606 0.4724827 0.3156213 0.0048507 0.2710849 0.2146082 
RuprSFB    0.2518898 0.2967971 0.2711876 0.3550220 0.2385064 0.0000000 0.3640077 0.3491107 0.3522415 0.3125840 0.2375908 0.3198620 0.2007637 
Retr       0.3551196 0.3901033 0.4133002 0.4552833 0.3696712 0.3640077 0.0000000 0.4821785 0.5490132 0.4511285 0.3643481 0.2423204 0.3326006 
Beta       0.4085753 0.4598297 0.4612487 0.4168447 0.4277606 0.3491107 0.4821785 0.0000000 0.1778044 0.4809275 0.4264280 0.3311764 0.3655623 
Spol       0.4417859 0.4861345 0.4919300 0.4819604 0.4724827 0.3522415 0.5490132 0.1778044 0.0000000 0.5526911 0.4670169 0.3504712 0.4062791 
MJM1652    0.3253164 0.1792068 0.2956979 0.2738248 0.3156213 0.3125840 0.4511285 0.4809275 0.5526911 0.0000000 0.3155189 0.3602962 0.3032510 
NepSFB     0.2902444 0.2821134 0.3118598 0.2450586 0.0048507 0.2375908 0.3643481 0.4264280 0.4670169 0.3155189 0.0000000 0.2607969 0.2119431 
WPYJ       0.2715475 0.3510052 0.3422658 0.3580317 0.2710849 0.3198620 0.2423204 0.3311764 0.3504712 0.3602962 0.2607969 0.0000000 0.2502709 
MJM2940    0.2058263 0.2629771 0.2871419 0.2815333 0.2146082 0.2007637 0.3326006 0.3655623 0.4062791 0.3032510 0.2119431 0.2502709 0.0000000 
