13
DrolusSFB  0.0000000 0.3258073 0.3773679 0.3236655 0.2700644 0.3410740 0.3212503 0.4034443 0.3925274 0.3598377 0.2752200 0.3593369 0.1980876 
Dino       0.3258073 0.0000000 0.4089539 0.1903651 0.2922908 0.3462946 0.3641166 0.4172875 0.4129830 0.1473064 0.2918522 0.3667292 0.2577159 
MJM3360    0.3773679 0.4089539 0.0000000 0.4184297 0.3598577 0.2942236 0.4307596 0.4939012 0.4975587 0.4259558 0.3661749 0.4363167 0.3490225 
DrobinSFB  0.3236655 0.1903651 0.4184297 0.0000000 0.3245341 0.3972390 0.3827217 0.4123393 0.4103859 0.2303984 0.3247264 0.3907075 0.2970089 
Neam       0.2700644 0.2922908 0.3598577 0.3245341 0.0000000 0.3416961 0.3224571 0.3434602 0.3582116 0.3420302 0.0125917 0.3832228 0.2219308 
RuprSFB    0.3410740 0.3462946 0.2942236 0.3972390 0.3416961 0.0000000 0.3798303 0.4627463 0.4527126 0.3955261 0.3458257 0.3821691 0.2945781 
Retr       0.3212503 0.3641166 0.4307596 0.3827217 0.3224571 0.3798303 0.0000000 0.3931938 0.3931878 0.3786156 0.3210345 0.2042776 0.3172405 
Beta       0.4034443 0.4172875 0.4939012 0.4123393 0.3434602 0.4627463 0.3931938 0.0000000 0.1342467 0.4423077 0.3400994 0.4163244 0.3469145 
Spol       0.3925274 0.4129830 0.4975587 0.4103859 0.3582116 0.4527126 0.3931878 0.1342467 0.0000000 0.4501599 0.3538217 0.3690155 0.3412098 
MJM1652    0.3598377 0.1473064 0.4259558 0.2303984 0.3420302 0.3955261 0.3786156 0.4423077 0.4501599 0.0000000 0.3377930 0.4442802 0.2947926 
NepSFB     0.2752200 0.2918522 0.3661749 0.3247264 0.0125917 0.3458257 0.3210345 0.3400994 0.3538217 0.3377930 0.0000000 0.3760710 0.2206412 
WPYJ       0.3593369 0.3667292 0.4363167 0.3907075 0.3832228 0.3821691 0.2042776 0.4163244 0.3690155 0.4442802 0.3760710 0.0000000 0.3516097 
MJM2940    0.1980876 0.2577159 0.3490225 0.2970089 0.2219308 0.2945781 0.3172405 0.3469145 0.3412098 0.2947926 0.2206412 0.3516097 0.0000000 
