13
DrolusSFB  0.0000000 0.3408506 0.4376061 0.3545028 0.2251635 0.3811007 0.4162921 0.3798424 0.4118608 0.3319853 0.2282044 0.4082679 0.1966540 
Dino       0.3408506 0.0000000 0.4173171 0.1942349 0.2268410 0.4048945 0.4496232 0.3797089 0.3807777 0.1338403 0.2488526 0.4359341 0.2730881 
MJM3360    0.4376061 0.4173171 0.0000000 0.4532426 0.3306791 0.3264480 0.4560433 0.4154876 0.4350553 0.4396429 0.3882102 0.4885024 0.4097754 
DrobinSFB  0.3545028 0.1942349 0.4532426 0.0000000 0.2674574 0.4022998 0.4177174 0.3983553 0.3996079 0.2042817 0.2672172 0.4511025 0.2992318 
Neam       0.2251635 0.2268410 0.3306791 0.2674574 0.0000000 0.2917913 0.3102439 0.3228907 0.3131614 0.2295428 0.0082918 0.2963721 0.1827252 
RuprSFB    0.3811007 0.4048945 0.3264480 0.4022998 0.2917913 0.0000000 0.3913087 0.3729923 0.3694203 0.4169451 0.3067960 0.3990602 0.3510856 
Retr       0.4162921 0.4496232 0.4560433 0.4177174 0.3102439 0.3913087 0.0000000 0.4130019 0.4057966 0.4287993 0.3260340 0.2417125 0.3563848 
Beta       0.3798424 0.3797089 0.4154876 0.3983553 0.3228907 0.3729923 0.4130019 0.0000000 0.1252540 0.3930333 0.3245472 0.4135078 0.3209649 
Spol       0.4118608 0.3807777 0.4350553 0.3996079 0.3131614 0.3694203 0.4057966 0.1252540 0.0000000 0.4253363 0.3224380 0.4272281 0.3468892 
MJM1652    0.3319853 0.1338403 0.4396429 0.2042817 0.2295428 0.4169451 0.4287993 0.3930333 0.4253363 0.0000000 0.2575391 0.4532837 0.2827152 
NepSFB     0.2282044 0.2488526 0.3882102 0.2672172 0.0082918 0.3067960 0.3260340 0.3245472 0.3224380 0.2575391 0.0000000 0.3511853 0.1874743 
WPYJ       0.4082679 0.4359341 0.4885024 0.4511025 0.2963721 0.3990602 0.2417125 0.4135078 0.4272281 0.4532837 0.3511853 0.0000000 0.3677377 
MJM2940    0.1966540 0.2730881 0.4097754 0.2992318 0.1827252 0.3510856 0.3563848 0.3209649 0.3468892 0.2827152 0.1874743 0.3677377 0.0000000 
