13
DrolusSFB  0.0000000 0.2880898 0.3587830 0.3512760 0.2788299 0.3736490 0.3458491 0.3261515 0.3435262 0.3312399 0.2903421 0.2813862 0.2006041 
Dino       0.2880898 0.0000000 0.3494024 0.1783695 0.2310994 0.3176203 0.3224671 0.3169040 0.3074470 0.1528500 0.2248416 0.3025915 0.2073732 
MJM3360    0.3587830 0.3494024 0.0000000 0.3755537 0.3107727 0.3089420 0.3522784 0.3630141 0.3794061 0.3661446 0.3082369 0.3809481 0.2874830 
DrobinSFB  0.3512760 0.1783695 0.3755537 0.0000000 0.3099177 0.3785247 0.3773400 0.3388879 0.3738928 0.2271865 0.2952889 0.3239001 0.2571811 
Neam       0.2788299 0.2310994 0.3107727 0.3099177 0.0000000 0.2999354 0.3082566 0.2886389 0.2667492 0.2736882 0.0207448 0.2786626 0.1963326 
RuprSFB    0.3736490 0.3176203 0.3089420 0.3785247 0.2999354 0.0000000 0.3641861 0.3265766 0.3517642 0.3878448 0.2806868 0.3248460 0.2752318 
Retr       0.3458491 0.3224671 0.3522784 0.3773400 0.3082566 0.3641861 0.0000000 0.3124831 0.3335973 0.3484737 0.2932805 0.1587721 0.2931617 
Beta       0.3261515 0.3169040 0.3630141 0.3388879 0.2886389 0.3265766 0.3124831 0.0000000 0.1853951 0.3679720 0.2756467 0.3098565 0.2674044 
Spol       0.3435262 0.3074470 0.3794061 0.3738928 0.2667492 0.3517642 0.3335973 0.1853951 0.0000000 0.3567315 0.2823344 0.3269270 0.2702559 
MJM1652    0.3312399 0.1528500 0.3661446 0.2271865 0.2736882 0.3878448 0.3484737 0.3679720 0.3567315 0.0000000 0.2710285 0.2866938 0.2444106 
NepSFB     0.2903421 0.2248416 0.3082369 0.2952889 0.0207448 0.2806868 0.2932805 0.2756467 0.2823344 0.2710285 0.0000000 0.2784609 0.1853688 
WPYJ       0.2813862 0.3025915 0.3809481 0.3239001 0.2786626 0.3248460 0.1587721 0.3098565 0.3269270 0.2866938 0.2784609 0.0000000 0.2556840 
MJM2940    0.2006041 0.2073732 0.2874830 0.2571811 0.1963326 0.2752318 0.2931617 0.2674044 0.2702559 0.2444106 0.1853688 0.2556840 0.0000000 
