13
DrolusSFB  0.0000000 0.3319703 0.4478031 0.3948560 0.3532694 0.4501263 0.4554455 0.4667392 0.4689510 0.4032140 0.3642287 0.4319170 0.2815881 
Dino       0.3319703 0.0000000 0.4476794 0.2316057 0.2977198 0.3701610 0.3640355 0.3932925 0.4017865 0.2126417 0.2920483 0.3575721 0.2885035 
MJM3360    0.4478031 0.4476794 0.0000000 0.4671192 0.4847822 0.4046455 0.4948042 0.4447239 0.4669641 0.5002910 0.4771171 0.4759602 0.4859803 
DrobinSFB  0.3948560 0.2316057 0.4671192 0.0000000 0.3666703 0.3886385 0.4185693 0.4752791 0.4021296 0.2861898 0.3550158 0.4021439 0.3235300 
Neam       0.3532694 0.2977198 0.4847822 0.3666703 0.0000000 0.4017983 0.3595102 0.4489281 0.4575532 0.3648795 0.0187131 0.3828068 0.2594537 
RuprSFB    0.4501263 0.3701610 0.4046455 0.3886385 0.4017983 0.0000000 0.3834352 0.4400106 0.4132812 0.4240051 0.3870312 0.3723648 0.3663548 
Retr       0.4554455 0.3640355 0.4948042 0.4185693 0.3595102 0.3834352 0.0000000 0.4671803 0.4330476 0.4084922 0.3660009 0.2083919 0.3958488 
Beta       0.4667392 0.3932925 0.4447239 0.4752791 0.4489281 0.4400106 0.4671803 0.0000000 0.1720888 0.4953549 0.4438334 0.3982356 0.3972880 
Spol       0.4689510 0.4017865 0.4669641 0.4021296 0.4575532 0.4132812 0.4330476 0.1720888 0.0000000 0.4481593 0.4543267 0.3913646 0.4230556 
MJM1652    0.4032140 0.2126417 0.5002910 0.2861898 0.3648795 0.4240051 0.4084922 0.4953549 0.4481593 0.0000000 0.3571976 0.4400427 0.3639138 
NepSFB     0.3642287 0.2920483 0.4771171 0.3550158 0.0187131 0.3870312 0.3660009 0.4438334 0.4543267 0.3571976 0.0000000 0.3788909 0.2619410 
WPYJ       0.4319170 0.3575721 0.4759602 0.4021439 0.3828068 0.3723648 0.2083919 0.3982356 0.3913646 0.4400427 0.3788909 0.0000000 0.3736622 
MJM2940    0.2815881 0.2885035 0.4859803 0.3235300 0.2594537 0.3663548 0.3958488 0.3972880 0.4230556 0.3639138 0.2619410 0.3736622 0.0000000 
