13
DrolusSFB  0.0000000 0.2973198 0.3953215 0.3220170 0.2799440 0.3206110 0.2485551 0.3686053 0.3881872 0.3883253 0.2228218 0.3939081 0.2034642 
Dino       0.2973198 0.0000000 0.4118217 0.1830889 0.2892908 0.4088684 0.2894298 0.4390615 0.4392912 0.1669708 0.2227365 0.4985264 0.2313820 
MJM3360    0.3953215 0.4118217 0.0000000 0.4403281 0.4488647 0.3338435 0.3973116 0.4594474 0.4707813 0.6064864 0.3373164 0.4800736 0.3848304 
DrobinSFB  0.3220170 0.1830889 0.4403281 0.0000000 0.2980160 0.4352360 0.3061633 0.4306932 0.4747824 0.2273711 0.2354341 0.4848284 0.2561204 
Neam       0.2799440 0.2892908 0.4488647 0.2980160 0.0000000 0.3425323 0.2101793 0.3376654 0.3657040 0.4200368 0.0056400 0.3940378 0.2007544 
RuprSFB    0.3206110 0.4088684 0.3338435 0.4352360 0.3425323 0.0000000 0.3361964 0.3714481 0.4198623 0.4872478 0.3376452 0.3671052 0.3037845 
Retr       0.2485551 0.2894298 0.3973116 0.3061633 0.2101793 0.3361964 0.0000000 0.3199558 0.3103432 0.3108219 0.2060383 0.1611661 0.2088865 
Beta       0.3686053 0.4390615 0.4594474 0.4306932 0.3376654 0.3714481 0.3199558 0.0000000 0.1381041 0.6041500 0.2996583 0.3926441 0.3067066 
Spol       0.3881872 0.4392912 0.4707813 0.4747824 0.3657040 0.4198623 0.3103432 0.1381041 0.0000000 0.6077823 0.2866682 0.4281145 0.3291688 
MJM1652    0.3883253 0.1669708 0.6064864 0.2273711 0.4200368 0.4872478 0.3108219 0.6041500 0.6077823 0.0000000 0.2889768 0.6209161 0.3553425 
NepSFB     0.2228218 0.2227365 0.3373164 0.2354341 0.0056400 0.3376452 0.2060383 0.2996583 0.2866682 0.2889768 0.0000000 0.3094122 0.1576056 
WPYJ       0.3939081 0.4985264 0.4800736 0.4848284 0.3940378 0.3671052 0.1611661 0.3926441 0.4281145 0.6209161 0.3094122 0.0000000 0.3790895 
MJM2940    0.2034642 0.2313820 0.3848304 0.2561204 0.2007544 0.3037845 0.2088865 0.3067066 0.3291688 0.3553425 0.1576056 0.3790895 0.0000000 
