13
DrolusSFB  0.0000000 0.3197811 0.2884867 0.2793634 0.2757199 0.3056235 0.4083842 0.3556524 0.3476819 0.3582323 0.2953965 0.2889348 0.2054792 
Dino       0.3197811 0.0000000 0.3930473 0.1380487 0.2445681 0.3390726 0.4668764 0.3390435 0.3259069 0.1503151 0.2631909 0.3880568 0.2353512 
MJM3360    0.2884867 0.3930473 0.0000000 0.3774074 0.2813034 0.3033653 0.3534720 0.3725338 0.3699331 0.4733035 0.2766749 0.3797078 0.2695567 
DrobinSFB  0.2793634 0.1380487 0.3774074 0.0000000 0.2259424 0.3324718 0.3861227 0.3222438 0.3326136 0.1971205 0.2362493 0.3638603 0.1966720 
Neam       0.2757199 0.2445681 0.2813034 0.2259424 0.0000000 0.2473648 0.4166458 0.2778905 0.2597835 0.2772940 0.0160481 0.3553405 0.1883913 
RuprSFB    0.3056235 0.3390726 0.3033653 0.3324718 0.2473648 0.0000000 0.3183393 0.3473261 0.3532429 0.4366135 0.2555202 0.3743771 0.2101428 
Retr       0.4083842 0.4668764 0.3534720 0.3861227 0.4166458 0.3183393 0.0000000 0.3633782 0.3329789 0.4352794 0.4379447 0.2057730 0.3954807 
Beta       0.3556524 0.3390435 0.3725338 0.3222438 0.2778905 0.3473261 0.3633782 0.0000000 0.0834643 0.4232816 0.2845268 0.3852681 0.2686053 
Spol       0.3476819 0.3259069 0.3699331 0.3326136 0.2597835 0.3532429 0.3329789 0.0834643 0.0000000 0.4246361 0.2658302 0.3600535 0.2484412 
MJM1652    0.3582323 0.1503151 0.4733035 0.1971205 0.2772940 0.4366135 0.4352794 0.4232816 0.4246361 0.0000000 0.2883276 0.3796440 0.2948874 
NepSFB     0.2953965 0.2631909 0.2766749 0.2362493 0.0160481 0.2555202 0.4379447 0.2845268 0.2658302 0.2883276 0.0000000 0.3796918 0.1939805 
WPYJ       0.2889348 0.3880568 0.3797078 0.3638603 0.3553405 0.3743771 0.2057730 0.3852681 0.3600535 0.3796440 0.3796918 0.0000000 0.3346781 
MJM2940    0.2054792 0.2353512 0.2695567 0.1966720 0.1883913 0.2101428 0.3954807 0.2686053 0.2484412 0.2948874 0.1939805 0.3346781 0.0000000 
