13
DrolusSFB  0.0000000 0.3238959 0.3534327 0.3394044 0.2541488 0.3306733 0.3147736 0.3454179 0.3460957 0.3135199 0.2087293 0.3864378 0.1678819 
Dino       0.3238959 0.0000000 0.3732420 0.1943451 0.2863934 0.3822248 0.2983843 0.3927879 0.4057764 0.1561361 0.2525545 0.3603149 0.2781892 
MJM3360    0.3534327 0.3732420 0.0000000 0.3928759 0.3352050 0.2586563 0.3412784 0.4012462 0.3878362 0.4075693 0.3100487 0.3886058 0.3392839 
DrobinSFB  0.3394044 0.1943451 0.3928759 0.0000000 0.3041216 0.3891909 0.3707560 0.4272250 0.4278754 0.2191572 0.2700966 0.4320887 0.2888673 
Neam       0.2541488 0.2863934 0.3352050 0.3041216 0.0000000 0.3079018 0.2938403 0.3810107 0.3467348 0.2641721 0.0092851 0.3781978 0.2084029 
RuprSFB    0.3306733 0.3822248 0.2586563 0.3891909 0.3079018 0.0000000 0.3001457 0.4174140 0.4097311 0.4010570 0.2649559 0.3723618 0.2760322 
Retr       0.3147736 0.2983843 0.3412784 0.3707560 0.2938403 0.3001457 0.0000000 0.3814534 0.3540948 0.3356486 0.2772540 0.1749241 0.2667315 
Beta       0.3454179 0.3927879 0.4012462 0.4272250 0.3810107 0.4174140 0.3814534 0.0000000 0.1398812 0.4197590 0.3413669 0.4554929 0.3089199 
Spol       0.3460957 0.4057764 0.3878362 0.4278754 0.3467348 0.4097311 0.3540948 0.1398812 0.0000000 0.4334732 0.3171593 0.4240679 0.3245810 
MJM1652    0.3135199 0.1561361 0.4075693 0.2191572 0.2641721 0.4010570 0.3356486 0.4197590 0.4334732 0.0000000 0.2382738 0.4188136 0.2807470 
NepSFB     0.2087293 0.2525545 0.3100487 0.2700966 0.0092851 0.2649559 0.2772540 0.3413669 0.3171593 0.2382738 0.0000000 0.3689560 0.1832421 
WPYJ       0.3864378 0.3603149 0.3886058 0.4320887 0.3781978 0.3723618 0.1749241 0.4554929 0.4240679 0.4188136 0.3689560 0.0000000 0.3340694 
MJM2940    0.1678819 0.2781892 0.3392839 0.2888673 0.2084029 0.2760322 0.2667315 0.3089199 0.3245810 0.2807470 0.1832421 0.3340694 0.0000000 
