13
DrolusSFB  0.0000000 0.3270998 0.3912729 0.3607497 0.3425046 0.3355056 0.4371099 0.3894242 0.4107941 0.3379803 0.3423328 0.5269153 0.2272425 
Dino       0.3270998 0.0000000 0.4075886 0.1859578 0.3124325 0.3186010 0.4174557 0.3683437 0.3864420 0.1637231 0.3130188 0.4282371 0.2744680 
MJM3360    0.3912729 0.4075886 0.0000000 0.3888360 0.4471360 0.3236109 0.3954802 0.3907819 0.3906900 0.4010363 0.4518811 0.4194423 0.3341208 
DrobinSFB  0.3607497 0.1859578 0.3888360 0.0000000 0.3365239 0.3384772 0.4107527 0.3334568 0.3612987 0.2012667 0.3300293 0.3967769 0.2918623 
Neam       0.3425046 0.3124325 0.4471360 0.3365239 0.0000000 0.3444698 0.4015032 0.4145296 0.3611065 0.3330836 0.0157519 0.4508955 0.2814024 
RuprSFB    0.3355056 0.3186010 0.3236109 0.3384772 0.3444698 0.0000000 0.3699982 0.3823934 0.4073271 0.3171104 0.3422939 0.4175480 0.2547268 
Retr       0.4371099 0.4174557 0.3954802 0.4107527 0.4015032 0.3699982 0.0000000 0.3587595 0.3588550 0.4411859 0.4086491 0.2194261 0.3503003 
Beta       0.3894242 0.3683437 0.3907819 0.3334568 0.4145296 0.3823934 0.3587595 0.0000000 0.1297966 0.3808647 0.4058125 0.4156790 0.3431797 
Spol       0.4107941 0.3864420 0.3906900 0.3612987 0.3611065 0.4073271 0.3588550 0.1297966 0.0000000 0.3960292 0.3589783 0.4080615 0.3370716 
MJM1652    0.3379803 0.1637231 0.4010363 0.2012667 0.3330836 0.3171104 0.4411859 0.3808647 0.3960292 0.0000000 0.3318876 0.4686328 0.2975035 
NepSFB     0.3423328 0.3130188 0.4518811 0.3300293 0.0157519 0.3422939 0.4086491 0.4058125 0.3589783 0.3318876 0.0000000 0.4545772 0.2751977 
WPYJ       0.5269153 0.4282371 0.4194423 0.3967769 0.4508955 0.4175480 0.2194261 0.4156790 0.4080615 0.4686328 0.4545772 0.0000000 0.3857694 
MJM2940    0.2272425 0.2744680 0.3341208 0.2918623 0.2814024 0.2547268 0.3503003 0.3431797 0.3370716 0.2975035 0.2751977 0.3857694 0.0000000 
