13
DrolusSFB  0.0000000 0.3159278 0.4382283 0.3993164 0.2779418 0.3385363 0.2870072 0.3940888 0.4242278 0.3181147 0.2876086 0.3276794 0.1573625 
Dino       0.3159278 0.0000000 0.4830397 0.2328533 0.3010421 0.4037120 0.3503877 0.4299367 0.5049551 0.1517966 0.3020579 0.4164447 0.2901295 
MJM3360    0.4382283 0.4830397 0.0000000 0.5413950 0.4489104 0.3619715 0.4119169 0.4127934 0.4857430 0.4542108 0.4492732 0.4777969 0.4500893 
DrobinSFB  0.3993164 0.2328533 0.5413950 0.0000000 0.3877341 0.4899137 0.3922326 0.5525991 0.6072614 0.2469615 0.3853533 0.5441919 0.3833987 
Neam       0.2779418 0.3010421 0.4489104 0.3877341 0.0000000 0.3354773 0.2597976 0.3579797 0.4214922 0.3381863 0.0140723 0.3270510 0.2401427 
RuprSFB    0.3385363 0.4037120 0.3619715 0.4899137 0.3354773 0.0000000 0.2585673 0.3447133 0.3796763 0.3767865 0.3491504 0.3506220 0.3262131 
Retr       0.2870072 0.3503877 0.4119169 0.3922326 0.2597976 0.2585673 0.0000000 0.3062413 0.3552771 0.3641701 0.2487145 0.1566113 0.2515840 
Beta       0.3940888 0.4299367 0.4127934 0.5525991 0.3579797 0.3447133 0.3062413 0.0000000 0.1760302 0.4599919 0.3668919 0.3872995 0.3764564 
Spol       0.4242278 0.5049551 0.4857430 0.6072614 0.4214922 0.3796763 0.3552771 0.1760302 0.0000000 0.5175827 0.4312334 0.4479008 0.4002785 
MJM1652    0.3181147 0.1517966 0.4542108 0.2469615 0.3381863 0.3767865 0.3641701 0.4599919 0.5175827 0.0000000 0.3364978 0.4494688 0.3005842 
NepSFB     0.2876086 0.3020579 0.4492732 0.3853533 0.0140723 0.3491504 0.2487145 0.3668919 0.4312334 0.3364978 0.0000000 0.3414624 0.2429688 
WPYJ       0.3276794 0.4164447 0.4777969 0.5441919 0.3270510 0.3506220 0.1566113 0.3872995 0.4479008 0.4494688 0.3414624 0.0000000 0.3312223 
MJM2940    0.1573625 0.2901295 0.4500893 0.3833987 0.2401427 0.3262131 0.2515840 0.3764564 0.4002785 0.3005842 0.2429688 0.3312223 0.0000000 
