13
DrolusSFB  0.0000000 0.3167001 0.4018707 0.3194825 0.2639926 0.3222738 0.3610708 0.3350100 0.3227481 0.3720083 0.2490733 0.3955667 0.1856877 
Dino       0.3167001 0.0000000 0.4047957 0.2071695 0.2438089 0.3038212 0.3441107 0.3766472 0.3966203 0.1958509 0.2319045 0.3831734 0.2539953 
MJM3360    0.4018707 0.4047957 0.0000000 0.4378992 0.3659388 0.3285648 0.4339492 0.4527248 0.5124317 0.4672288 0.3649409 0.4689576 0.3929411 
DrobinSFB  0.3194825 0.2071695 0.4378992 0.0000000 0.3071158 0.3393587 0.4329572 0.3958665 0.4151919 0.2463680 0.2596640 0.4435658 0.2701330 
Neam       0.2639926 0.2438089 0.3659388 0.3071158 0.0000000 0.2725421 0.3178802 0.3470156 0.3585027 0.3064723 0.0154403 0.3452242 0.1844593 
RuprSFB    0.3222738 0.3038212 0.3285648 0.3393587 0.2725421 0.0000000 0.3324297 0.3496326 0.4023593 0.3718810 0.2338718 0.3698797 0.2568778 
Retr       0.3610708 0.3441107 0.4339492 0.4329572 0.3178802 0.3324297 0.0000000 0.4327348 0.4289155 0.4092080 0.2820422 0.2036761 0.3386068 
Beta       0.3350100 0.3766472 0.4527248 0.3958665 0.3470156 0.3496326 0.4327348 0.0000000 0.1555260 0.3930389 0.3081128 0.4589383 0.2856053 
Spol       0.3227481 0.3966203 0.5124317 0.4151919 0.3585027 0.4023593 0.4289155 0.1555260 0.0000000 0.4164755 0.3235127 0.4377334 0.2993013 
MJM1652    0.3720083 0.1958509 0.4672288 0.2463680 0.3064723 0.3718810 0.4092080 0.3930389 0.4164755 0.0000000 0.2849209 0.4092672 0.3134189 
NepSFB     0.2490733 0.2319045 0.3649409 0.2596640 0.0154403 0.2338718 0.2820422 0.3081128 0.3235127 0.2849209 0.0000000 0.3233003 0.1712805 
WPYJ       0.3955667 0.3831734 0.4689576 0.4435658 0.3452242 0.3698797 0.2036761 0.4589383 0.4377334 0.4092672 0.3233003 0.0000000 0.3386468 
MJM2940    0.1856877 0.2539953 0.3929411 0.2701330 0.1844593 0.2568778 0.3386068 0.2856053 0.2993013 0.3134189 0.1712805 0.3386468 0.0000000 
