13
DrolusSFB  0.0000000 0.3232507 0.3578927 0.3408688 0.2766071 0.3604658 0.2994332 0.4560315 0.4769720 0.3489522 0.2890136 0.3301490 0.2040908 
Dino       0.3232507 0.0000000 0.3622668 0.1931015 0.2697673 0.3588915 0.3035020 0.4506190 0.4718176 0.1588711 0.2754072 0.3366120 0.2555622 
MJM3360    0.3578927 0.3622668 0.0000000 0.3790593 0.3436950 0.2984402 0.3566257 0.4321820 0.4303552 0.3780093 0.3482328 0.3833977 0.3243977 
DrobinSFB  0.3408688 0.1931015 0.3790593 0.0000000 0.2979309 0.3992452 0.3038545 0.4609848 0.4966586 0.2137536 0.3043313 0.3131739 0.2884523 
Neam       0.2766071 0.2697673 0.3436950 0.2979309 0.0000000 0.3160025 0.2595443 0.4296112 0.4373017 0.2932595 0.0164196 0.2950072 0.2014104 
RuprSFB    0.3604658 0.3588915 0.2984402 0.3992452 0.3160025 0.0000000 0.3365648 0.4258592 0.4608811 0.3755711 0.3200046 0.3796601 0.3069135 
Retr       0.2994332 0.3035020 0.3566257 0.3038545 0.2595443 0.3365648 0.0000000 0.3892342 0.3922710 0.3280126 0.2619972 0.1523546 0.2658550 
Beta       0.4560315 0.4506190 0.4321820 0.4609848 0.4296112 0.4258592 0.3892342 0.0000000 0.1437820 0.4714946 0.4358126 0.3842079 0.3929552 
Spol       0.4769720 0.4718176 0.4303552 0.4966586 0.4373017 0.4608811 0.3922710 0.1437820 0.0000000 0.4815131 0.4425145 0.3937317 0.4204138 
MJM1652    0.3489522 0.1588711 0.3780093 0.2137536 0.2932595 0.3755711 0.3280126 0.4714946 0.4815131 0.0000000 0.3005456 0.3558259 0.2767884 
NepSFB     0.2890136 0.2754072 0.3482328 0.3043313 0.0164196 0.3200046 0.2619972 0.4358126 0.4425145 0.3005456 0.0000000 0.3005269 0.2050988 
WPYJ       0.3301490 0.3366120 0.3833977 0.3131739 0.2950072 0.3796601 0.1523546 0.3842079 0.3937317 0.3558259 0.3005269 0.0000000 0.3025750 
MJM2940    0.2040908 0.2555622 0.3243977 0.2884523 0.2014104 0.3069135 0.2658550 0.3929552 0.4204138 0.2767884 0.2050988 0.3025750 0.0000000 
