13
DrolusSFB  0.0000000 0.3052467 0.3703181 0.3556682 0.2616951 0.3369341 0.2521093 0.3646639 0.3897402 0.3554722 0.2597984 0.3787916 0.1791889 
Dino       0.3052467 0.0000000 0.3962856 0.2555992 0.2474820 0.3474382 0.2628027 0.3917868 0.4153264 0.1843361 0.2490877 0.4063170 0.2451416 
MJM3360    0.3703181 0.3962856 0.0000000 0.4078255 0.3523738 0.3028903 0.2791968 0.4223144 0.4704165 0.4231350 0.3527008 0.3494184 0.3309033 
DrobinSFB  0.3556682 0.2555992 0.4078255 0.0000000 0.3240982 0.3824938 0.3414022 0.4025555 0.4483766 0.2860763 0.3273074 0.4008032 0.2882359 
Neam       0.2616951 0.2474820 0.3523738 0.3240982 0.0000000 0.3140362 0.2324081 0.3694696 0.4096629 0.3320836 0.0097718 0.3344427 0.1925403 
RuprSFB    0.3369341 0.3474382 0.3028903 0.3824938 0.3140362 0.0000000 0.2652317 0.3566195 0.3917779 0.3994703 0.3130735 0.3615522 0.2731821 
Retr       0.2521093 0.2628027 0.2791968 0.3414022 0.2324081 0.2652317 0.0000000 0.2787483 0.2902499 0.3155886 0.2388520 0.1530765 0.1971491 
Beta       0.3646639 0.3917868 0.4223144 0.4025555 0.3694696 0.3566195 0.2787483 0.0000000 0.1639890 0.4584600 0.3672849 0.4228781 0.3158755 
Spol       0.3897402 0.4153264 0.4704165 0.4483766 0.4096629 0.3917779 0.2902499 0.1639890 0.0000000 0.4767889 0.4084755 0.4319580 0.3430150 
MJM1652    0.3554722 0.1843361 0.4231350 0.2860763 0.3320836 0.3994703 0.3155886 0.4584600 0.4767889 0.0000000 0.3351029 0.4154947 0.2972227 
NepSFB     0.2597984 0.2490877 0.3527008 0.3273074 0.0097718 0.3130735 0.2388520 0.3672849 0.4084755 0.3351029 0.0000000 0.3366690 0.1918620 
WPYJ       0.3787916 0.4063170 0.3494184 0.4008032 0.3344427 0.3615522 0.1530765 0.4228781 0.4319580 0.4154947 0.3366690 0.0000000 0.3094710 
MJM2940    0.1791889 0.2451416 0.3309033 0.2882359 0.1925403 0.2731821 0.1971491 0.3158755 0.3430150 0.2972227 0.1918620 0.3094710 0.0000000 
