13
DrolusSFB  0.0000000 0.2861673 0.3785660 0.3340018 0.2172755 0.3609427 0.3797579 0.3243847 0.3343123 0.3151487 0.2223495 0.4351492 0.2074727 
Dino       0.2861673 0.0000000 0.3834960 0.1779884 0.2441468 0.3584700 0.3412649 0.3613424 0.3824371 0.1184755 0.2451122 0.3660059 0.2503348 
MJM3360    0.3785660 0.3834960 0.0000000 0.4223118 0.3181284 0.3232774 0.4119929 0.3792963 0.3755041 0.4286315 0.3187481 0.4796347 0.3673546 
DrobinSFB  0.3340018 0.1779884 0.4223118 0.0000000 0.2588885 0.3983261 0.4249483 0.3713106 0.3852984 0.1884421 0.2647244 0.4158666 0.2859511 
Neam       0.2172755 0.2441468 0.3181284 0.2588885 0.0000000 0.2781198 0.2788457 0.2720694 0.2726185 0.2691611 0.0046178 0.3264298 0.1751738 
RuprSFB    0.3609427 0.3584700 0.3232774 0.3983261 0.2781198 0.0000000 0.3445382 0.3445996 0.3369957 0.3985082 0.2812646 0.3629767 0.3048919 
Retr       0.3797579 0.3412649 0.4119929 0.4249483 0.2788457 0.3445382 0.0000000 0.3094911 0.2986414 0.3398454 0.2706718 0.1531045 0.3307870 
Beta       0.3243847 0.3613424 0.3792963 0.3713106 0.2720694 0.3445996 0.3094911 0.0000000 0.1164528 0.3911056 0.2732721 0.4294040 0.3027695 
Spol       0.3343123 0.3824371 0.3755041 0.3852984 0.2726185 0.3369957 0.2986414 0.1164528 0.0000000 0.3859857 0.2710164 0.4329645 0.3000511 
MJM1652    0.3151487 0.1184755 0.4286315 0.1884421 0.2691611 0.3985082 0.3398454 0.3911056 0.3859857 0.0000000 0.2756822 0.4139708 0.2625280 
NepSFB     0.2223495 0.2451122 0.3187481 0.2647244 0.0046178 0.2812646 0.2706718 0.2732721 0.2710164 0.2756822 0.0000000 0.3340791 0.1814564 
WPYJ       0.4351492 0.3660059 0.4796347 0.4158666 0.3264298 0.3629767 0.1531045 0.4294040 0.4329645 0.4139708 0.3340791 0.0000000 0.3039840 
MJM2940    0.2074727 0.2503348 0.3673546 0.2859511 0.1751738 0.3048919 0.3307870 0.3027695 0.3000511 0.2625280 0.1814564 0.3039840 0.0000000 
