13
DrolusSFB  0.0000000 0.2519242 0.2868981 0.2761684 0.2138515 0.2928339 0.2752732 0.3248583 0.3367366 0.2740656 0.2247927 0.1967477 0.1460680 
Dino       0.2519242 0.0000000 0.3507944 0.1330730 0.2254186 0.3294204 0.3135437 0.3618966 0.3739469 0.1145721 0.2314242 0.2307541 0.2052028 
MJM3360    0.2868981 0.3507944 0.0000000 0.3605456 0.2788787 0.2584508 0.3707800 0.4031733 0.3989626 0.3778728 0.3356961 0.1986170 0.3004413 
DrobinSFB  0.2761684 0.1330730 0.3605456 0.0000000 0.2367450 0.3528535 0.3188160 0.3788204 0.3749397 0.1528858 0.2510734 0.2289943 0.2364268 
Neam       0.2138515 0.2254186 0.2788787 0.2367450 0.0000000 0.2705699 0.2252101 0.3054628 0.3176981 0.2549599 0.0137740 0.2045487 0.1636411 
RuprSFB    0.2928339 0.3294204 0.2584508 0.3528535 0.2705699 0.0000000 0.3364071 0.3634310 0.3622763 0.3553949 0.3114553 0.2056738 0.2810433 
Retr       0.2752732 0.3135437 0.3707800 0.3188160 0.2252101 0.3364071 0.0000000 0.3523456 0.3699479 0.3236532 0.2836776 0.1314382 0.2779117 
Beta       0.3248583 0.3618966 0.4031733 0.3788204 0.3054628 0.3634310 0.3523456 0.0000000 0.1418055 0.3890364 0.3393644 0.2559384 0.3077483 
Spol       0.3367366 0.3739469 0.3989626 0.3749397 0.3176981 0.3622763 0.3699479 0.1418055 0.0000000 0.3923676 0.3595434 0.2723190 0.3260826 
MJM1652    0.2740656 0.1145721 0.3778728 0.1528858 0.2549599 0.3553949 0.3236532 0.3890364 0.3923676 0.0000000 0.2644818 0.2106375 0.2490077 
NepSFB     0.2247927 0.2314242 0.3356961 0.2510734 0.0137740 0.3114553 0.2836776 0.3393644 0.3595434 0.2644818 0.0000000 0.2087023 0.1774291 
WPYJ       0.1967477 0.2307541 0.1986170 0.2289943 0.2045487 0.2056738 0.1314382 0.2559384 0.2723190 0.2106375 0.2087023 0.0000000 0.1976325 
MJM2940    0.1460680 0.2052028 0.3004413 0.2364268 0.1636411 0.2810433 0.2779117 0.3077483 0.3260826 0.2490077 0.1774291 0.1976325 0.0000000 
