13
DrolusSFB  0.0000000 0.2906713 0.4709784 0.3268823 0.2581449 0.3181524 0.2660834 0.3362655 0.3640597 0.3473442 0.2694892 0.3051421 0.1691845 
Dino       0.2906713 0.0000000 0.4167736 0.1956967 0.2910997 0.3230817 0.3477681 0.3382173 0.3377749 0.1534655 0.2983637 0.3317599 0.2494701 
MJM3360    0.4709784 0.4167736 0.0000000 0.5561688 0.4720943 0.3579898 0.3567045 0.4305824 0.4415850 0.4937061 0.4876155 0.4723327 0.4056478 
DrobinSFB  0.3268823 0.1956967 0.5561688 0.0000000 0.3503582 0.3262428 0.3760980 0.3781609 0.3877068 0.2018414 0.3426584 0.3854871 0.3241868 
Neam       0.2581449 0.2910997 0.4720943 0.3503582 0.0000000 0.3760598 0.3028444 0.3683215 0.3708639 0.3220087 0.0134854 0.3444488 0.2197604 
RuprSFB    0.3181524 0.3230817 0.3579898 0.3262428 0.3760598 0.0000000 0.2973767 0.3529783 0.3683536 0.3581588 0.3771016 0.3719873 0.2793679 
Retr       0.2660834 0.3477681 0.3567045 0.3760980 0.3028444 0.2973767 0.0000000 0.2975831 0.2662369 0.3407388 0.3099618 0.1575345 0.2682252 
Beta       0.3362655 0.3382173 0.4305824 0.3781609 0.3683215 0.3529783 0.2975831 0.0000000 0.1295954 0.3571043 0.3836877 0.3415781 0.3043534 
Spol       0.3640597 0.3377749 0.4415850 0.3877068 0.3708639 0.3683536 0.2662369 0.1295954 0.0000000 0.3975208 0.3643914 0.2977813 0.3054828 
MJM1652    0.3473442 0.1534655 0.4937061 0.2018414 0.3220087 0.3581588 0.3407388 0.3571043 0.3975208 0.0000000 0.3383616 0.3653769 0.2868640 
NepSFB     0.2694892 0.2983637 0.4876155 0.3426584 0.0134854 0.3771016 0.3099618 0.3836877 0.3643914 0.3383616 0.0000000 0.3527762 0.2159025 
WPYJ       0.3051421 0.3317599 0.4723327 0.3854871 0.3444488 0.3719873 0.1575345 0.3415781 0.2977813 0.3653769 0.3527762 0.0000000 0.3104688 
MJM2940    0.1691845 0.2494701 0.4056478 0.3241868 0.2197604 0.2793679 0.2682252 0.3043534 0.3054828 0.2868640 0.2159025 0.3104688 0.0000000 
