13
DrolusSFB  0.0000000 0.2770896 0.3276904 0.3065278 0.2125257 0.3137144 0.3007554 0.3534936 0.3402024 0.2781752 0.2055525 0.3301829 0.1616488 
Dino       0.2770896 0.0000000 0.3374755 0.1554959 0.2153891 0.3159514 0.3202032 0.3671959 0.3422338 0.1354979 0.2140871 0.3571580 0.2173059 
MJM3360    0.3276904 0.3374755 0.0000000 0.3598319 0.3140887 0.2500134 0.3069042 0.3487877 0.3525626 0.3541795 0.3158312 0.3665603 0.2963578 
DrobinSFB  0.3065278 0.1554959 0.3598319 0.0000000 0.2283768 0.3434879 0.3387213 0.3758541 0.3388076 0.1863736 0.2279019 0.4124809 0.2567215 
Neam       0.2125257 0.2153891 0.3140887 0.2283768 0.0000000 0.2749349 0.2704640 0.3327624 0.3139303 0.2425045 0.0105157 0.3394202 0.1718100 
RuprSFB    0.3137144 0.3159514 0.2500134 0.3434879 0.2749349 0.0000000 0.2773665 0.3378706 0.3493111 0.3464596 0.2813826 0.3428568 0.2802795 
Retr       0.3007554 0.3202032 0.3069042 0.3387213 0.2704640 0.2773665 0.0000000 0.3726476 0.3494006 0.3369106 0.2694697 0.1785450 0.2691916 
Beta       0.3534936 0.3671959 0.3487877 0.3758541 0.3327624 0.3378706 0.3726476 0.0000000 0.1218633 0.3976743 0.3405917 0.4005041 0.3331402 
Spol       0.3402024 0.3422338 0.3525626 0.3388076 0.3139303 0.3493111 0.3494006 0.1218633 0.0000000 0.3613463 0.3201911 0.3683538 0.3073501 
MJM1652    0.2781752 0.1354979 0.3541795 0.1863736 0.2425045 0.3464596 0.3369106 0.3976743 0.3613463 0.0000000 0.2436777 0.3756242 0.2521090 
NepSFB     0.2055525 0.2140871 0.3158312 0.2279019 0.0105157 0.2813826 0.2694697 0.3405917 0.3201911 0.2436777 0.0000000 0.3340745 0.1730126 
WPYJ       0.3301829 0.3571580 0.3665603 0.4124809 0.3394202 0.3428568 0.1785450 0.4005041 0.3683538 0.3756242 0.3340745 0.0000000 0.3207860 
MJM2940    0.1616488 0.2173059 0.2963578 0.2567215 0.1718100 0.2802795 0.2691916 0.3331402 0.3073501 0.2521090 0.1730126 0.3207860 0.0000000 
