13
DrolusSFB  0.0000000 0.3654887 0.3726683 0.4039208 0.2948971 0.3283956 0.3414927 0.4160661 0.4202982 0.3451307 0.2899742 0.3734752 0.2263006 
Dino       0.3654887 0.0000000 0.4392287 0.2557292 0.2878869 0.3497971 0.3160637 0.4339739 0.4241778 0.2005409 0.2861030 0.3477440 0.3176297 
MJM3360    0.3726683 0.4392287 0.0000000 0.5005936 0.3754756 0.2849972 0.4260744 0.4116372 0.3999340 0.4365935 0.3705970 0.4230750 0.3577297 
DrobinSFB  0.4039208 0.2557292 0.5005936 0.0000000 0.3587658 0.3933520 0.3712515 0.5044134 0.4905568 0.2609953 0.3574060 0.3935469 0.3689807 
Neam       0.2948971 0.2878869 0.3754756 0.3587658 0.0000000 0.2937657 0.2609502 0.3858863 0.3788099 0.3324597 0.0190846 0.2882289 0.2252556 
RuprSFB    0.3283956 0.3497971 0.2849972 0.3933520 0.2937657 0.0000000 0.3462226 0.3466729 0.3296871 0.3426562 0.2859458 0.3685345 0.2775174 
Retr       0.3414927 0.3160637 0.4260744 0.3712515 0.2609502 0.3462226 0.0000000 0.3722895 0.3832689 0.3420002 0.2530333 0.2003058 0.2812711 
Beta       0.4160661 0.4339739 0.4116372 0.5044134 0.3858863 0.3466729 0.3722895 0.0000000 0.1450584 0.4425837 0.3808673 0.3898543 0.3634677 
Spol       0.4202982 0.4241778 0.3999340 0.4905568 0.3788099 0.3296871 0.3832689 0.1450584 0.0000000 0.4383091 0.3738804 0.3827146 0.3663044 
MJM1652    0.3451307 0.2005409 0.4365935 0.2609953 0.3324597 0.3426562 0.3420002 0.4425837 0.4383091 0.0000000 0.3295441 0.3694849 0.2943295 
NepSFB     0.2899742 0.2861030 0.3705970 0.3574060 0.0190846 0.2859458 0.2530333 0.3808673 0.3738804 0.3295441 0.0000000 0.2901253 0.2258926 
WPYJ       0.3734752 0.3477440 0.4230750 0.3935469 0.2882289 0.3685345 0.2003058 0.3898543 0.3827146 0.3694849 0.2901253 0.0000000 0.3344105 
MJM2940    0.2263006 0.3176297 0.3577297 0.3689807 0.2252556 0.2775174 0.2812711 0.3634677 0.3663044 0.2943295 0.2258926 0.3344105 0.0000000 
