13
DrolusSFB  0.0000000 0.2845372 0.3722181 0.3766790 0.2736946 0.2911351 0.3656104 0.3655991 0.3639426 0.2843318 0.2798937 0.3710055 0.2166679 
Dino       0.2845372 0.0000000 0.4170462 0.2060441 0.2413269 0.2999473 0.3879485 0.3895195 0.3718607 0.1341651 0.2388022 0.3642687 0.2469642 
MJM3360    0.3722181 0.4170462 0.0000000 0.4836790 0.3671324 0.2567553 0.4604583 0.4523202 0.4356760 0.3996753 0.3682536 0.4105230 0.3570884 
DrobinSFB  0.3766790 0.2060441 0.4836790 0.0000000 0.3251095 0.3399314 0.5047757 0.4737884 0.4539929 0.1923725 0.3237703 0.4019655 0.3483542 
Neam       0.2736946 0.2413269 0.3671324 0.3251095 0.0000000 0.2662936 0.3338904 0.3523974 0.3390808 0.2264942 0.0174549 0.3045130 0.2235084 
RuprSFB    0.2911351 0.2999473 0.2567553 0.3399314 0.2662936 0.0000000 0.3016973 0.3233820 0.2992182 0.2947855 0.2620096 0.3531714 0.2509330 
Retr       0.3656104 0.3879485 0.4604583 0.5047757 0.3338904 0.3016973 0.0000000 0.3900312 0.4203886 0.3218384 0.3364403 0.2183028 0.3076202 
Beta       0.3655991 0.3895195 0.4523202 0.4737884 0.3523974 0.3233820 0.3900312 0.0000000 0.1326311 0.3499254 0.3619671 0.3893312 0.3427763 
Spol       0.3639426 0.3718607 0.4356760 0.4539929 0.3390808 0.2992182 0.4203886 0.1326311 0.0000000 0.3333255 0.3430052 0.3744191 0.3073952 
MJM1652    0.2843318 0.1341651 0.3996753 0.1923725 0.2264942 0.2947855 0.3218384 0.3499254 0.3333255 0.0000000 0.2234362 0.3660739 0.2495415 
NepSFB     0.2798937 0.2388022 0.3682536 0.3237703 0.0174549 0.2620096 0.3364403 0.3619671 0.3430052 0.2234362 0.0000000 0.3101383 0.2267372 
WPYJ       0.3710055 0.3642687 0.4105230 0.4019655 0.3045130 0.3531714 0.2183028 0.3893312 0.3744191 0.3660739 0.3101383 0.0000000 0.3081331 
MJM2940    0.2166679 0.2469642 0.3570884 0.3483542 0.2235084 0.2509330 0.3076202 0.3427763 0.3073952 0.2495415 0.2267372 0.3081331 0.0000000 
