13
DrolusSFB  0.0000000 0.4028176 0.3977392 0.3918279 0.3511295 0.3217806 0.3212987 0.4769463 0.4732327 0.3842211 0.3700193 0.4849143 0.2057897 
Dino       0.4028176 0.0000000 0.4035077 0.2482800 0.4299449 0.4008269 0.3798081 0.5237323 0.5355652 0.1889412 0.4394036 0.5491944 0.3254370 
MJM3360    0.3977392 0.4035077 0.0000000 0.3935361 0.4158143 0.3305425 0.4205542 0.4913835 0.5084221 0.4206295 0.4227627 0.4638339 0.4183681 
DrobinSFB  0.3918279 0.2482800 0.3935361 0.0000000 0.4257043 0.4324863 0.3761944 0.5023357 0.5283951 0.2498383 0.4522451 0.5433676 0.3499194 
Neam       0.3511295 0.4299449 0.4158143 0.4257043 0.0000000 0.3705076 0.3572605 0.4733215 0.4982096 0.3970540 0.0200921 0.4944541 0.3082687 
RuprSFB    0.3217806 0.4008269 0.3305425 0.4324863 0.3705076 0.0000000 0.2897965 0.4434258 0.4596275 0.4078632 0.3807427 0.4014374 0.3155350 
Retr       0.3212987 0.3798081 0.4205542 0.3761944 0.3572605 0.2897965 0.0000000 0.4236867 0.4463946 0.3441128 0.3779178 0.1936353 0.2893108 
Beta       0.4769463 0.5237323 0.4913835 0.5023357 0.4733215 0.4434258 0.4236867 0.0000000 0.1643135 0.5248761 0.4985062 0.5712917 0.4359172 
Spol       0.4732327 0.5355652 0.5084221 0.5283951 0.4982096 0.4596275 0.4463946 0.1643135 0.0000000 0.5365494 0.5178607 0.5337799 0.4370854 
MJM1652    0.3842211 0.1889412 0.4206295 0.2498383 0.3970540 0.4078632 0.3441128 0.5248761 0.5365494 0.0000000 0.4201444 0.5440442 0.3263206 
NepSFB     0.3700193 0.4394036 0.4227627 0.4522451 0.0200921 0.3807427 0.3779178 0.4985062 0.5178607 0.4201444 0.0000000 0.5192976 0.3238677 
WPYJ       0.4849143 0.5491944 0.4638339 0.5433676 0.4944541 0.4014374 0.1936353 0.5712917 0.5337799 0.5440442 0.5192976 0.0000000 0.4184064 
MJM2940    0.2057897 0.3254370 0.4183681 0.3499194 0.3082687 0.3155350 0.2893108 0.4359172 0.4370854 0.3263206 0.3238677 0.4184064 0.0000000 
