13
DrolusSFB  0.0000000 0.3120924 0.3565898 0.3215029 0.2365315 0.3187458 0.3138292 0.3638481 0.4017902 0.3404293 0.2786979 0.3256852 0.1952524 
Dino       0.3120924 0.0000000 0.3527376 0.1824869 0.2135825 0.3188947 0.2975821 0.3464342 0.3733258 0.1559511 0.2470801 0.3416081 0.2743199 
MJM3360    0.3565898 0.3527376 0.0000000 0.3277908 0.2669913 0.2738986 0.3213183 0.3749518 0.3879853 0.3769907 0.3112391 0.3390595 0.3013275 
DrobinSFB  0.3215029 0.1824869 0.3277908 0.0000000 0.2310117 0.3046215 0.2811761 0.3665820 0.3772121 0.2316898 0.2371895 0.3154894 0.2649780 
Neam       0.2365315 0.2135825 0.2669913 0.2310117 0.0000000 0.2418562 0.2284675 0.2699173 0.2979426 0.2542783 0.0177035 0.2604595 0.1789554 
RuprSFB    0.3187458 0.3188947 0.2738986 0.3046215 0.2418562 0.0000000 0.2791651 0.3267586 0.3551833 0.3346364 0.2863825 0.3183807 0.2650189 
Retr       0.3138292 0.2975821 0.3213183 0.2811761 0.2284675 0.2791651 0.0000000 0.3186773 0.3379263 0.3097917 0.2684592 0.1501910 0.2687901 
Beta       0.3638481 0.3464342 0.3749518 0.3665820 0.2699173 0.3267586 0.3186773 0.0000000 0.1479671 0.3987491 0.3052489 0.3243303 0.3157955 
Spol       0.4017902 0.3733258 0.3879853 0.3772121 0.2979426 0.3551833 0.3379263 0.1479671 0.0000000 0.4076718 0.3375148 0.3468780 0.3457835 
MJM1652    0.3404293 0.1559511 0.3769907 0.2316898 0.2542783 0.3346364 0.3097917 0.3987491 0.4076718 0.0000000 0.2830949 0.3549146 0.3010369 
NepSFB     0.2786979 0.2470801 0.3112391 0.2371895 0.0177035 0.2863825 0.2684592 0.3052489 0.3375148 0.2830949 0.0000000 0.2888120 0.2065068 
WPYJ       0.3256852 0.3416081 0.3390595 0.3154894 0.2604595 0.3183807 0.1501910 0.3243303 0.3468780 0.3549146 0.2888120 0.0000000 0.2971788 
MJM2940    0.1952524 0.2743199 0.3013275 0.2649780 0.1789554 0.2650189 0.2687901 0.3157955 0.3457835 0.3010369 0.2065068 0.2971788 0.0000000 
