13
DrolusSFB  0.0000000 0.3408350 0.3814328 0.4251427 0.2664079 0.3813036 0.3906692 0.3889850 0.4254369 0.3222014 0.2604460 0.3939764 0.1949016 
Dino       0.3408350 0.0000000 0.4264689 0.2275595 0.2744216 0.3833843 0.4148276 0.4431961 0.4387523 0.1578045 0.2688860 0.4214333 0.2918250 
MJM3360    0.3814328 0.4264689 0.0000000 0.4658862 0.3917441 0.3442351 0.4308210 0.4206649 0.4082399 0.3855696 0.3915663 0.4310847 0.3651419 
DrobinSFB  0.4251427 0.2275595 0.4658862 0.0000000 0.3446254 0.4520655 0.4768296 0.5146403 0.4649465 0.2271266 0.3444032 0.4764101 0.3680584 
Neam       0.2664079 0.2744216 0.3917441 0.3446254 0.0000000 0.3006693 0.3850227 0.3800186 0.3936559 0.2773998 0.0136398 0.4117775 0.1955651 
RuprSFB    0.3813036 0.3833843 0.3442351 0.4520655 0.3006693 0.0000000 0.3929663 0.3892104 0.4018241 0.3201239 0.2976049 0.3880189 0.2981456 
Retr       0.3906692 0.4148276 0.4308210 0.4768296 0.3850227 0.3929663 0.0000000 0.4035978 0.4492804 0.3764707 0.3876923 0.2158152 0.3616826 
Beta       0.3889850 0.4431961 0.4206649 0.5146403 0.3800186 0.3892104 0.4035978 0.0000000 0.3905158 0.3996514 0.3810620 0.4046589 0.3486408 
Spol       0.4254369 0.4387523 0.4082399 0.4649465 0.3936559 0.4018241 0.4492804 0.3905158 0.0000000 0.4341915 0.3938000 0.4439114 0.3905815 
MJM1652    0.3222014 0.1578045 0.3855696 0.2271266 0.2773998 0.3201239 0.3764707 0.3996514 0.4341915 0.0000000 0.2793236 0.3572415 0.2724374 
NepSFB     0.2604460 0.2688860 0.3915663 0.3444032 0.0136398 0.2976049 0.3876923 0.3810620 0.3938000 0.2793236 0.0000000 0.4092653 0.1972085 
WPYJ       0.3939764 0.4214333 0.4310847 0.4764101 0.4117775 0.3880189 0.2158152 0.4046589 0.4439114 0.3572415 0.4092653 0.0000000 0.3827377 
MJM2940    0.1949016 0.2918250 0.3651419 0.3680584 0.1955651 0.2981456 0.3616826 0.3486408 0.3905815 0.2724374 0.1972085 0.3827377 0.0000000 
