13
DrolusSFB  0.0000000 0.2920576 0.4469363 0.3513505 0.3598629 0.3431677 0.3773137 0.3979505 0.4023151 0.3283768 0.3620811 0.4390792 0.2120672 
Dino       0.2920576 0.0000000 0.4563932 0.2157289 0.3228742 0.3369419 0.3586926 0.3633450 0.3285454 0.1471523 0.3342551 0.3672506 0.2381867 
MJM3360    0.4469363 0.4563932 0.0000000 0.4491551 0.4879529 0.3834174 0.4253343 0.4381339 0.4481619 0.4844805 0.5068454 0.4651241 0.4233107 
DrobinSFB  0.3513505 0.2157289 0.4491551 0.0000000 0.3895131 0.3916440 0.4100136 0.4045801 0.3983795 0.2766323 0.3968246 0.4078533 0.2804302 
Neam       0.3598629 0.3228742 0.4879529 0.3895131 0.0000000 0.3907538 0.4278103 0.4419544 0.4113824 0.3534244 0.0174294 0.4725952 0.2776051 
RuprSFB    0.3431677 0.3369419 0.3834174 0.3916440 0.3907538 0.0000000 0.3507760 0.3902750 0.3818440 0.3798757 0.3888499 0.4006158 0.3115917 
Retr       0.3773137 0.3586926 0.4253343 0.4100136 0.4278103 0.3507760 0.0000000 0.3931562 0.4159785 0.4085330 0.4235875 0.2117359 0.3285437 
Beta       0.3979505 0.3633450 0.4381339 0.4045801 0.4419544 0.3902750 0.3931562 0.0000000 0.1269305 0.3637754 0.4562576 0.4220393 0.3464229 
Spol       0.4023151 0.3285454 0.4481619 0.3983795 0.4113824 0.3818440 0.4159785 0.1269305 0.0000000 0.3496434 0.4310004 0.4163596 0.3469067 
MJM1652    0.3283768 0.1471523 0.4844805 0.2766323 0.3534244 0.3798757 0.4085330 0.3637754 0.3496434 0.0000000 0.3678236 0.4268369 0.2834546 
NepSFB     0.3620811 0.3342551 0.5068454 0.3968246 0.0174294 0.3888499 0.4235875 0.4562576 0.4310004 0.3678236 0.0000000 0.4789159 0.2898053 
WPYJ       0.4390792 0.3672506 0.4651241 0.4078533 0.4725952 0.4006158 0.2117359 0.4220393 0.4163596 0.4268369 0.4789159 0.0000000 0.3825779 
MJM2940    0.2120672 0.2381867 0.4233107 0.2804302 0.2776051 0.3115917 0.3285437 0.3464229 0.3469067 0.2834546 0.2898053 0.3825779 0.0000000 
