13
DrolusSFB  0.0000000 0.3097907 0.4309320 0.3435935 0.2562314 0.3200699 0.3217608 0.3322626 0.3420389 0.3070939 0.2631879 0.2921026 0.1851959 
Dino       0.3097907 0.0000000 0.4207497 0.2000512 0.2446173 0.2985644 0.3394477 0.3583567 0.3482603 0.1459326 0.2464687 0.3160217 0.2794785 
MJM3360    0.4309320 0.4207497 0.0000000 0.4869929 0.4031541 0.2930020 0.3797712 0.4170015 0.4293047 0.4296873 0.4092969 0.3508750 0.3992348 
DrobinSFB  0.3435935 0.2000512 0.4869929 0.0000000 0.3077078 0.3304356 0.3972341 0.4021762 0.3895162 0.2316604 0.3061905 0.3352324 0.3448676 
Neam       0.2562314 0.2446173 0.4031541 0.3077078 0.0000000 0.2675199 0.3153878 0.3023039 0.2934542 0.2843204 0.0101614 0.2647233 0.1948117 
RuprSFB    0.3200699 0.2985644 0.2930020 0.3304356 0.2675199 0.0000000 0.3277586 0.3401665 0.3452812 0.3306921 0.2713519 0.3110809 0.2725703 
Retr       0.3217608 0.3394477 0.3797712 0.3972341 0.3153878 0.3277586 0.0000000 0.3270677 0.3328924 0.3605559 0.3214070 0.1296139 0.3470605 
Beta       0.3322626 0.3583567 0.4170015 0.4021762 0.3023039 0.3401665 0.3270677 0.0000000 0.1204041 0.3755596 0.3064430 0.3203506 0.3434190 
Spol       0.3420389 0.3482603 0.4293047 0.3895162 0.2934542 0.3452812 0.3328924 0.1204041 0.0000000 0.3826890 0.2986551 0.3206330 0.3329471 
MJM1652    0.3070939 0.1459326 0.4296873 0.2316604 0.2843204 0.3306921 0.3605559 0.3755596 0.3826890 0.0000000 0.2870022 0.3387748 0.3238184 
NepSFB     0.2631879 0.2464687 0.4092969 0.3061905 0.0101614 0.2713519 0.3214070 0.3064430 0.2986551 0.2870022 0.0000000 0.2731375 0.2060277 
WPYJ       0.2921026 0.3160217 0.3508750 0.3352324 0.2647233 0.3110809 0.1296139 0.3203506 0.3206330 0.3387748 0.2731375 0.0000000 0.2631612 
MJM2940    0.1851959 0.2794785 0.3992348 0.3448676 0.1948117 0.2725703 0.3470605 0.3434190 0.3329471 0.3238184 0.2060277 0.2631612 0.0000000 
