13
DrolusSFB  0.0000000 0.2303605 0.2700077 0.3514749 0.2680157 0.3117875 0.3339909 0.4146235 0.3728866 0.2530741 0.2879190 0.3381407 0.2016041 
Dino       0.2303605 0.0000000 0.2476983 0.2867496 0.2354590 0.2645191 0.2997605 0.4135974 0.3222221 0.1452344 0.2493794 0.3080110 0.2376109 
MJM3360    0.2700077 0.2476983 0.0000000 0.3797258 0.2834640 0.1943747 0.2944029 0.4078290 0.3339145 0.2694536 0.2881986 0.3118409 0.2681651 
DrobinSFB  0.3514749 0.2867496 0.3797258 0.0000000 0.3259859 0.3549311 0.3327507 0.3680024 0.3606516 0.2702024 0.3379120 0.3991964 0.2866441 
Neam       0.2680157 0.2354590 0.2834640 0.3259859 0.0000000 0.2790889 0.3236983 0.3547517 0.3228427 0.2635914 0.0144595 0.3117661 0.2056771 
RuprSFB    0.3117875 0.2645191 0.1943747 0.3549311 0.2790889 0.0000000 0.2857044 0.3655590 0.2735744 0.2450040 0.3015496 0.2851867 0.2412830 
Retr       0.3339909 0.2997605 0.2944029 0.3327507 0.3236983 0.2857044 0.0000000 0.3217501 0.2920185 0.3009118 0.3248170 0.1784712 0.2969668 
Beta       0.4146235 0.4135974 0.4078290 0.3680024 0.3547517 0.3655590 0.3217501 0.0000000 0.1853944 0.4337540 0.3579511 0.3182700 0.3383351 
Spol       0.3728866 0.3222221 0.3339145 0.3606516 0.3228427 0.2735744 0.2920185 0.1853944 0.0000000 0.3304277 0.3266198 0.3064005 0.3187602 
MJM1652    0.2530741 0.1452344 0.2694536 0.2702024 0.2635914 0.2450040 0.3009118 0.4337540 0.3304277 0.0000000 0.2783190 0.3135925 0.2261169 
NepSFB     0.2879190 0.2493794 0.2881986 0.3379120 0.0144595 0.3015496 0.3248170 0.3579511 0.3266198 0.2783190 0.0000000 0.3197755 0.2074162 
WPYJ       0.3381407 0.3080110 0.3118409 0.3991964 0.3117661 0.2851867 0.1784712 0.3182700 0.3064005 0.3135925 0.3197755 0.0000000 0.3053235 
MJM2940    0.2016041 0.2376109 0.2681651 0.2866441 0.2056771 0.2412830 0.2969668 0.3383351 0.3187602 0.2261169 0.2074162 0.3053235 0.0000000 
