13
DrolusSFB  0.0000000 0.3996652 0.3062556 0.4235130 0.2606118 0.2683922 0.3661996 0.3069224 0.3042061 0.4217541 0.2649567 0.4391965 0.2222659 
Dino       0.3996652 0.0000000 0.3373017 0.2190556 0.3205807 0.3273779 0.4182507 0.4258747 0.4108707 0.1474780 0.3223539 0.4744209 0.3208084 
MJM3360    0.3062556 0.3373017 0.0000000 0.3679115 0.2738949 0.2453927 0.2858382 0.2924392 0.2582734 0.3907890 0.2758674 0.3322042 0.2433757 
DrobinSFB  0.4235130 0.2190556 0.3679115 0.0000000 0.3551856 0.3530489 0.4636629 0.4177154 0.4073105 0.2704678 0.3461978 0.4776921 0.3458327 
Neam       0.2606118 0.3205807 0.2738949 0.3551856 0.0000000 0.2033982 0.3331157 0.3401429 0.3099624 0.3598192 0.0185797 0.3608683 0.1763664 
RuprSFB    0.2683922 0.3273779 0.2453927 0.3530489 0.2033982 0.0000000 0.3101288 0.3060087 0.2756514 0.3542997 0.2112640 0.3826652 0.2393562 
Retr       0.3661996 0.4182507 0.2858382 0.4636629 0.3331157 0.3101288 0.0000000 0.3312792 0.3112015 0.4641138 0.3347161 0.1946913 0.3249272 
Beta       0.3069224 0.4258747 0.2924392 0.4177154 0.3401429 0.3060087 0.3312792 0.0000000 0.0974195 0.4585098 0.3468819 0.3706584 0.2857345 
Spol       0.3042061 0.4108707 0.2582734 0.4073105 0.3099624 0.2756514 0.3112015 0.0974195 0.0000000 0.4531908 0.3286427 0.3478904 0.2575333 
MJM1652    0.4217541 0.1474780 0.3907890 0.2704678 0.3598192 0.3542997 0.4641138 0.4585098 0.4531908 0.0000000 0.3636226 0.5025042 0.3461313 
NepSFB     0.2649567 0.3223539 0.2758674 0.3461978 0.0185797 0.2112640 0.3347161 0.3468819 0.3286427 0.3636226 0.0000000 0.3621273 0.1777810 
WPYJ       0.4391965 0.4744209 0.3322042 0.4776921 0.3608683 0.3826652 0.1946913 0.3706584 0.3478904 0.5025042 0.3621273 0.0000000 0.3273214 
MJM2940    0.2222659 0.3208084 0.2433757 0.3458327 0.1763664 0.2393562 0.3249272 0.2857345 0.2575333 0.3461313 0.1777810 0.3273214 0.0000000 
