13
DrolusSFB  0.0000000 0.5203440 0.3543697 0.5672403 0.3393129 0.3411126 0.3902779 0.4671818 0.5282343 0.4376269 0.3403112 0.3760465 0.2561757 
Dino       0.5203440 0.0000000 0.4576828 0.3073989 0.4465596 0.4342250 0.9681126 0.5266972 0.6230987 0.2209154 0.4482949 0.9977545 0.4067756 
MJM3360    0.3543697 0.4576828 0.0000000 0.5410175 0.3567519 0.2674058 0.3904939 0.4620849 0.4873712 0.4036672 0.3577729 0.3859646 0.3433803 
DrobinSFB  0.5672403 0.3073989 0.5410175 0.0000000 0.5300929 0.5421897 0.6038681 0.5586158 0.6342022 0.3448851 0.5292131 0.6894892 0.4902973 
Neam       0.3393129 0.4465596 0.3567519 0.5300929 0.0000000 0.3307108 0.3258532 0.4169895 0.4924215 0.3967658 0.0106078 0.3110796 0.2792241 
RuprSFB    0.3411126 0.4342250 0.2674058 0.5421897 0.3307108 0.0000000 0.3731970 0.4346359 0.4783862 0.4096208 0.3276233 0.3737831 0.3366710 
Retr       0.3902779 0.9681126 0.3904939 0.6038681 0.3258532 0.3731970 0.0000000 0.4162413 0.4751038 0.4088113 0.3259088 0.1707442 0.3461509 
Beta       0.4671818 0.5266972 0.4620849 0.5586158 0.4169895 0.4346359 0.4162413 0.0000000 0.1754635 0.4835109 0.4195064 0.4087385 0.4355593 
Spol       0.5282343 0.6230987 0.4873712 0.6342022 0.4924215 0.4783862 0.4751038 0.1754635 0.0000000 0.5374447 0.4942309 0.4370313 0.4744514 
MJM1652    0.4376269 0.2209154 0.4036672 0.3448851 0.3967658 0.4096208 0.4088113 0.4835109 0.5374447 0.0000000 0.3927354 0.4217224 0.3801170 
NepSFB     0.3403112 0.4482949 0.3577729 0.5292131 0.0106078 0.3276233 0.3259088 0.4195064 0.4942309 0.3927354 0.0000000 0.3080404 0.2765099 
WPYJ       0.3760465 0.9977545 0.3859646 0.6894892 0.3110796 0.3737831 0.1707442 0.4087385 0.4370313 0.4217224 0.3080404 0.0000000 0.3272688 
MJM2940    0.2561757 0.4067756 0.3433803 0.4902973 0.2792241 0.3366710 0.3461509 0.4355593 0.4744514 0.3801170 0.2765099 0.3272688 0.0000000 
