13
DrolusSFB  0.0000000 0.2757673 0.3974788 0.2739869 0.2171972 0.3716103 0.2878127 0.3780166 0.3814594 0.3184106 0.2347697 0.3242827 0.1557105 
Dino       0.2757673 0.0000000 0.3725011 0.1633325 0.2914700 0.3685607 0.3162000 0.4125438 0.4265343 0.1974798 0.2874399 0.2590384 0.2364367 
MJM3360    0.3974788 0.3725011 0.0000000 0.3943434 0.3323449 0.3708659 0.3304293 0.4288651 0.4278166 0.4582879 0.3530627 0.3841480 0.3330131 
DrobinSFB  0.2739869 0.1633325 0.3943434 0.0000000 0.2431668 0.3603596 0.2672713 0.3535810 0.3843035 0.2466371 0.2613625 0.2372421 0.2346342 
Neam       0.2171972 0.2914700 0.3323449 0.2431668 0.0000000 0.3282777 0.2535468 0.4562125 0.4563125 0.3408240 0.0104065 0.3252453 0.1815653 
RuprSFB    0.3716103 0.3685607 0.3708659 0.3603596 0.3282777 0.0000000 0.3638107 0.3971421 0.3816380 0.3890424 0.3432656 0.3164682 0.3207101 
Retr       0.2878127 0.3162000 0.3304293 0.2672713 0.2535468 0.3638107 0.0000000 0.3366898 0.3687042 0.4343642 0.2538181 0.1128428 0.2143031 
Beta       0.3780166 0.4125438 0.4288651 0.3535810 0.4562125 0.3971421 0.3366898 0.0000000 0.1514032 0.5066804 0.4236420 0.3198493 0.3282804 
Spol       0.3814594 0.4265343 0.4278166 0.3843035 0.4563125 0.3816380 0.3687042 0.1514032 0.0000000 0.4992774 0.4485269 0.3509483 0.3483355 
MJM1652    0.3184106 0.1974798 0.4582879 0.2466371 0.3408240 0.3890424 0.4343642 0.5066804 0.4992774 0.0000000 0.3274540 0.2309181 0.2593398 
NepSFB     0.2347697 0.2874399 0.3530627 0.2613625 0.0104065 0.3432656 0.2538181 0.4236420 0.4485269 0.3274540 0.0000000 0.3256845 0.2022165 
WPYJ       0.3242827 0.2590384 0.3841480 0.2372421 0.3252453 0.3164682 0.1128428 0.3198493 0.3509483 0.2309181 0.3256845 0.0000000 0.2500694 
MJM2940    0.1557105 0.2364367 0.3330131 0.2346342 0.1815653 0.3207101 0.2143031 0.3282804 0.3483355 0.2593398 0.2022165 0.2500694 0.0000000 
