13
DrolusSFB  0.0000000 0.2928695 0.3431625 0.3230327 0.2424703 0.3386757 0.3372135 0.3317833 0.3493581 0.3586525 0.2428965 0.3680007 0.1585542 
Dino       0.2928695 0.0000000 0.3511349 0.2161097 0.2360215 0.3168527 0.3761479 0.3511291 0.3412955 0.1757439 0.2271436 0.3617801 0.2678862 
MJM3360    0.3431625 0.3511349 0.0000000 0.4369684 0.3431724 0.3258294 0.4025910 0.3930868 0.3921006 0.4911811 0.3399784 0.3705481 0.3235868 
DrobinSFB  0.3230327 0.2161097 0.4369684 0.0000000 0.3070503 0.3609083 0.3957334 0.3942087 0.3877326 0.3113272 0.2959536 0.4143451 0.3245046 
Neam       0.2424703 0.2360215 0.3431724 0.3070503 0.0000000 0.3387780 0.3096777 0.3386784 0.3152922 0.2989047 0.0154014 0.3247731 0.1982428 
RuprSFB    0.3386757 0.3168527 0.3258294 0.3609083 0.3387780 0.0000000 0.3656550 0.3628117 0.3667986 0.4019343 0.3416720 0.4151338 0.3137219 
Retr       0.3372135 0.3761479 0.4025910 0.3957334 0.3096777 0.3656550 0.0000000 0.3629287 0.4074173 0.5310443 0.3085903 0.1919022 0.3000088 
Beta       0.3317833 0.3511291 0.3930868 0.3942087 0.3386784 0.3628117 0.3629287 0.0000000 0.1308498 0.4467412 0.3284930 0.3519931 0.3299217 
Spol       0.3493581 0.3412955 0.3921006 0.3877326 0.3152922 0.3667986 0.4074173 0.1308498 0.0000000 0.4465080 0.3011247 0.3533850 0.3431663 
MJM1652    0.3586525 0.1757439 0.4911811 0.3113272 0.2989047 0.4019343 0.5310443 0.4467412 0.4465080 0.0000000 0.2976512 0.4522981 0.3553724 
NepSFB     0.2428965 0.2271436 0.3399784 0.2959536 0.0154014 0.3416720 0.3085903 0.3284930 0.3011247 0.2976512 0.0000000 0.3255080 0.2007064 
WPYJ       0.3680007 0.3617801 0.3705481 0.4143451 0.3247731 0.4151338 0.1919022 0.3519931 0.3533850 0.4522981 0.3255080 0.0000000 0.3120208 
MJM2940    0.1585542 0.2678862 0.3235868 0.3245046 0.1982428 0.3137219 0.3000088 0.3299217 0.3431663 0.3553724 0.2007064 0.3120208 0.0000000 
