13
DrolusSFB  0.0000000 0.2828374 0.3422999 0.2922374 0.2536888 0.2969278 0.3135057 0.4129713 0.4202083 0.2819658 0.2530716 0.3793087 0.1706096 
Dino       0.2828374 0.0000000 0.3697426 0.1419396 0.2263501 0.3110038 0.2550514 0.2947710 0.2734338 0.1043972 0.2258251 0.3394268 0.1916476 
MJM3360    0.3422999 0.3697426 0.0000000 0.3398023 0.3352578 0.2725060 0.4272105 0.4997752 0.4533067 0.3379421 0.3402439 0.5908181 0.3143742 
DrobinSFB  0.2922374 0.1419396 0.3398023 0.0000000 0.2663491 0.2614477 0.2840619 0.3289286 0.2908271 0.1796252 0.2596283 0.3614503 0.2371290 
Neam       0.2536888 0.2263501 0.3352578 0.2663491 0.0000000 0.2505840 0.3248269 0.2688262 0.2422090 0.2274683 0.0093024 0.2965858 0.1779760 
RuprSFB    0.2969278 0.3110038 0.2725060 0.2614477 0.2505840 0.0000000 0.3042604 0.3995013 0.3690192 0.2742059 0.2635835 0.3964538 0.2498933 
Retr       0.3135057 0.2550514 0.4272105 0.2840619 0.3248269 0.3042604 0.0000000 0.2918212 0.2909851 0.3182455 0.3253671 0.1719700 0.2949623 
Beta       0.4129713 0.2947710 0.4997752 0.3289286 0.2688262 0.3995013 0.2918212 0.0000000 0.0805099 0.2928766 0.2794120 0.3363006 0.2927996 
Spol       0.4202083 0.2734338 0.4533067 0.2908271 0.2422090 0.3690192 0.2909851 0.0805099 0.0000000 0.2609278 0.2523322 0.3622880 0.2708641 
MJM1652    0.2819658 0.1043972 0.3379421 0.1796252 0.2274683 0.2742059 0.3182455 0.2928766 0.2609278 0.0000000 0.2214637 0.3769908 0.1894758 
NepSFB     0.2530716 0.2258251 0.3402439 0.2596283 0.0093024 0.2635835 0.3253671 0.2794120 0.2523322 0.2214637 0.0000000 0.3038332 0.1775877 
WPYJ       0.3793087 0.3394268 0.5908181 0.3614503 0.2965858 0.3964538 0.1719700 0.3363006 0.3622880 0.3769908 0.3038332 0.0000000 0.3367121 
MJM2940    0.1706096 0.1916476 0.3143742 0.2371290 0.1779760 0.2498933 0.2949623 0.2927996 0.2708641 0.1894758 0.1775877 0.3367121 0.0000000 
