13
DrolusSFB  0.0000000 0.3165737 0.3368504 0.3110342 0.2469373 0.3660590 0.4139784 0.3606611 0.3633556 0.3012758 0.2501036 0.4020623 0.1691703 
Dino       0.3165737 0.0000000 0.4122791 0.2306192 0.2791965 0.3880698 0.4028978 0.4077421 0.3653563 0.1744450 0.2809163 0.4439091 0.2563766 
MJM3360    0.3368504 0.4122791 0.0000000 0.4093101 0.3501746 0.3189058 0.4535043 0.3920877 0.3753244 0.4046281 0.3475892 0.4984068 0.3265530 
DrobinSFB  0.3110342 0.2306192 0.4093101 0.0000000 0.2661441 0.3921235 0.4479621 0.4526783 0.4170350 0.2733319 0.2716938 0.4261558 0.2796036 
Neam       0.2469373 0.2791965 0.3501746 0.2661441 0.0000000 0.3176846 0.3988555 0.3939907 0.4011997 0.2698243 0.0098609 0.3812603 0.2025281 
RuprSFB    0.3660590 0.3880698 0.3189058 0.3921235 0.3176846 0.0000000 0.4474164 0.3824074 0.3509014 0.3894130 0.3177693 0.4330028 0.2964874 
Retr       0.4139784 0.4028978 0.4535043 0.4479621 0.3988555 0.4474164 0.0000000 0.4881398 0.4987971 0.4385203 0.3920565 0.1960376 0.3934649 
Beta       0.3606611 0.4077421 0.3920877 0.4526783 0.3939907 0.3824074 0.4881398 0.0000000 0.1630066 0.4040311 0.4003371 0.4679861 0.3322990 
Spol       0.3633556 0.3653563 0.3753244 0.4170350 0.4011997 0.3509014 0.4987971 0.1630066 0.0000000 0.3807853 0.4017223 0.4880406 0.3195505 
MJM1652    0.3012758 0.1744450 0.4046281 0.2733319 0.2698243 0.3894130 0.4385203 0.4040311 0.3807853 0.0000000 0.2687056 0.4248159 0.2581626 
NepSFB     0.2501036 0.2809163 0.3475892 0.2716938 0.0098609 0.3177693 0.3920565 0.4003371 0.4017223 0.2687056 0.0000000 0.3725850 0.2029090 
WPYJ       0.4020623 0.4439091 0.4984068 0.4261558 0.3812603 0.4330028 0.1960376 0.4679861 0.4880406 0.4248159 0.3725850 0.0000000 0.3710250 
MJM2940    0.1691703 0.2563766 0.3265530 0.2796036 0.2025281 0.2964874 0.3934649 0.3322990 0.3195505 0.2581626 0.2029090 0.3710250 0.0000000 
