13
DrolusSFB  0.0000000 0.3115521 0.3277437 0.2721153 0.2472641 0.2813320 0.3738843 0.3292598 0.3623342 0.3060300 0.2440733 0.3956549 0.1747120 
Dino       0.3115521 0.0000000 0.3905488 0.1660341 0.3249615 0.3232661 0.4247481 0.3921172 0.4337300 0.1706639 0.3172123 0.4232997 0.2985282 
MJM3360    0.3277437 0.3905488 0.0000000 0.3887446 0.2922662 0.2680136 0.3497214 0.3402709 0.3386092 0.3501075 0.2902654 0.3799491 0.2774230 
DrobinSFB  0.2721153 0.1660341 0.3887446 0.0000000 0.2598806 0.3402866 0.3429709 0.3152722 0.3356642 0.1891099 0.2503803 0.3906163 0.2389870 
Neam       0.2472641 0.3249615 0.2922662 0.2598806 0.0000000 0.2601369 0.3586642 0.3370027 0.3608821 0.3258892 0.0170883 0.3755653 0.1885422 
RuprSFB    0.2813320 0.3232661 0.2680136 0.3402866 0.2601369 0.0000000 0.3296254 0.3389048 0.3445451 0.3177928 0.2494985 0.3660126 0.2685206 
Retr       0.3738843 0.4247481 0.3497214 0.3429709 0.3586642 0.3296254 0.0000000 0.3767325 0.3754298 0.4258972 0.3554984 0.1984971 0.3224455 
Beta       0.3292598 0.3921172 0.3402709 0.3152722 0.3370027 0.3389048 0.3767325 0.0000000 0.1332430 0.3985433 0.3324911 0.3630606 0.3254372 
Spol       0.3623342 0.4337300 0.3386092 0.3356642 0.3608821 0.3445451 0.3754298 0.1332430 0.0000000 0.4274935 0.3551442 0.3998518 0.3446327 
MJM1652    0.3060300 0.1706639 0.3501075 0.1891099 0.3258892 0.3177928 0.4258972 0.3985433 0.4274935 0.0000000 0.3163710 0.4376783 0.3075636 
NepSFB     0.2440733 0.3172123 0.2902654 0.2503803 0.0170883 0.2494985 0.3554984 0.3324911 0.3551442 0.3163710 0.0000000 0.3592091 0.1801807 
WPYJ       0.3956549 0.4232997 0.3799491 0.3906163 0.3755653 0.3660126 0.1984971 0.3630606 0.3998518 0.4376783 0.3592091 0.0000000 0.3612219 
MJM2940    0.1747120 0.2985282 0.2774230 0.2389870 0.1885422 0.2685206 0.3224455 0.3254372 0.3446327 0.3075636 0.1801807 0.3612219 0.0000000 
