13
DrolusSFB  0.0000000 0.3551231 0.4018327 0.3929060 0.3025392 0.3193263 0.4150874 0.4018211 0.4325205 0.4375262 0.3043142 0.4954595 0.1970365 
Dino       0.3551231 0.0000000 0.4650723 0.1915472 0.2791092 0.3442687 0.4244278 0.4410757 0.4533847 0.1894170 0.2833055 0.4848272 0.3109058 
MJM3360    0.4018327 0.4650723 0.0000000 0.4622831 0.4285159 0.3452205 0.4458400 0.4327673 0.4411339 0.5063644 0.4407192 0.4667554 0.3799175 
DrobinSFB  0.3929060 0.1915472 0.4622831 0.0000000 0.3140813 0.3750237 0.4650798 0.4756838 0.4696219 0.2635592 0.3266515 0.5912704 0.3563344 
Neam       0.3025392 0.2791092 0.4285159 0.3140813 0.0000000 0.2898346 0.3788397 0.3756656 0.3778264 0.3554384 0.0112243 0.4650270 0.2252769 
RuprSFB    0.3193263 0.3442687 0.3452205 0.3750237 0.2898346 0.0000000 0.3754511 0.3995059 0.3888453 0.4202589 0.2956856 0.3408358 0.3212205 
Retr       0.4150874 0.4244278 0.4458400 0.4650798 0.3788397 0.3754511 0.0000000 0.4059156 0.4151872 0.4448380 0.3745531 0.2560044 0.3546927 
Beta       0.4018211 0.4410757 0.4327673 0.4756838 0.3756656 0.3995059 0.4059156 0.0000000 0.1581442 0.5140734 0.3825713 0.4760418 0.3980082 
Spol       0.4325205 0.4533847 0.4411339 0.4696219 0.3778264 0.3888453 0.4151872 0.1581442 0.0000000 0.5320980 0.3852104 0.5085652 0.3873177 
MJM1652    0.4375262 0.1894170 0.5063644 0.2635592 0.3554384 0.4202589 0.4448380 0.5140734 0.5320980 0.0000000 0.3538867 0.5998891 0.3962922 
NepSFB     0.3043142 0.2833055 0.4407192 0.3266515 0.0112243 0.2956856 0.3745531 0.3825713 0.3852104 0.3538867 0.0000000 0.4541721 0.2265379 
WPYJ       0.4954595 0.4848272 0.4667554 0.5912704 0.4650270 0.3408358 0.2560044 0.4760418 0.5085652 0.5998891 0.4541721 0.0000000 0.4789399 
MJM2940    0.1970365 0.3109058 0.3799175 0.3563344 0.2252769 0.3212205 0.3546927 0.3980082 0.3873177 0.3962922 0.2265379 0.4789399 0.0000000 
