13
DrolusSFB  0.0000000 0.3401743 0.4025861 0.3778484 0.3021915 0.2764737 0.3266400 0.3608470 0.3014035 0.3613122 0.3106948 0.3913568 0.1957627 
Dino       0.3401743 0.0000000 0.4539172 0.2143012 0.2470989 0.3497224 0.3170352 0.3590905 0.3557885 0.1696250 0.2551438 0.3800313 0.2974002 
MJM3360    0.4025861 0.4539172 0.0000000 0.4302772 0.3916693 0.3680776 0.4156941 0.4261170 0.4082408 0.4049048 0.3958386 0.4479144 0.4075540 
DrobinSFB  0.3778484 0.2143012 0.4302772 0.0000000 0.3343477 0.3606538 0.3479818 0.4097232 0.3669476 0.2382996 0.3372514 0.3819479 0.3444616 
Neam       0.3021915 0.2470989 0.3916693 0.3343477 0.0000000 0.3007193 0.3393025 0.3467451 0.3172518 0.2809511 0.0133348 0.4054299 0.2777866 
RuprSFB    0.2764737 0.3497224 0.3680776 0.3606538 0.3007193 0.0000000 0.3198094 0.3465811 0.3400482 0.3568198 0.2917381 0.3655418 0.2738423 
Retr       0.3266400 0.3170352 0.4156941 0.3479818 0.3393025 0.3198094 0.0000000 0.3836509 0.3240771 0.3394595 0.3379699 0.1757277 0.3121623 
Beta       0.3608470 0.3590905 0.4261170 0.4097232 0.3467451 0.3465811 0.3836509 0.0000000 0.1107073 0.4123361 0.3558347 0.4074009 0.3412941 
Spol       0.3014035 0.3557885 0.4082408 0.3669476 0.3172518 0.3400482 0.3240771 0.1107073 0.0000000 0.3610869 0.3273723 0.3243222 0.2980192 
MJM1652    0.3613122 0.1696250 0.4049048 0.2382996 0.2809511 0.3568198 0.3394595 0.4123361 0.3610869 0.0000000 0.2824441 0.4034304 0.2991496 
NepSFB     0.3106948 0.2551438 0.3958386 0.3372514 0.0133348 0.2917381 0.3379699 0.3558347 0.3273723 0.2824441 0.0000000 0.3967659 0.2895198 
WPYJ       0.3913568 0.3800313 0.4479144 0.3819479 0.4054299 0.3655418 0.1757277 0.4074009 0.3243222 0.4034304 0.3967659 0.0000000 0.4001779 
MJM2940    0.1957627 0.2974002 0.4075540 0.3444616 0.2777866 0.2738423 0.3121623 0.3412941 0.2980192 0.2991496 0.2895198 0.4001779 0.0000000 
