13
DrolusSFB  0.0000000 0.3224901 0.3178677 0.3357251 0.3029698 0.2888281 0.3540870 0.2998809 0.3328939 0.3434415 0.3154728 0.4048828 0.1948436 
Dino       0.3224901 0.0000000 0.2838631 0.1817416 0.3609993 0.2303820 0.3104006 0.2902126 0.3561168 0.1688908 0.3700836 0.3343067 0.3087213 
MJM3360    0.3178677 0.2838631 0.0000000 0.2878652 0.2798314 0.2250191 0.3287279 0.3198398 0.3154746 0.2844577 0.2861842 0.3645889 0.2493702 
DrobinSFB  0.3357251 0.1817416 0.2878652 0.0000000 0.3784173 0.2621570 0.2984085 0.2858270 0.3446628 0.2198783 0.3839424 0.3483694 0.3403176 
Neam       0.3029698 0.3609993 0.2798314 0.3784173 0.0000000 0.2061333 0.3260541 0.2465275 0.3080352 0.3516051 0.0132816 0.3807828 0.2359382 
RuprSFB    0.2888281 0.2303820 0.2250191 0.2621570 0.2061333 0.0000000 0.2878918 0.3074187 0.3021799 0.2826723 0.2078653 0.3424560 0.2155440 
Retr       0.3540870 0.3104006 0.3287279 0.2984085 0.3260541 0.2878918 0.0000000 0.3205676 0.3579619 0.3209828 0.3289035 0.1569636 0.2516041 
Beta       0.2998809 0.2902126 0.3198398 0.2858270 0.2465275 0.3074187 0.3205676 0.0000000 0.1348100 0.2965739 0.2424443 0.3999162 0.2178742 
Spol       0.3328939 0.3561168 0.3154746 0.3446628 0.3080352 0.3021799 0.3579619 0.1348100 0.0000000 0.3851059 0.3041602 0.4039237 0.2691061 
MJM1652    0.3434415 0.1688908 0.2844577 0.2198783 0.3516051 0.2826723 0.3209828 0.2965739 0.3851059 0.0000000 0.3565480 0.3656444 0.3420082 
NepSFB     0.3154728 0.3700836 0.2861842 0.3839424 0.0132816 0.2078653 0.3289035 0.2424443 0.3041602 0.3565480 0.0000000 0.3849479 0.2363377 
WPYJ       0.4048828 0.3343067 0.3645889 0.3483694 0.3807828 0.3424560 0.1569636 0.3999162 0.4039237 0.3656444 0.3849479 0.0000000 0.3281683 
MJM2940    0.1948436 0.3087213 0.2493702 0.3403176 0.2359382 0.2155440 0.2516041 0.2178742 0.2691061 0.3420082 0.2363377 0.3281683 0.0000000 
