13
DrolusSFB  0.0000000 0.2479534 0.2850547 0.3339135 0.2511551 0.2669040 0.2754379 0.2641904 0.2542343 0.2619800 0.2469747 0.3102787 0.1459895 
Dino       0.2479534 0.0000000 0.3175868 0.2274088 0.2571645 0.2808362 0.2627792 0.3051735 0.3037679 0.1507780 0.2508447 0.2849871 0.2051299 
MJM3360    0.2850547 0.3175868 0.0000000 0.3517500 0.2757047 0.2344478 0.3155974 0.2785580 0.2840991 0.2867353 0.2786513 0.2888208 0.2689346 
DrobinSFB  0.3339135 0.2274088 0.3517500 0.0000000 0.3284177 0.3776840 0.3320649 0.3697588 0.3552007 0.1796762 0.3135651 0.3545422 0.2922887 
Neam       0.2511551 0.2571645 0.2757047 0.3284177 0.0000000 0.2430844 0.2378649 0.2630182 0.2725090 0.2770407 0.0106878 0.2461624 0.1960473 
RuprSFB    0.2669040 0.2808362 0.2344478 0.3776840 0.2430844 0.0000000 0.2795470 0.2847076 0.2983701 0.3112398 0.2513955 0.3214083 0.2496621 
Retr       0.2754379 0.2627792 0.3155974 0.3320649 0.2378649 0.2795470 0.0000000 0.2701313 0.2408743 0.2814786 0.2396086 0.1491616 0.2567692 
Beta       0.2641904 0.3051735 0.2785580 0.3697588 0.2630182 0.2847076 0.2701313 0.0000000 0.0859262 0.3105758 0.2628450 0.2925154 0.2640966 
Spol       0.2542343 0.3037679 0.2840991 0.3552007 0.2725090 0.2983701 0.2408743 0.0859262 0.0000000 0.3366196 0.2681058 0.2540702 0.2394887 
MJM1652    0.2619800 0.1507780 0.2867353 0.1796762 0.2770407 0.3112398 0.2814786 0.3105758 0.3366196 0.0000000 0.2703303 0.2690689 0.2489216 
NepSFB     0.2469747 0.2508447 0.2786513 0.3135651 0.0106878 0.2513955 0.2396086 0.2628450 0.2681058 0.2703303 0.0000000 0.2467236 0.1880967 
WPYJ       0.3102787 0.2849871 0.2888208 0.3545422 0.2461624 0.3214083 0.1491616 0.2925154 0.2540702 0.2690689 0.2467236 0.0000000 0.2827074 
MJM2940    0.1459895 0.2051299 0.2689346 0.2922887 0.1960473 0.2496621 0.2567692 0.2640966 0.2394887 0.2489216 0.1880967 0.2827074 0.0000000 
