13
DrolusSFB  0.0000000 0.2832605 0.3943375 0.3283370 0.2720234 0.3415919 0.3081201 0.3411100 0.3549239 0.3402521 0.2785820 0.3227782 0.1864566 
Dino       0.2832605 0.0000000 0.4295108 0.1647225 0.3204006 0.3509591 0.3950955 0.3674382 0.4027241 0.1995219 0.3304472 0.3547478 0.2611653 
MJM3360    0.3943375 0.4295108 0.0000000 0.4725533 0.4095522 0.3159289 0.4365425 0.4721621 0.4909696 0.4627662 0.4121396 0.4281730 0.3928340 
DrobinSFB  0.3283370 0.1647225 0.4725533 0.0000000 0.3689121 0.3934829 0.3557482 0.4432533 0.4583831 0.2547005 0.3788869 0.3970446 0.3318817 
Neam       0.2720234 0.3204006 0.4095522 0.3689121 0.0000000 0.3440236 0.3492531 0.3792921 0.3927343 0.3674681 0.0124078 0.3496798 0.2345576 
RuprSFB    0.3415919 0.3509591 0.3159289 0.3934829 0.3440236 0.0000000 0.3095004 0.3646973 0.3827719 0.4176727 0.3483239 0.3256183 0.2849472 
Retr       0.3081201 0.3950955 0.4365425 0.3557482 0.3492531 0.3095004 0.0000000 0.3605885 0.3643432 0.4602144 0.3530339 0.1517849 0.2956377 
Beta       0.3411100 0.3674382 0.4721621 0.4432533 0.3792921 0.3646973 0.3605885 0.0000000 0.1581328 0.4434460 0.3944489 0.3716266 0.3417322 
Spol       0.3549239 0.4027241 0.4909696 0.4583831 0.3927343 0.3827719 0.3643432 0.1581328 0.0000000 0.4624413 0.4030400 0.3746984 0.3579412 
MJM1652    0.3402521 0.1995219 0.4627662 0.2547005 0.3674681 0.4176727 0.4602144 0.4434460 0.4624413 0.0000000 0.3760477 0.4580297 0.3213730 
NepSFB     0.2785820 0.3304472 0.4121396 0.3788869 0.0124078 0.3483239 0.3530339 0.3944489 0.4030400 0.3760477 0.0000000 0.3705755 0.2457521 
WPYJ       0.3227782 0.3547478 0.4281730 0.3970446 0.3496798 0.3256183 0.1517849 0.3716266 0.3746984 0.4580297 0.3705755 0.0000000 0.3066990 
MJM2940    0.1864566 0.2611653 0.3928340 0.3318817 0.2345576 0.2849472 0.2956377 0.3417322 0.3579412 0.3213730 0.2457521 0.3066990 0.0000000 
