13
DrolusSFB  0.0000000 0.3178407 0.3342137 0.3477144 0.2832086 0.3030365 0.4449167 0.3764570 0.3303217 0.3318280 0.2809523 0.4862978 0.1771098 
Dino       0.3178407 0.0000000 0.3690980 0.2334271 0.3495107 0.3296720 0.5198990 0.4472232 0.3782092 0.1715700 0.3439127 0.6687405 0.2561028 
MJM3360    0.3342137 0.3690980 0.0000000 0.4028948 0.3521877 0.2974318 0.5256994 0.4207466 0.3771720 0.3904686 0.3420350 0.5207747 0.2957968 
DrobinSFB  0.3477144 0.2334271 0.4028948 0.0000000 0.3828433 0.4138529 0.4678349 0.4083243 0.3734345 0.2439688 0.3691450 0.5997766 0.2973205 
Neam       0.2832086 0.3495107 0.3521877 0.3828433 0.0000000 0.3878480 0.3714043 0.3759622 0.3550166 0.3492922 0.0095516 0.4981055 0.2294259 
RuprSFB    0.3030365 0.3296720 0.2974318 0.4138529 0.3878480 0.0000000 0.4732324 0.4144003 0.3940362 0.3752124 0.3835330 0.6218611 0.2632296 
Retr       0.4449167 0.5198990 0.5256994 0.4678349 0.3714043 0.4732324 0.0000000 0.3581068 0.3446972 0.4720467 0.3648858 0.2245480 0.3530785 
Beta       0.3764570 0.4472232 0.4207466 0.4083243 0.3759622 0.4144003 0.3581068 0.0000000 0.1285427 0.4519003 0.3682003 0.5707447 0.3161348 
Spol       0.3303217 0.3782092 0.3771720 0.3734345 0.3550166 0.3940362 0.3446972 0.1285427 0.0000000 0.3841594 0.3502966 0.5222567 0.2963725 
MJM1652    0.3318280 0.1715700 0.3904686 0.2439688 0.3492922 0.3752124 0.4720467 0.4519003 0.3841594 0.0000000 0.3436752 0.6372906 0.2962047 
NepSFB     0.2809523 0.3439127 0.3420350 0.3691450 0.0095516 0.3835330 0.3648858 0.3682003 0.3502966 0.3436752 0.0000000 0.4909979 0.2255695 
WPYJ       0.4862978 0.6687405 0.5207747 0.5997766 0.4981055 0.6218611 0.2245480 0.5707447 0.5222567 0.6372906 0.4909979 0.0000000 0.4615422 
MJM2940    0.1771098 0.2561028 0.2957968 0.2973205 0.2294259 0.2632296 0.3530785 0.3161348 0.2963725 0.2962047 0.2255695 0.4615422 0.0000000 
