13
DrolusSFB  0.0000000 0.3182766 0.3826094 0.3547499 0.2396795 0.3479028 0.3745593 0.3647154 0.3918129 0.3502584 0.2693235 0.3851783 0.1736809 
Dino       0.3182766 0.0000000 0.4231432 0.2000122 0.2647883 0.3816012 0.3668462 0.3486445 0.3862768 0.2089386 0.2941674 0.4119419 0.2592259 
MJM3360    0.3826094 0.4231432 0.0000000 0.4598391 0.3588893 0.3292954 0.4485654 0.3954081 0.4336449 0.4152354 0.3906208 0.4492766 0.3406690 
DrobinSFB  0.3547499 0.2000122 0.4598391 0.0000000 0.2984544 0.4206411 0.3817314 0.3577175 0.4058763 0.2233656 0.3291567 0.4064462 0.3047369 
Neam       0.2396795 0.2647883 0.3588893 0.2984544 0.0000000 0.3572995 0.3377088 0.3288441 0.3609285 0.3095407 0.0123065 0.3462382 0.2025572 
RuprSFB    0.3479028 0.3816012 0.3292954 0.4206411 0.3572995 0.0000000 0.4177236 0.4066862 0.4193404 0.4432071 0.3673252 0.4364398 0.3011897 
Retr       0.3745593 0.3668462 0.4485654 0.3817314 0.3377088 0.4177236 0.0000000 0.3651244 0.3914716 0.3633362 0.3724126 0.1893110 0.2970452 
Beta       0.3647154 0.3486445 0.3954081 0.3577175 0.3288441 0.4066862 0.3651244 0.0000000 0.1155484 0.3327616 0.3641966 0.3532403 0.3053185 
Spol       0.3918129 0.3862768 0.4336449 0.4058763 0.3609285 0.4193404 0.3914716 0.1155484 0.0000000 0.4184770 0.3846077 0.3680018 0.3345500 
MJM1652    0.3502584 0.2089386 0.4152354 0.2233656 0.3095407 0.4432071 0.3633362 0.3327616 0.4184770 0.0000000 0.2939460 0.3898090 0.2787653 
NepSFB     0.2693235 0.2941674 0.3906208 0.3291567 0.0123065 0.3673252 0.3724126 0.3641966 0.3846077 0.2939460 0.0000000 0.3995843 0.2209197 
WPYJ       0.3851783 0.4119419 0.4492766 0.4064462 0.3462382 0.4364398 0.1893110 0.3532403 0.3680018 0.3898090 0.3995843 0.0000000 0.3113533 
MJM2940    0.1736809 0.2592259 0.3406690 0.3047369 0.2025572 0.3011897 0.2970452 0.3053185 0.3345500 0.2787653 0.2209197 0.3113533 0.0000000 
