13
DrolusSFB  0.0000000 0.3319999 0.3972955 0.3354209 0.2887847 0.3420863 0.2747830 0.4279065 0.4079742 0.3359779 0.2855132 0.3602241 0.1959410 
Dino       0.3319999 0.0000000 0.3436081 0.1516494 0.2806146 0.2819921 0.3568890 0.3839440 0.3690817 0.1439519 0.2794680 0.3430370 0.2822468 
MJM3360    0.3972955 0.3436081 0.0000000 0.3714626 0.3123103 0.2635780 0.3266989 0.3815523 0.4079255 0.4135035 0.3075333 0.3943029 0.3783952 
DrobinSFB  0.3354209 0.1516494 0.3714626 0.0000000 0.3293012 0.3062780 0.3738298 0.4169261 0.3840028 0.1956617 0.3244047 0.3513012 0.3364228 
Neam       0.2887847 0.2806146 0.3123103 0.3293012 0.0000000 0.2688698 0.2355807 0.3471119 0.3559515 0.3296484 0.0084246 0.3207210 0.2212543 
RuprSFB    0.3420863 0.2819921 0.2635780 0.3062780 0.2688698 0.0000000 0.2693145 0.3477855 0.3446228 0.3504049 0.2693592 0.3522205 0.2687902 
Retr       0.2747830 0.3568890 0.3266989 0.3738298 0.2355807 0.2693145 0.0000000 0.3013045 0.3347961 0.4006250 0.2298137 0.2003865 0.2767146 
Beta       0.4279065 0.3839440 0.3815523 0.4169261 0.3471119 0.3477855 0.3013045 0.0000000 0.1270689 0.4530161 0.3464232 0.3812087 0.3494919 
Spol       0.4079742 0.3690817 0.4079255 0.3840028 0.3559515 0.3446228 0.3347961 0.1270689 0.0000000 0.4315086 0.3552179 0.3768183 0.3472956 
MJM1652    0.3359779 0.1439519 0.4135035 0.1956617 0.3296484 0.3504049 0.4006250 0.4530161 0.4315086 0.0000000 0.3280881 0.3828205 0.3231210 
NepSFB     0.2855132 0.2794680 0.3075333 0.3244047 0.0084246 0.2693592 0.2298137 0.3464232 0.3552179 0.3280881 0.0000000 0.3196486 0.2232046 
WPYJ       0.3602241 0.3430370 0.3943029 0.3513012 0.3207210 0.3522205 0.2003865 0.3812087 0.3768183 0.3828205 0.3196486 0.0000000 0.3339576 
MJM2940    0.1959410 0.2822468 0.3783952 0.3364228 0.2212543 0.2687902 0.2767146 0.3494919 0.3472956 0.3231210 0.2232046 0.3339576 0.0000000 
