13
DrolusSFB  0.0000000 0.2393060 0.2761489 0.2518040 0.1724399 0.2612732 0.2226485 0.2506007 0.2532055 0.2577920 0.1871561 0.2442245 0.1330125 
Dino       0.2393060 0.0000000 0.2190133 0.3222033 0.4101229 0.2249035 0.3893580 0.6852003 0.6117145 0.1936390 0.4085203 0.4761441 0.4332672 
MJM3360    0.2761489 0.2190133 0.0000000 0.2346925 0.2507488 0.2399626 0.2390548 0.3039469 0.2694153 0.2212227 0.2442780 0.2643772 0.2521141 
DrobinSFB  0.2518040 0.3222033 0.2346925 0.0000000 0.4247718 0.2434403 0.3996137 0.6459113 0.5560265 0.3244184 0.4183506 0.4728617 0.3819753 
Neam       0.1724399 0.4101229 0.2507488 0.4247718 0.0000000 0.1779328 0.3092321 0.4883620 0.5133895 0.4577664 0.0130475 0.3543009 0.2699459 
RuprSFB    0.2612732 0.2249035 0.2399626 0.2434403 0.1779328 0.0000000 0.2412635 0.2310937 0.2315764 0.2431463 0.1943412 0.2279580 0.1778491 
Retr       0.2226485 0.3893580 0.2390548 0.3996137 0.3092321 0.2412635 0.0000000 0.4239294 0.3902205 0.4218757 0.3051067 0.1778379 0.3201840 
Beta       0.2506007 0.6852003 0.3039469 0.6459113 0.4883620 0.2310937 0.4239294 0.0000000 0.1857704 0.7422968 0.4660826 0.4744387 0.5028805 
Spol       0.2532055 0.6117145 0.2694153 0.5560265 0.5133895 0.2315764 0.3902205 0.1857704 0.0000000 0.6640890 0.4903313 0.4350687 0.5064328 
MJM1652    0.2577920 0.1936390 0.2212227 0.3244184 0.4577664 0.2431463 0.4218757 0.7422968 0.6640890 0.0000000 0.4559263 0.4865037 0.4436694 
NepSFB     0.1871561 0.4085203 0.2442780 0.4183506 0.0130475 0.1943412 0.3051067 0.4660826 0.4903313 0.4559263 0.0000000 0.3375210 0.2646459 
WPYJ       0.2442245 0.4761441 0.2643772 0.4728617 0.3543009 0.2279580 0.1778379 0.4744387 0.4350687 0.4865037 0.3375210 0.0000000 0.3821675 
MJM2940    0.1330125 0.4332672 0.2521141 0.3819753 0.2699459 0.1778491 0.3201840 0.5028805 0.5064328 0.4436694 0.2646459 0.3821675 0.0000000 
