13
DrolusSFB  0.0000000 0.3690459 0.4054479 0.4000783 0.2808823 0.3325257 0.3150096 0.4179609 0.4387314 0.3805777 0.2823008 0.3165352 0.2069850 
Dino       0.3690459 0.0000000 0.4629459 0.2066001 0.2672374 0.3936939 0.3330601 0.4439541 0.4680680 0.2029722 0.2687166 0.3346187 0.3267040 
MJM3360    0.4054479 0.4629459 0.0000000 0.4897409 0.3810152 0.3046405 0.3944929 0.4736200 0.4511411 0.5018018 0.3855877 0.3148758 0.3999432 
DrobinSFB  0.4000783 0.2066001 0.4897409 0.0000000 0.3248300 0.4302115 0.3993640 0.4796990 0.4804848 0.2646525 0.3216487 0.3637878 0.3739162 
Neam       0.2808823 0.2672374 0.3810152 0.3248300 0.0000000 0.3210767 0.3135997 0.4139408 0.4084769 0.2889086 0.0144307 0.2979063 0.2634343 
RuprSFB    0.3325257 0.3936939 0.3046405 0.4302115 0.3210767 0.0000000 0.3317013 0.3766509 0.3788457 0.3890975 0.3209447 0.2961618 0.3242389 
Retr       0.3150096 0.3330601 0.3944929 0.3993640 0.3135997 0.3317013 0.0000000 0.3831185 0.3618105 0.3383181 0.3163193 0.1179302 0.3090207 
Beta       0.4179609 0.4439541 0.4736200 0.4796990 0.4139408 0.3766509 0.3831185 0.0000000 0.1446604 0.4589313 0.4103592 0.3407806 0.3951508 
Spol       0.4387314 0.4680680 0.4511411 0.4804848 0.4084769 0.3788457 0.3618105 0.1446604 0.0000000 0.4869672 0.4122110 0.3511404 0.4026895 
MJM1652    0.3805777 0.2029722 0.5018018 0.2646525 0.2889086 0.3890975 0.3383181 0.4589313 0.4869672 0.0000000 0.2890494 0.3275331 0.3479833 
NepSFB     0.2823008 0.2687166 0.3855877 0.3216487 0.0144307 0.3209447 0.3163193 0.4103592 0.4122110 0.2890494 0.0000000 0.2957083 0.2640479 
WPYJ       0.3165352 0.3346187 0.3148758 0.3637878 0.2979063 0.2961618 0.1179302 0.3407806 0.3511404 0.3275331 0.2957083 0.0000000 0.3003429 
MJM2940    0.2069850 0.3267040 0.3999432 0.3739162 0.2634343 0.3242389 0.3090207 0.3951508 0.4026895 0.3479833 0.2640479 0.3003429 0.0000000 
