13
DrolusSFB  0.0000000 0.3800851 0.3975401 0.4595247 0.3195773 0.3441723 0.3363324 0.3715290 0.4169656 0.3968403 0.3208352 0.3521451 0.2183223 
Dino       0.3800851 0.0000000 0.4435915 0.3356073 0.3080176 0.3804171 0.3899049 0.4150035 0.4943876 0.1827625 0.3011710 0.3824280 0.3285153 
MJM3360    0.3975401 0.4435915 0.0000000 0.4895287 0.3664808 0.3225298 0.4088882 0.4240398 0.4689083 0.4552943 0.3528805 0.4284317 0.4075773 
DrobinSFB  0.4595247 0.3356073 0.4895287 0.0000000 0.3603895 0.4843683 0.4696290 0.4252638 0.4303910 0.3175425 0.3728995 0.4873811 0.3853302 
Neam       0.3195773 0.3080176 0.3664808 0.3603895 0.0000000 0.3331531 0.3177346 0.3897879 0.4555967 0.3443405 0.0126490 0.3144769 0.2636373 
RuprSFB    0.3441723 0.3804171 0.3225298 0.4843683 0.3331531 0.0000000 0.3555427 0.3642774 0.5001928 0.3937734 0.3263377 0.3490840 0.3402681 
Retr       0.3363324 0.3899049 0.4088882 0.4696290 0.3177346 0.3555427 0.0000000 0.3451385 0.3786457 0.3699403 0.3117852 0.2031705 0.2955283 
Beta       0.3715290 0.4150035 0.4240398 0.4252638 0.3897879 0.3642774 0.3451385 0.0000000 0.2090896 0.4014857 0.3884146 0.3703338 0.3313243 
Spol       0.4169656 0.4943876 0.4689083 0.4303910 0.4555967 0.5001928 0.3786457 0.2090896 0.0000000 0.4764898 0.4500593 0.4592698 0.4115824 
MJM1652    0.3968403 0.1827625 0.4552943 0.3175425 0.3443405 0.3937734 0.3699403 0.4014857 0.4764898 0.0000000 0.3447395 0.4174255 0.3497703 
NepSFB     0.3208352 0.3011710 0.3528805 0.3728995 0.0126490 0.3263377 0.3117852 0.3884146 0.4500593 0.3447395 0.0000000 0.3023844 0.2611652 
WPYJ       0.3521451 0.3824280 0.4284317 0.4873811 0.3144769 0.3490840 0.2031705 0.3703338 0.4592698 0.4174255 0.3023844 0.0000000 0.2932160 
MJM2940    0.2183223 0.3285153 0.4075773 0.3853302 0.2636373 0.3402681 0.2955283 0.3313243 0.4115824 0.3497703 0.2611652 0.2932160 0.0000000 
