13
DrolusSFB  0.0000000 0.2863140 0.3915416 0.4571764 0.3219928 0.3817252 0.3218116 0.3405486 0.3793713 0.3050790 0.2461219 0.3151143 0.1824236 
Dino       0.2863140 0.0000000 0.3844959 0.3298613 0.2689202 0.3560813 0.3013480 0.3405353 0.3629533 0.1644207 0.2192186 0.3260665 0.2227822 
MJM3360    0.3915416 0.3844959 0.0000000 0.5223882 0.4201478 0.3624298 0.4020816 0.4450209 0.4689679 0.3731525 0.3718787 0.4047579 0.3688121 
DrobinSFB  0.4571764 0.3298613 0.5223882 0.0000000 0.7372133 0.4133523 0.4613471 0.5089553 0.5058771 0.3275193 0.4301807 0.3721334 0.3819039 
Neam       0.3219928 0.2689202 0.4201478 0.7372133 0.0000000 0.5858246 0.4949879 0.4535715 0.4776764 0.3063689 0.0086110 0.5376459 0.2360002 
RuprSFB    0.3817252 0.3560813 0.3624298 0.4133523 0.5858246 0.0000000 0.3739731 0.4230732 0.4523566 0.3524967 0.3594825 0.4152167 0.3462117 
Retr       0.3218116 0.3013480 0.4020816 0.4613471 0.4949879 0.3739731 0.0000000 0.3308292 0.4000016 0.3441376 0.3405899 0.2012995 0.3038440 
Beta       0.3405486 0.3405353 0.4450209 0.5089553 0.4535715 0.4230732 0.3308292 0.0000000 0.1950986 0.3698367 0.3574162 0.3621629 0.3187818 
Spol       0.3793713 0.3629533 0.4689679 0.5058771 0.4776764 0.4523566 0.4000016 0.1950986 0.0000000 0.3882501 0.3769794 0.4057904 0.3509014 
MJM1652    0.3050790 0.1644207 0.3731525 0.3275193 0.3063689 0.3524967 0.3441376 0.3698367 0.3882501 0.0000000 0.2601371 0.3426179 0.2515963 
NepSFB     0.2461219 0.2192186 0.3718787 0.4301807 0.0086110 0.3594825 0.3405899 0.3574162 0.3769794 0.2601371 0.0000000 0.3457067 0.1898242 
WPYJ       0.3151143 0.3260665 0.4047579 0.3721334 0.5376459 0.4152167 0.2012995 0.3621629 0.4057904 0.3426179 0.3457067 0.0000000 0.3255385 
MJM2940    0.1824236 0.2227822 0.3688121 0.3819039 0.2360002 0.3462117 0.3038440 0.3187818 0.3509014 0.2515963 0.1898242 0.3255385 0.0000000 
