13
DrolusSFB  0.0000000 0.3105958 0.4485861 0.3727760 0.2524404 0.3593214 0.3361100 0.4441456 0.5020770 0.3033423 0.2567263 0.3393388 0.1737531 
Dino       0.3105958 0.0000000 0.4283631 0.1899438 0.2335812 0.3179765 0.3243903 0.3958120 0.4804135 0.1825059 0.2362160 0.3499384 0.2513866 
MJM3360    0.4485861 0.4283631 0.0000000 0.5018500 0.3781303 0.3089263 0.3438379 0.4784935 0.5800338 0.4206838 0.3864959 0.3739927 0.3685691 
DrobinSFB  0.3727760 0.1899438 0.5018500 0.0000000 0.3277327 0.4163231 0.4048092 0.4556927 0.5343746 0.2519283 0.3351058 0.4163659 0.3233010 
Neam       0.2524404 0.2335812 0.3781303 0.3277327 0.0000000 0.3233900 0.2843682 0.3823559 0.4275941 0.2505145 0.0108353 0.3133783 0.1726437 
RuprSFB    0.3593214 0.3179765 0.3089263 0.4163231 0.3233900 0.0000000 0.2960757 0.3538464 0.4643645 0.3283053 0.3157041 0.3332060 0.2751382 
Retr       0.3361100 0.3243903 0.3438379 0.4048092 0.2843682 0.2960757 0.0000000 0.3707406 0.4709789 0.3513037 0.2793252 0.1772369 0.2848531 
Beta       0.4441456 0.3958120 0.4784935 0.4556927 0.3823559 0.3538464 0.3707406 0.0000000 0.1723571 0.3986113 0.3782807 0.3653383 0.3438145 
Spol       0.5020770 0.4804135 0.5800338 0.5343746 0.4275941 0.4643645 0.4709789 0.1723571 0.0000000 0.4675347 0.4252224 0.4230788 0.4337200 
MJM1652    0.3033423 0.1825059 0.4206838 0.2519283 0.2505145 0.3283053 0.3513037 0.3986113 0.4675347 0.0000000 0.2526893 0.3408439 0.2607524 
NepSFB     0.2567263 0.2362160 0.3864959 0.3351058 0.0108353 0.3157041 0.2793252 0.3782807 0.4252224 0.2526893 0.0000000 0.3132625 0.1716290 
WPYJ       0.3393388 0.3499384 0.3739927 0.4163659 0.3133783 0.3332060 0.1772369 0.3653383 0.4230788 0.3408439 0.3132625 0.0000000 0.3086901 
MJM2940    0.1737531 0.2513866 0.3685691 0.3233010 0.1726437 0.2751382 0.2848531 0.3438145 0.4337200 0.2607524 0.1716290 0.3086901 0.0000000 
