13
DrolusSFB  0.0000000 0.4302544 0.4364625 0.4726038 0.3092775 0.4917420 0.4562688 0.4876354 0.4862970 0.4608462 0.3630507 0.7392166 0.2892025 
Dino       0.4302544 0.0000000 0.4675354 0.2589331 0.2970449 0.5138084 0.5081534 0.5385023 0.5041682 0.2083080 0.3540609 0.6921708 0.3299174 
MJM3360    0.4364625 0.4675354 0.0000000 0.4820798 0.3490229 0.3137283 0.4222329 0.4817812 0.4390220 0.4728624 0.3505177 0.4250816 0.3709227 
DrobinSFB  0.4726038 0.2589331 0.4820798 0.0000000 0.3501975 0.5818447 0.5674865 0.5981740 0.5329916 0.3006311 0.4231795 0.7415918 0.4250718 
Neam       0.3092775 0.2970449 0.3490229 0.3501975 0.0000000 0.3387904 0.3107786 0.3921086 0.3455962 0.3312580 0.0203482 0.4811271 0.2164096 
RuprSFB    0.4917420 0.5138084 0.3137283 0.5818447 0.3387904 0.0000000 0.5115813 0.5545182 0.5026794 0.5421176 0.4136379 0.7296832 0.3853232 
Retr       0.4562688 0.5081534 0.4222329 0.5674865 0.3107786 0.5115813 0.0000000 0.5328644 0.4985118 0.5494249 0.3933954 0.2917813 0.3669636 
Beta       0.4876354 0.5385023 0.4817812 0.5981740 0.3921086 0.5545182 0.5328644 0.0000000 0.1737875 0.5292492 0.4506928 0.7294502 0.4319680 
Spol       0.4862970 0.5041682 0.4390220 0.5329916 0.3455962 0.5026794 0.4985118 0.1737875 0.0000000 0.5076236 0.4115763 0.7280826 0.3850679 
MJM1652    0.4608462 0.2083080 0.4728624 0.3006311 0.3312580 0.5421176 0.5494249 0.5292492 0.5076236 0.0000000 0.3923036 0.7732421 0.3563161 
NepSFB     0.3630507 0.3540609 0.3505177 0.4231795 0.0203482 0.4136379 0.3933954 0.4506928 0.4115763 0.3923036 0.0000000 0.6159915 0.2482648 
WPYJ       0.7392166 0.6921708 0.4250816 0.7415918 0.4811271 0.7296832 0.2917813 0.7294502 0.7280826 0.7732421 0.6159915 0.0000000 0.6274583 
MJM2940    0.2892025 0.3299174 0.3709227 0.4250718 0.2164096 0.3853232 0.3669636 0.4319680 0.3850679 0.3563161 0.2482648 0.6274583 0.0000000 
