13
DrolusSFB  0.0000000 0.3833294 0.4603573 0.4211092 0.3541928 0.4254782 0.4019011 0.4926240 0.4866051 0.4271723 0.3551856 0.4137027 0.3053484 
Dino       0.3833294 0.0000000 0.4120222 0.2278048 0.3513036 0.4182389 0.3794891 0.4702185 0.4676483 0.2658397 0.3565297 0.4017706 0.3198600 
MJM3360    0.4603573 0.4120222 0.0000000 0.4626275 0.4557149 0.3157164 0.4199729 0.4396171 0.4470618 0.4608610 0.4579956 0.4170673 0.4036448 
DrobinSFB  0.4211092 0.2278048 0.4626275 0.0000000 0.3930131 0.4614433 0.4244682 0.5047816 0.5097023 0.3027454 0.3948700 0.4631238 0.3655410 
Neam       0.3541928 0.3513036 0.4557149 0.3930131 0.0000000 0.3943529 0.3747561 0.4497596 0.4513159 0.3754661 0.0121099 0.3949986 0.2563398 
RuprSFB    0.4254782 0.4182389 0.3157164 0.4614433 0.3943529 0.0000000 0.3686505 0.4459939 0.4608076 0.4409096 0.3983110 0.3796877 0.3527724 
Retr       0.4019011 0.3794891 0.4199729 0.4244682 0.3747561 0.3686505 0.0000000 0.4190452 0.4173378 0.4240776 0.3802762 0.2017452 0.3483076 
Beta       0.4926240 0.4702185 0.4396171 0.5047816 0.4497596 0.4459939 0.4190452 0.0000000 0.1485112 0.5189751 0.4547284 0.4077394 0.4019547 
Spol       0.4866051 0.4676483 0.4470618 0.5097023 0.4513159 0.4608076 0.4173378 0.1485112 0.0000000 0.5108167 0.4562519 0.4053957 0.4123326 
MJM1652    0.4271723 0.2658397 0.4608610 0.3027454 0.3754661 0.4409096 0.4240776 0.5189751 0.5108167 0.0000000 0.3775458 0.4537520 0.3527858 
NepSFB     0.3551856 0.3565297 0.4579956 0.3948700 0.0121099 0.3983110 0.3802762 0.4547284 0.4562519 0.3775458 0.0000000 0.4010336 0.2645803 
WPYJ       0.4137027 0.4017706 0.4170673 0.4631238 0.3949986 0.3796877 0.2017452 0.4077394 0.4053957 0.4537520 0.4010336 0.0000000 0.3734490 
MJM2940    0.3053484 0.3198600 0.4036448 0.3655410 0.2563398 0.3527724 0.3483076 0.4019547 0.4123326 0.3527858 0.2645803 0.3734490 0.0000000 
