13
DrolusSFB  0.0000000 0.3287281 0.4277204 0.3967187 0.2900265 0.3302798 0.3605219 0.3709884 0.3625184 0.3954227 0.3011224 0.3965617 0.2030031 
Dino       0.3287281 0.0000000 0.3774797 0.2415597 0.2863898 0.3005289 0.3228599 0.3934075 0.4292637 0.1955655 0.3018327 0.3736598 0.2499497 
MJM3360    0.4277204 0.3774797 0.0000000 0.4632711 0.3245711 0.2981534 0.4158145 0.4001060 0.4031760 0.3981890 0.3245076 0.4129070 0.3310121 
DrobinSFB  0.3967187 0.2415597 0.4632711 0.0000000 0.3842537 0.3643986 0.3940219 0.5141680 0.5433054 0.2980533 0.4114377 0.4499096 0.3073621 
Neam       0.2900265 0.2863898 0.3245711 0.3842537 0.0000000 0.2654562 0.2838653 0.3669718 0.4357518 0.3421315 0.0170180 0.3373483 0.2144305 
RuprSFB    0.3302798 0.3005289 0.2981534 0.3643986 0.2654562 0.0000000 0.3263935 0.3313933 0.3636759 0.3658763 0.2768478 0.3344513 0.2791797 
Retr       0.3605219 0.3228599 0.4158145 0.3940219 0.2838653 0.3263935 0.0000000 0.3606887 0.3624619 0.3829644 0.2937308 0.1611623 0.2823098 
Beta       0.3709884 0.3934075 0.4001060 0.5141680 0.3669718 0.3313933 0.3606887 0.0000000 0.1747262 0.4573059 0.3859987 0.3890134 0.3248557 
Spol       0.3625184 0.4292637 0.4031760 0.5433054 0.4357518 0.3636759 0.3624619 0.1747262 0.0000000 0.4790727 0.4479879 0.3891694 0.3321330 
MJM1652    0.3954227 0.1955655 0.3981890 0.2980533 0.3421315 0.3658763 0.3829644 0.4573059 0.4790727 0.0000000 0.3569982 0.4350431 0.2920697 
NepSFB     0.3011224 0.3018327 0.3245076 0.4114377 0.0170180 0.2768478 0.2937308 0.3859987 0.4479879 0.3569982 0.0000000 0.3336784 0.2176300 
WPYJ       0.3965617 0.3736598 0.4129070 0.4499096 0.3373483 0.3344513 0.1611623 0.3890134 0.3891694 0.4350431 0.3336784 0.0000000 0.3095846 
MJM2940    0.2030031 0.2499497 0.3310121 0.3073621 0.2144305 0.2791797 0.2823098 0.3248557 0.3321330 0.2920697 0.2176300 0.3095846 0.0000000 
