13
DrolusSFB  0.0000000 0.3662211 0.3621726 0.3872457 0.2819738 0.2914489 0.3469853 0.3653878 0.4493064 0.3855855 0.2955243 0.3824910 0.2683323 
Dino       0.3662211 0.0000000 0.4237794 0.1674470 0.3509499 0.3854103 0.3627940 0.5582204 0.6137405 0.1945264 0.2965114 0.3442177 0.3409703 
MJM3360    0.3621726 0.4237794 0.0000000 0.3830021 0.3106792 0.3077674 0.4050337 0.3501688 0.4187309 0.3360383 0.3329300 0.4446218 0.3546819 
DrobinSFB  0.3872457 0.1674470 0.3830021 0.0000000 0.3436913 0.4102878 0.3642159 0.3869354 0.4375210 0.1704764 0.3925426 0.3402713 0.3158654 
Neam       0.2819738 0.3509499 0.3106792 0.3436913 0.0000000 0.3097653 0.2825321 0.4759571 0.5293584 0.3564647 0.0298175 0.3512002 0.2650593 
RuprSFB    0.2914489 0.3854103 0.3077674 0.4102878 0.3097653 0.0000000 0.3293782 0.3449747 0.3907442 0.3451778 0.3499430 0.3869048 0.3219317 
Retr       0.3469853 0.3627940 0.4050337 0.3642159 0.2825321 0.3293782 0.0000000 0.4018177 0.4265798 0.3589652 0.2662323 0.2567986 0.3072058 
Beta       0.3653878 0.5582204 0.3501688 0.3869354 0.4759571 0.3449747 0.4018177 0.0000000 0.1715741 0.5604944 0.3790593 0.3426320 0.4214409 
Spol       0.4493064 0.6137405 0.4187309 0.4375210 0.5293584 0.3907442 0.4265798 0.1715741 0.0000000 0.5700660 0.4238927 0.3869182 0.4848729 
MJM1652    0.3855855 0.1945264 0.3360383 0.1704764 0.3564647 0.3451778 0.3589652 0.5604944 0.5700660 0.0000000 0.3174353 0.3332832 0.3577273 
NepSFB     0.2955243 0.2965114 0.3329300 0.3925426 0.0298175 0.3499430 0.2662323 0.3790593 0.4238927 0.3174353 0.0000000 0.3494024 0.2583291 
WPYJ       0.3824910 0.3442177 0.4446218 0.3402713 0.3512002 0.3869048 0.2567986 0.3426320 0.3869182 0.3332832 0.3494024 0.0000000 0.3383059 
MJM2940    0.2683323 0.3409703 0.3546819 0.3158654 0.2650593 0.3219317 0.3072058 0.4214409 0.4848729 0.3577273 0.2583291 0.3383059 0.0000000 
