13
DrolusSFB  0.0000000 0.2437119 0.3503653 0.2529828 0.2510836 0.2545933 0.3435060 0.3368190 0.3616726 0.2898962 0.2582122 0.3770002 0.1873056 
Dino       0.2437119 0.0000000 0.3613242 0.1391387 0.2677238 0.2697083 0.3130988 0.4141937 0.3983188 0.1322823 0.2735220 0.2871153 0.2070502 
MJM3360    0.3503653 0.3613242 0.0000000 0.3220021 0.3081067 0.2465562 0.3422250 0.3842536 0.4370349 0.3708578 0.3045211 0.3454952 0.2899942 
DrobinSFB  0.2529828 0.1391387 0.3220021 0.0000000 0.2481694 0.2583701 0.2973162 0.3491804 0.3691607 0.1858947 0.2540324 0.2713119 0.2147374 
Neam       0.2510836 0.2677238 0.3081067 0.2481694 0.0000000 0.2521244 0.3079497 0.3756754 0.3715910 0.2951068 0.0099556 0.3170463 0.2032341 
RuprSFB    0.2545933 0.2697083 0.2465562 0.2583701 0.2521244 0.0000000 0.3147487 0.3255957 0.3478651 0.2817486 0.2466949 0.3076957 0.2325039 
Retr       0.3435060 0.3130988 0.3422250 0.2973162 0.3079497 0.3147487 0.0000000 0.3255390 0.3318916 0.3230058 0.3070131 0.1597333 0.2896226 
Beta       0.3368190 0.4141937 0.3842536 0.3491804 0.3756754 0.3255957 0.3255390 0.0000000 0.1371725 0.4143993 0.3506240 0.3260419 0.3308974 
Spol       0.3616726 0.3983188 0.4370349 0.3691607 0.3715910 0.3478651 0.3318916 0.1371725 0.0000000 0.4182107 0.3429423 0.3440914 0.3263738 
MJM1652    0.2898962 0.1322823 0.3708578 0.1858947 0.2951068 0.2817486 0.3230058 0.4143993 0.4182107 0.0000000 0.2641472 0.3187990 0.2434686 
NepSFB     0.2582122 0.2735220 0.3045211 0.2540324 0.0099556 0.2466949 0.3070131 0.3506240 0.3429423 0.2641472 0.0000000 0.3194198 0.2313702 
WPYJ       0.3770002 0.2871153 0.3454952 0.2713119 0.3170463 0.3076957 0.1597333 0.3260419 0.3440914 0.3187990 0.3194198 0.0000000 0.3031753 
MJM2940    0.1873056 0.2070502 0.2899942 0.2147374 0.2032341 0.2325039 0.2896226 0.3308974 0.3263738 0.2434686 0.2313702 0.3031753 0.0000000 
