13
DrolusSFB  0.0000000 0.2443009 0.3181874 0.2730265 0.1799954 0.2731696 0.2525700 0.2899076 0.3112795 0.2741802 0.1847580 0.3516289 0.1263087 
Dino       0.2443009 0.0000000 0.3254053 0.1602059 0.2252160 0.2807735 0.2770197 0.3149921 0.3318606 0.1523609 0.2333665 0.3804284 0.2213494 
MJM3360    0.3181874 0.3254053 0.0000000 0.3544164 0.2922511 0.2623288 0.2840761 0.3222219 0.3288267 0.3831973 0.2846555 0.3947927 0.2880148 
DrobinSFB  0.2730265 0.1602059 0.3544164 0.0000000 0.2349687 0.3334465 0.2964659 0.3214355 0.3370959 0.1996159 0.2392313 0.4290225 0.2487056 
Neam       0.1799954 0.2252160 0.2922511 0.2349687 0.0000000 0.2117066 0.2663440 0.2448395 0.2614646 0.2638782 0.0107799 0.3391218 0.1209902 
RuprSFB    0.2731696 0.2807735 0.2623288 0.3334465 0.2117066 0.0000000 0.2606045 0.2852872 0.2889042 0.3317111 0.2157047 0.3518179 0.2373951 
Retr       0.2525700 0.2770197 0.2840761 0.2964659 0.2663440 0.2606045 0.0000000 0.2752891 0.3112311 0.2933291 0.2698085 0.2276367 0.2316621 
Beta       0.2899076 0.3149921 0.3222219 0.3214355 0.2448395 0.2852872 0.2752891 0.0000000 0.0997936 0.3516914 0.2623420 0.3512260 0.2530951 
Spol       0.3112795 0.3318606 0.3288267 0.3370959 0.2614646 0.2889042 0.3112311 0.0997936 0.0000000 0.3884218 0.2826348 0.3640361 0.2772334 
MJM1652    0.2741802 0.1523609 0.3831973 0.1996159 0.2638782 0.3317111 0.2933291 0.3516914 0.3884218 0.0000000 0.2801650 0.4127426 0.2454318 
NepSFB     0.1847580 0.2333665 0.2846555 0.2392313 0.0107799 0.2157047 0.2698085 0.2623420 0.2826348 0.2801650 0.0000000 0.3443337 0.1306545 
WPYJ       0.3516289 0.3804284 0.3947927 0.4290225 0.3391218 0.3518179 0.2276367 0.3512260 0.3640361 0.4127426 0.3443337 0.0000000 0.3330162 
MJM2940    0.1263087 0.2213494 0.2880148 0.2487056 0.1209902 0.2373951 0.2316621 0.2530951 0.2772334 0.2454318 0.1306545 0.3330162 0.0000000 
