13
DrolusSFB  0.0000000 0.3284023 0.3891286 0.3491412 0.2839668 0.3422765 0.3109151 0.3731347 0.3921563 0.3616003 0.2853695 0.3396658 0.2183571 
Dino       0.3284023 0.0000000 0.4561793 0.2341223 0.3126352 0.3430246 0.4385219 0.4312433 0.4287924 0.2084440 0.3136344 0.3863722 0.3003405 
MJM3360    0.3891286 0.4561793 0.0000000 0.4798079 0.3674652 0.3142751 0.3802865 0.4287111 0.4386902 0.4667653 0.3715214 0.4064928 0.3385019 
DrobinSFB  0.3491412 0.2341223 0.4798079 0.0000000 0.3266080 0.3681273 0.3609652 0.4449186 0.4557396 0.2819481 0.3298563 0.3853056 0.3022492 
Neam       0.2839668 0.3126352 0.3674652 0.3266080 0.0000000 0.3163041 0.3095204 0.3385994 0.3459950 0.3487177 0.0050573 0.3149335 0.2118677 
RuprSFB    0.3422765 0.3430246 0.3142751 0.3681273 0.3163041 0.0000000 0.3662986 0.3603333 0.3755194 0.3733740 0.3155457 0.3424188 0.2971439 
Retr       0.3109151 0.4385219 0.3802865 0.3609652 0.3095204 0.3662986 0.0000000 0.3192458 0.3449715 0.4519722 0.3041949 0.2043345 0.2796342 
Beta       0.3731347 0.4312433 0.4287111 0.4449186 0.3385994 0.3603333 0.3192458 0.0000000 0.1078406 0.4564490 0.3357032 0.3376230 0.3458627 
Spol       0.3921563 0.4287924 0.4386902 0.4557396 0.3459950 0.3755194 0.3449715 0.1078406 0.0000000 0.4422985 0.3480581 0.3187975 0.3579833 
MJM1652    0.3616003 0.2084440 0.4667653 0.2819481 0.3487177 0.3733740 0.4519722 0.4564490 0.4422985 0.0000000 0.3497886 0.4067925 0.3312306 
NepSFB     0.2853695 0.3136344 0.3715214 0.3298563 0.0050573 0.3155457 0.3041949 0.3357032 0.3480581 0.3497886 0.0000000 0.3140423 0.2150099 
WPYJ       0.3396658 0.3863722 0.4064928 0.3853056 0.3149335 0.3424188 0.2043345 0.3376230 0.3187975 0.4067925 0.3140423 0.0000000 0.3104548 
MJM2940    0.2183571 0.3003405 0.3385019 0.3022492 0.2118677 0.2971439 0.2796342 0.3458627 0.3579833 0.3312306 0.2150099 0.3104548 0.0000000 
