13
DrolusSFB  0.0000000 0.2802973 0.3575332 0.3019218 0.2115823 0.3011773 0.3254174 0.2912602 0.3137790 0.2966293 0.2083146 0.3302808 0.1712558 
Dino       0.2802973 0.0000000 0.3278626 0.1452987 0.2817477 0.2840072 0.3116790 0.2862671 0.2998151 0.1282312 0.2988104 0.3413645 0.2659957 
MJM3360    0.3575332 0.3278626 0.0000000 0.3459778 0.2968992 0.2640909 0.3168131 0.4100691 0.4091162 0.3281040 0.2936159 0.3654172 0.3265679 
DrobinSFB  0.3019218 0.1452987 0.3459778 0.0000000 0.2669444 0.3086743 0.3169974 0.3211813 0.3196244 0.1625578 0.2738804 0.3639354 0.2632642 
Neam       0.2115823 0.2817477 0.2968992 0.2669444 0.0000000 0.2427905 0.2764699 0.2691611 0.2769820 0.2851078 0.0147973 0.3025799 0.1782856 
RuprSFB    0.3011773 0.2840072 0.2640909 0.3086743 0.2427905 0.0000000 0.2806642 0.3206284 0.3260151 0.2803397 0.2356003 0.3395419 0.2520714 
Retr       0.3254174 0.3116790 0.3168131 0.3169974 0.2764699 0.2806642 0.0000000 0.3240049 0.3286018 0.3053877 0.2662225 0.2144088 0.2732285 
Beta       0.2912602 0.2862671 0.4100691 0.3211813 0.2691611 0.3206284 0.3240049 0.0000000 0.1147262 0.3059228 0.2691904 0.3508849 0.2643348 
Spol       0.3137790 0.2998151 0.4091162 0.3196244 0.2769820 0.3260151 0.3286018 0.1147262 0.0000000 0.3295434 0.2733846 0.3633522 0.2751297 
MJM1652    0.2966293 0.1282312 0.3281040 0.1625578 0.2851078 0.2803397 0.3053877 0.3059228 0.3295434 0.0000000 0.3123377 0.3414571 0.3109199 
NepSFB     0.2083146 0.2988104 0.2936159 0.2738804 0.0147973 0.2356003 0.2662225 0.2691904 0.2733846 0.3123377 0.0000000 0.2875655 0.1878080 
WPYJ       0.3302808 0.3413645 0.3654172 0.3639354 0.3025799 0.3395419 0.2144088 0.3508849 0.3633522 0.3414571 0.2875655 0.0000000 0.2957832 
MJM2940    0.1712558 0.2659957 0.3265679 0.2632642 0.1782856 0.2520714 0.2732285 0.2643348 0.2751297 0.3109199 0.1878080 0.2957832 0.0000000 
