13
DrolusSFB  0.0000000 0.3892613 0.3731030 0.4115152 0.2909131 0.3421001 0.3109271 0.5040022 0.5140425 0.4039134 0.3104091 0.2365100 0.2243788 
Dino       0.3892613 0.0000000 0.3886996 0.1850836 0.3443975 0.3720959 0.3490949 0.5415169 0.5085310 0.1826178 0.3675067 0.3039008 0.3407677 
MJM3360    0.3731030 0.3886996 0.0000000 0.4354854 0.3658188 0.2724318 0.4609252 0.4638311 0.4435275 0.4288574 0.3713647 0.3986017 0.3509464 
DrobinSFB  0.4115152 0.1850836 0.4354854 0.0000000 0.3966337 0.3993530 0.3522140 0.6149906 0.5783247 0.2227469 0.4171898 0.3366220 0.3924249 
Neam       0.2909131 0.3443975 0.3658188 0.3966337 0.0000000 0.3149519 0.3171961 0.4634059 0.4588278 0.3809118 0.0106966 0.2490840 0.2527826 
RuprSFB    0.3421001 0.3720959 0.2724318 0.3993530 0.3149519 0.0000000 0.3176059 0.3684069 0.3678652 0.3771644 0.3195103 0.2798247 0.3204875 
Retr       0.3109271 0.3490949 0.4609252 0.3522140 0.3171961 0.3176059 0.0000000 0.3656000 0.3956655 0.3679767 0.3204297 0.1816406 0.3389528 
Beta       0.5040022 0.5415169 0.4638311 0.6149906 0.4634059 0.3684069 0.3656000 0.0000000 0.1602568 0.5778067 0.4897178 0.3685381 0.4553339 
Spol       0.5140425 0.5085310 0.4435275 0.5783247 0.4588278 0.3678652 0.3956655 0.1602568 0.0000000 0.5590435 0.4878248 0.3792127 0.4698749 
MJM1652    0.4039134 0.1826178 0.4288574 0.2227469 0.3809118 0.3771644 0.3679767 0.5778067 0.5590435 0.0000000 0.4170480 0.3003836 0.3739503 
NepSFB     0.3104091 0.3675067 0.3713647 0.4171898 0.0106966 0.3195103 0.3204297 0.4897178 0.4878248 0.4170480 0.0000000 0.2499026 0.2654128 
WPYJ       0.2365100 0.3039008 0.3986017 0.3366220 0.2490840 0.2798247 0.1816406 0.3685381 0.3792127 0.3003836 0.2499026 0.0000000 0.2696607 
MJM2940    0.2243788 0.3407677 0.3509464 0.3924249 0.2527826 0.3204875 0.3389528 0.4553339 0.4698749 0.3739503 0.2654128 0.2696607 0.0000000 
