13
DrolusSFB  0.0000000 0.2713265 0.3717239 0.3378559 0.2897326 0.3139528 0.3500779 0.4240568 0.3915755 0.3119718 0.2958748 0.3732737 0.1885384 
Dino       0.2713265 0.0000000 0.3578959 0.2446193 0.2463133 0.3239779 0.3080371 0.3872052 0.3527870 0.2016164 0.2502195 0.3526248 0.2208353 
MJM3360    0.3717239 0.3578959 0.0000000 0.4013155 0.3653298 0.2904076 0.3563012 0.4386914 0.4200678 0.4062243 0.3716935 0.3725096 0.3203744 
DrobinSFB  0.3378559 0.2446193 0.4013155 0.0000000 0.3140516 0.3733169 0.3290160 0.4803169 0.4625975 0.2711561 0.3222155 0.3829747 0.2993771 
Neam       0.2897326 0.2463133 0.3653298 0.3140516 0.0000000 0.3156388 0.2956166 0.4195878 0.3921978 0.2803639 0.0066161 0.3380384 0.2097152 
RuprSFB    0.3139528 0.3239779 0.2904076 0.3733169 0.3156388 0.0000000 0.3205613 0.3792543 0.3711093 0.3600990 0.3192345 0.3501815 0.2891482 
Retr       0.3500779 0.3080371 0.3563012 0.3290160 0.2956166 0.3205613 0.0000000 0.3821052 0.3743556 0.3442510 0.2985078 0.1782695 0.2792757 
Beta       0.4240568 0.3872052 0.4386914 0.4803169 0.4195878 0.3792543 0.3821052 0.0000000 0.1557935 0.4269280 0.4263859 0.4140680 0.3950245 
Spol       0.3915755 0.3527870 0.4200678 0.4625975 0.3921978 0.3711093 0.3743556 0.1557935 0.0000000 0.3823904 0.4020811 0.3925155 0.3507603 
MJM1652    0.3119718 0.2016164 0.4062243 0.2711561 0.2803639 0.3600990 0.3442510 0.4269280 0.3823904 0.0000000 0.2849867 0.4011975 0.2728112 
NepSFB     0.2958748 0.2502195 0.3716935 0.3222155 0.0066161 0.3192345 0.2985078 0.4263859 0.4020811 0.2849867 0.0000000 0.3391756 0.2165824 
WPYJ       0.3732737 0.3526248 0.3725096 0.3829747 0.3380384 0.3501815 0.1782695 0.4140680 0.3925155 0.4011975 0.3391756 0.0000000 0.2978488 
MJM2940    0.1885384 0.2208353 0.3203744 0.2993771 0.2097152 0.2891482 0.2792757 0.3950245 0.3507603 0.2728112 0.2165824 0.2978488 0.0000000 
