13
DrolusSFB  0.0000000 0.2577004 0.3299204 0.3152972 0.2414909 0.3046877 0.2590489 0.3211628 0.3300444 0.2810209 0.2397705 0.3442322 0.1400034 
Dino       0.2577004 0.0000000 0.3577282 0.2253536 0.2127265 0.3273346 0.2710140 0.3587965 0.3691579 0.1715666 0.2096732 0.3274050 0.2654665 
MJM3360    0.3299204 0.3577282 0.0000000 0.4160799 0.3539339 0.2859859 0.2934346 0.3979768 0.4004371 0.3958327 0.3535060 0.3626571 0.3228637 
DrobinSFB  0.3152972 0.2253536 0.4160799 0.0000000 0.2872477 0.3633707 0.3534968 0.3879342 0.4101104 0.2371132 0.2914330 0.3408972 0.3044691 
Neam       0.2414909 0.2127265 0.3539339 0.2872477 0.0000000 0.2890828 0.2418898 0.3077248 0.3065100 0.2609787 0.0162908 0.2770075 0.2189383 
RuprSFB    0.3046877 0.3273346 0.2859859 0.3633707 0.2890828 0.0000000 0.2753610 0.3733548 0.3614090 0.3549435 0.2778730 0.3373943 0.3005680 
Retr       0.2590489 0.2710140 0.2934346 0.3534968 0.2418898 0.2753610 0.0000000 0.2993120 0.3287581 0.2943756 0.2448174 0.1455716 0.2724976 
Beta       0.3211628 0.3587965 0.3979768 0.3879342 0.3077248 0.3733548 0.2993120 0.0000000 0.1529118 0.3997303 0.3073549 0.3824724 0.3411578 
Spol       0.3300444 0.3691579 0.4004371 0.4101104 0.3065100 0.3614090 0.3287581 0.1529118 0.0000000 0.4233765 0.3066132 0.3959353 0.3413668 
MJM1652    0.2810209 0.1715666 0.3958327 0.2371132 0.2609787 0.3549435 0.2943756 0.3997303 0.4233765 0.0000000 0.2559621 0.3227469 0.2834910 
NepSFB     0.2397705 0.2096732 0.3535060 0.2914330 0.0162908 0.2778730 0.2448174 0.3073549 0.3066132 0.2559621 0.0000000 0.2998079 0.2154995 
WPYJ       0.3442322 0.3274050 0.3626571 0.3408972 0.2770075 0.3373943 0.1455716 0.3824724 0.3959353 0.3227469 0.2998079 0.0000000 0.3213209 
MJM2940    0.1400034 0.2654665 0.3228637 0.3044691 0.2189383 0.3005680 0.2724976 0.3411578 0.3413668 0.2834910 0.2154995 0.3213209 0.0000000 
