13
DrolusSFB  0.0000000 0.2221236 0.3350307 0.2796610 0.2192087 0.2557138 0.2851239 0.3157438 0.3108872 0.2400922 0.2227470 0.3227003 0.1552424 
Dino       0.2221236 0.0000000 0.3198268 0.1634440 0.2215167 0.2513572 0.2774591 0.3205065 0.2808580 0.1160525 0.2235729 0.3116814 0.2191653 
MJM3360    0.3350307 0.3198268 0.0000000 0.3581216 0.3069562 0.2217211 0.3031342 0.3618897 0.3235943 0.3414959 0.2983923 0.3216464 0.3210400 
DrobinSFB  0.2796610 0.1634440 0.3581216 0.0000000 0.2626239 0.3076290 0.3231973 0.3668491 0.3417459 0.1975204 0.2665572 0.3163188 0.2724264 
Neam       0.2192087 0.2215167 0.3069562 0.2626239 0.0000000 0.2390658 0.2601929 0.2903936 0.2840678 0.2308617 0.0120147 0.2811047 0.1952322 
RuprSFB    0.2557138 0.2513572 0.2217211 0.3076290 0.2390658 0.0000000 0.2436471 0.2839930 0.2781306 0.2687472 0.2448266 0.2905029 0.2456368 
Retr       0.2851239 0.2774591 0.3031342 0.3231973 0.2601929 0.2436471 0.0000000 0.2951729 0.3114803 0.2873187 0.2640071 0.1867902 0.2639814 
Beta       0.3157438 0.3205065 0.3618897 0.3668491 0.2903936 0.2839930 0.2951729 0.0000000 0.1374077 0.3585969 0.2835439 0.3430110 0.2816456 
Spol       0.3108872 0.2808580 0.3235943 0.3417459 0.2840678 0.2781306 0.3114803 0.1374077 0.0000000 0.3212956 0.2850346 0.3003222 0.2791250 
MJM1652    0.2400922 0.1160525 0.3414959 0.1975204 0.2308617 0.2687472 0.2873187 0.3585969 0.3212956 0.0000000 0.2345292 0.2966796 0.2482662 
NepSFB     0.2227470 0.2235729 0.2983923 0.2665572 0.0120147 0.2448266 0.2640071 0.2835439 0.2850346 0.2345292 0.0000000 0.2764119 0.1954235 
WPYJ       0.3227003 0.3116814 0.3216464 0.3163188 0.2811047 0.2905029 0.1867902 0.3430110 0.3003222 0.2966796 0.2764119 0.0000000 0.2737472 
MJM2940    0.1552424 0.2191653 0.3210400 0.2724264 0.1952322 0.2456368 0.2639814 0.2816456 0.2791250 0.2482662 0.1954235 0.2737472 0.0000000 
