13
DrolusSFB  0.0000000 0.3341354 0.4456186 0.3509320 0.2602028 0.3041004 0.4630332 0.3891030 0.3863323 0.3572118 0.2735612 0.4294860 0.2109754 
Dino       0.3341354 0.0000000 0.4462373 0.1764705 0.2500260 0.3185116 0.4482603 0.3820393 0.3999065 0.1571936 0.2588635 0.4500049 0.2772592 
MJM3360    0.4456186 0.4462373 0.0000000 0.4474666 0.3576950 0.2497551 0.4443149 0.4279424 0.4136668 0.4434080 0.3825645 0.4739809 0.3883658 
DrobinSFB  0.3509320 0.1764705 0.4474666 0.0000000 0.2587307 0.3291144 0.4723582 0.3952636 0.4101826 0.2033511 0.2767847 0.4680957 0.2823066 
Neam       0.2602028 0.2500260 0.3576950 0.2587307 0.0000000 0.2538812 0.3453410 0.3003278 0.3173571 0.2688927 0.0059523 0.3895224 0.1815816 
RuprSFB    0.3041004 0.3185116 0.2497551 0.3291144 0.2538812 0.0000000 0.2795029 0.3154687 0.3243083 0.3257015 0.2542889 0.2997200 0.2444779 
Retr       0.4630332 0.4482603 0.4443149 0.4723582 0.3453410 0.2795029 0.0000000 0.4315420 0.4055502 0.4213194 0.3511963 0.2294154 0.3970288 
Beta       0.3891030 0.3820393 0.4279424 0.3952636 0.3003278 0.3154687 0.4315420 0.0000000 0.1267785 0.4049825 0.3367395 0.4340747 0.3325410 
Spol       0.3863323 0.3999065 0.4136668 0.4101826 0.3173571 0.3243083 0.4055502 0.1267785 0.0000000 0.4035129 0.3504619 0.4300429 0.3312978 
MJM1652    0.3572118 0.1571936 0.4434080 0.2033511 0.2688927 0.3257015 0.4213194 0.4049825 0.4035129 0.0000000 0.2853019 0.4392928 0.2935551 
NepSFB     0.2735612 0.2588635 0.3825645 0.2767847 0.0059523 0.2542889 0.3511963 0.3367395 0.3504619 0.2853019 0.0000000 0.4012385 0.1899992 
WPYJ       0.4294860 0.4500049 0.4739809 0.4680957 0.3895224 0.2997200 0.2294154 0.4340747 0.4300429 0.4392928 0.4012385 0.0000000 0.4005205 
MJM2940    0.2109754 0.2772592 0.3883658 0.2823066 0.1815816 0.2444779 0.3970288 0.3325410 0.3312978 0.2935551 0.1899992 0.4005205 0.0000000 
