13
DrolusSFB  0.0000000 0.3453076 0.4166035 0.3982430 0.2536063 0.3934265 0.3901182 0.4017502 0.4471443 0.3931486 0.2521092 0.4611501 0.1881854 
Dino       0.3453076 0.0000000 0.4198304 0.2455748 0.2726440 0.4170819 0.4131909 0.4684583 0.4879327 0.1642890 0.2700370 0.4899399 0.2936108 
MJM3360    0.4166035 0.4198304 0.0000000 0.4486409 0.4060942 0.3564749 0.4008287 0.4161018 0.4065764 0.4433927 0.4100188 0.4931111 0.4025408 
DrobinSFB  0.3982430 0.2455748 0.4486409 0.0000000 0.3319805 0.4224737 0.4305994 0.4685330 0.4685178 0.2731250 0.3340739 0.4547846 0.3270408 
Neam       0.2536063 0.2726440 0.4060942 0.3319805 0.0000000 0.3419638 0.3415159 0.3665723 0.3950088 0.3168869 0.0111451 0.4223259 0.1869262 
RuprSFB    0.3934265 0.4170819 0.3564749 0.4224737 0.3419638 0.0000000 0.4180858 0.4608485 0.4652784 0.4555167 0.3437324 0.4340828 0.3425923 
Retr       0.3901182 0.4131909 0.4008287 0.4305994 0.3415159 0.4180858 0.0000000 0.4342470 0.4671773 0.4264512 0.3436782 0.2230781 0.3334588 
Beta       0.4017502 0.4684583 0.4161018 0.4685330 0.3665723 0.4608485 0.4342470 0.0000000 0.1847765 0.4939889 0.3697371 0.5017255 0.3572703 
Spol       0.4471443 0.4879327 0.4065764 0.4685178 0.3950088 0.4652784 0.4671773 0.1847765 0.0000000 0.5001530 0.4018327 0.5258094 0.3914470 
MJM1652    0.3931486 0.1642890 0.4433927 0.2731250 0.3168869 0.4555167 0.4264512 0.4939889 0.5001530 0.0000000 0.3160346 0.5012317 0.3244023 
NepSFB     0.2521092 0.2700370 0.4100188 0.3340739 0.0111451 0.3437324 0.3436782 0.3697371 0.4018327 0.3160346 0.0000000 0.4236507 0.1868937 
WPYJ       0.4611501 0.4899399 0.4931111 0.4547846 0.4223259 0.4340828 0.2230781 0.5017255 0.5258094 0.5012317 0.4236507 0.0000000 0.3993260 
MJM2940    0.1881854 0.2936108 0.4025408 0.3270408 0.1869262 0.3425923 0.3334588 0.3572703 0.3914470 0.3244023 0.1868937 0.3993260 0.0000000 
