13
DrolusSFB  0.0000000 0.2178287 0.3189700 0.2652870 0.2541552 0.2935394 0.2772913 0.2318027 0.3589722 0.2684000 0.2562025 0.3105630 0.1379448 
Dino       0.2178287 0.0000000 0.3049257 0.2005498 0.2318909 0.2990446 0.3168798 0.2631500 0.3499694 0.1628436 0.2319791 0.3303452 0.1758098 
MJM3360    0.3189700 0.3049257 0.0000000 0.3547309 0.3342785 0.2894568 0.3369735 0.3740744 0.4084743 0.3563739 0.3389521 0.3255760 0.2945945 
DrobinSFB  0.2652870 0.2005498 0.3547309 0.0000000 0.2906673 0.3015448 0.3459950 0.3156596 0.4061317 0.1791751 0.2928051 0.3859541 0.2374721 
Neam       0.2541552 0.2318909 0.3342785 0.2906673 0.0000000 0.2867334 0.2810591 0.2821105 0.3401089 0.2784926 0.0058820 0.3126954 0.1673912 
RuprSFB    0.2935394 0.2990446 0.2894568 0.3015448 0.2867334 0.0000000 0.2710872 0.2922475 0.3511520 0.3034157 0.2826820 0.2965143 0.2433079 
Retr       0.2772913 0.3168798 0.3369735 0.3459950 0.2810591 0.2710872 0.0000000 0.2829154 0.3768756 0.3333780 0.2832481 0.1623738 0.2437168 
Beta       0.2318027 0.2631500 0.3740744 0.3156596 0.2821105 0.2922475 0.2829154 0.0000000 0.1976519 0.3220454 0.2841601 0.3443341 0.2164229 
Spol       0.3589722 0.3499694 0.4084743 0.4061317 0.3401089 0.3511520 0.3768756 0.1976519 0.0000000 0.4271666 0.3425595 0.4224001 0.3196003 
MJM1652    0.2684000 0.1628436 0.3563739 0.1791751 0.2784926 0.3034157 0.3333780 0.3220454 0.4271666 0.0000000 0.2824655 0.3800387 0.2034779 
NepSFB     0.2562025 0.2319791 0.3389521 0.2928051 0.0058820 0.2826820 0.2832481 0.2841601 0.3425595 0.2824655 0.0000000 0.3096946 0.1694086 
WPYJ       0.3105630 0.3303452 0.3255760 0.3859541 0.3126954 0.2965143 0.1623738 0.3443341 0.4224001 0.3800387 0.3096946 0.0000000 0.3060596 
MJM2940    0.1379448 0.1758098 0.2945945 0.2374721 0.1673912 0.2433079 0.2437168 0.2164229 0.3196003 0.2034779 0.1694086 0.3060596 0.0000000 
