13
DrolusSFB  0.0000000 0.2872275 0.3299908 0.3039774 0.2451187 0.3345445 0.3726882 0.3121947 0.3524342 0.3231237 0.2453482 0.3327863 0.1610410 
Dino       0.2872275 0.0000000 0.3363210 0.1427002 0.2520102 0.4130856 0.3716292 0.3280353 0.3502673 0.1495249 0.2502771 0.3749567 0.2540856 
MJM3360    0.3299908 0.3363210 0.0000000 0.3724156 0.3605653 0.2842246 0.3791678 0.3823227 0.3794361 0.3733564 0.3628105 0.3681745 0.2909135 
DrobinSFB  0.3039774 0.1427002 0.3724156 0.0000000 0.2911267 0.4210908 0.4169459 0.3880537 0.3806800 0.1993583 0.2894941 0.3966139 0.2806109 
Neam       0.2451187 0.2520102 0.3605653 0.2911267 0.0000000 0.3526509 0.3375187 0.3133599 0.3237232 0.3279156 0.0072907 0.3665404 0.1930767 
RuprSFB    0.3345445 0.4130856 0.2842246 0.4210908 0.3526509 0.0000000 0.3923158 0.4037563 0.4006079 0.4075540 0.3528265 0.3668540 0.3172527 
Retr       0.3726882 0.3716292 0.3791678 0.4169459 0.3375187 0.3923158 0.0000000 0.3753183 0.3685429 0.4233021 0.3359970 0.2898848 0.3040089 
Beta       0.3121947 0.3280353 0.3823227 0.3880537 0.3133599 0.4037563 0.3753183 0.0000000 0.1092117 0.3739511 0.3140088 0.3726481 0.2772820 
Spol       0.3524342 0.3502673 0.3794361 0.3806800 0.3237232 0.4006079 0.3685429 0.1092117 0.0000000 0.4111982 0.3199455 0.3944633 0.2988232 
MJM1652    0.3231237 0.1495249 0.3733564 0.1993583 0.3279156 0.4075540 0.4233021 0.3739511 0.4111982 0.0000000 0.3260043 0.4108331 0.3046161 
NepSFB     0.2453482 0.2502771 0.3628105 0.2894941 0.0072907 0.3528265 0.3359970 0.3140088 0.3199455 0.3260043 0.0000000 0.3700919 0.1901221 
WPYJ       0.3327863 0.3749567 0.3681745 0.3966139 0.3665404 0.3668540 0.2898848 0.3726481 0.3944633 0.4108331 0.3700919 0.0000000 0.2908568 
MJM2940    0.1610410 0.2540856 0.2909135 0.2806109 0.1930767 0.3172527 0.3040089 0.2772820 0.2988232 0.3046161 0.1901221 0.2908568 0.0000000 
