13
DrolusSFB  0.0000000 0.3116202 0.3865065 0.3799910 0.2400913 0.3185275 0.3632983 0.3715829 0.3960532 0.3192558 0.2404122 0.4086307 0.1727312 
Dino       0.3116202 0.0000000 0.3936588 0.1673190 0.2396056 0.3143142 0.3504572 0.3466663 0.3521488 0.1433930 0.2357607 0.3510268 0.2458365 
MJM3360    0.3865065 0.3936588 0.0000000 0.4236155 0.3471410 0.2962962 0.3935042 0.4372168 0.4389698 0.4341499 0.3356004 0.4047931 0.3379366 
DrobinSFB  0.3799910 0.1673190 0.4236155 0.0000000 0.3140384 0.3593567 0.4152573 0.3977052 0.4138547 0.1961039 0.3115128 0.4045908 0.3069220 
Neam       0.2400913 0.2396056 0.3471410 0.3140384 0.0000000 0.2653747 0.2913696 0.2990398 0.3258151 0.2738089 0.0108771 0.3361926 0.1900330 
RuprSFB    0.3185275 0.3143142 0.2962962 0.3593567 0.2653747 0.0000000 0.3134543 0.3330938 0.3452270 0.3256185 0.2619546 0.3396725 0.2735188 
Retr       0.3632983 0.3504572 0.3935042 0.4152573 0.2913696 0.3134543 0.0000000 0.3658237 0.3790879 0.3881057 0.2884674 0.1929560 0.3272369 
Beta       0.3715829 0.3466663 0.4372168 0.3977052 0.2990398 0.3330938 0.3658237 0.0000000 0.1555891 0.3869854 0.2920056 0.4231610 0.3298019 
Spol       0.3960532 0.3521488 0.4389698 0.4138547 0.3258151 0.3452270 0.3790879 0.1555891 0.0000000 0.3992936 0.3247614 0.4248735 0.3481398 
MJM1652    0.3192558 0.1433930 0.4341499 0.1961039 0.2738089 0.3256185 0.3881057 0.3869854 0.3992936 0.0000000 0.2734863 0.3707372 0.2888628 
NepSFB     0.2404122 0.2357607 0.3356004 0.3115128 0.0108771 0.2619546 0.2884674 0.2920056 0.3247614 0.2734863 0.0000000 0.3360577 0.1868003 
WPYJ       0.4086307 0.3510268 0.4047931 0.4045908 0.3361926 0.3396725 0.1929560 0.4231610 0.4248735 0.3707372 0.3360577 0.0000000 0.3564004 
MJM2940    0.1727312 0.2458365 0.3379366 0.3069220 0.1900330 0.2735188 0.3272369 0.3298019 0.3481398 0.2888628 0.1868003 0.3564004 0.0000000 
