13
DrolusSFB  0.0000000 0.2863240 0.4292867 0.2805893 0.2381717 0.3375481 0.3088646 0.3291054 0.3147141 0.2895108 0.3973656 0.3220346 0.1716189 
Dino       0.2863240 0.0000000 0.4246524 0.1949331 0.2438878 0.3390001 0.3092992 0.3789847 0.3584116 0.1536244 0.3427064 0.3137541 0.2410428 
MJM3360    0.4292867 0.4246524 0.0000000 0.4639391 0.4164507 0.3481792 0.2695993 0.4549360 0.4408778 0.4536774 0.4329626 0.3363538 0.3791733 
DrobinSFB  0.2805893 0.1949331 0.4639391 0.0000000 0.2724834 0.3751161 0.3237730 0.3885787 0.3587597 0.2101197 0.3695691 0.3230640 0.2662636 
Neam       0.2381717 0.2438878 0.4164507 0.2724834 0.0000000 0.3181398 0.2815697 0.3435967 0.3363194 0.2553564 0.1160816 0.3122085 0.2044027 
RuprSFB    0.3375481 0.3390001 0.3481792 0.3751161 0.3181398 0.0000000 0.2998736 0.3709264 0.3578268 0.3618728 0.4174632 0.3186805 0.3046960 
Retr       0.3088646 0.3092992 0.2695993 0.3237730 0.2815697 0.2998736 0.0000000 0.3316614 0.3115036 0.2992707 0.6121108 0.1798102 0.2807485 
Beta       0.3291054 0.3789847 0.4549360 0.3885787 0.3435967 0.3709264 0.3316614 0.0000000 0.1377401 0.3912374 0.4473788 0.3299212 0.3318813 
Spol       0.3147141 0.3584116 0.4408778 0.3587597 0.3363194 0.3578268 0.3115036 0.1377401 0.0000000 0.3763522 0.4381951 0.3104727 0.3102960 
MJM1652    0.2895108 0.1536244 0.4536774 0.2101197 0.2553564 0.3618728 0.2992707 0.3912374 0.3763522 0.0000000 0.3537416 0.3052648 0.2684227 
NepSFB     0.3973656 0.3427064 0.4329626 0.3695691 0.1160816 0.4174632 0.6121108 0.4473788 0.4381951 0.3537416 0.0000000 0.5917599 0.3039138 
WPYJ       0.3220346 0.3137541 0.3363538 0.3230640 0.3122085 0.3186805 0.1798102 0.3299212 0.3104727 0.3052648 0.5917599 0.0000000 0.2943644 
MJM2940    0.1716189 0.2410428 0.3791733 0.2662636 0.2044027 0.3046960 0.2807485 0.3318813 0.3102960 0.2684227 0.3039138 0.2943644 0.0000000 
