13
DrolusSFB  0.0000000 0.2975226 0.3620839 0.3014636 0.3004855 0.3380676 0.3027738 0.4047239 0.4117545 0.3332596 0.2986867 0.3648592 0.1715433 
Dino       0.2975226 0.0000000 0.3417994 0.2064420 0.2416110 0.3676644 0.3487130 0.3773933 0.3865546 0.1480545 0.2428858 0.3942793 0.2333405 
MJM3360    0.3620839 0.3417994 0.0000000 0.3729749 0.3519526 0.2873880 0.3574849 0.4260305 0.4349967 0.3678926 0.3494513 0.4041648 0.3098892 
DrobinSFB  0.3014636 0.2064420 0.3729749 0.0000000 0.2855616 0.3994834 0.3694645 0.4195798 0.4219638 0.2634215 0.2800016 0.4554276 0.2727320 
Neam       0.3004855 0.2416110 0.3519526 0.2855616 0.0000000 0.3623576 0.3166773 0.3740238 0.3801840 0.3423149 0.0114923 0.4026944 0.2189762 
RuprSFB    0.3380676 0.3676644 0.2873880 0.3994834 0.3623576 0.0000000 0.3263414 0.4031089 0.3921868 0.4025682 0.3651418 0.4017173 0.3044473 
Retr       0.3027738 0.3487130 0.3574849 0.3694645 0.3166773 0.3263414 0.0000000 0.3733046 0.3839834 0.3483608 0.3086011 0.1892346 0.2700942 
Beta       0.4047239 0.3773933 0.4260305 0.4195798 0.3740238 0.4031089 0.3733046 0.0000000 0.1059152 0.4528728 0.3786777 0.4848185 0.3587786 
Spol       0.4117545 0.3865546 0.4349967 0.4219638 0.3801840 0.3921868 0.3839834 0.1059152 0.0000000 0.4629645 0.3801569 0.4739097 0.3611750 
MJM1652    0.3332596 0.1480545 0.3678926 0.2634215 0.3423149 0.4025682 0.3483608 0.4528728 0.4629645 0.0000000 0.3463635 0.4453189 0.3209114 
NepSFB     0.2986867 0.2428858 0.3494513 0.2800016 0.0114923 0.3651418 0.3086011 0.3786777 0.3801569 0.3463635 0.0000000 0.4011023 0.2193027 
WPYJ       0.3648592 0.3942793 0.4041648 0.4554276 0.4026944 0.4017173 0.1892346 0.4848185 0.4739097 0.4453189 0.4011023 0.0000000 0.3582677 
MJM2940    0.1715433 0.2333405 0.3098892 0.2727320 0.2189762 0.3044473 0.2700942 0.3587786 0.3611750 0.3209114 0.2193027 0.3582677 0.0000000 
