13
DrolusSFB  0.0000000 0.3108279 0.3673829 0.3623032 0.2512739 0.3037544 0.3099539 0.3269800 0.3198214 0.3409622 0.2334968 0.3169265 0.1753456 
Dino       0.3108279 0.0000000 0.3670439 0.1569486 0.3245905 0.3449595 0.3761712 0.4254558 0.4547335 0.1411142 0.3183771 0.3550051 0.2843630 
MJM3360    0.3673829 0.3670439 0.0000000 0.4461194 0.3577956 0.2622753 0.3782378 0.3478155 0.3220367 0.3966537 0.3232850 0.3902553 0.3320772 
DrobinSFB  0.3623032 0.1569486 0.4461194 0.0000000 0.3469333 0.4088751 0.4189577 0.4621060 0.4639611 0.2093069 0.3384863 0.4136912 0.3240755 
Neam       0.2512739 0.3245905 0.3577956 0.3469333 0.0000000 0.2611361 0.3198719 0.3885862 0.3954751 0.3355523 0.0089406 0.3380639 0.1990637 
RuprSFB    0.3037544 0.3449595 0.2622753 0.4088751 0.2611361 0.0000000 0.3260830 0.2956642 0.2804348 0.3527403 0.2417183 0.3124492 0.2679800 
Retr       0.3099539 0.3761712 0.3782378 0.4189577 0.3198719 0.3260830 0.0000000 0.3568387 0.3767410 0.3889756 0.2820563 0.1858175 0.2602890 
Beta       0.3269800 0.4254558 0.3478155 0.4621060 0.3885862 0.2956642 0.3568387 0.0000000 0.1502131 0.4213076 0.3854106 0.3135138 0.3003075 
Spol       0.3198214 0.4547335 0.3220367 0.4639611 0.3954751 0.2804348 0.3767410 0.1502131 0.0000000 0.4684494 0.3934693 0.3277628 0.3127740 
MJM1652    0.3409622 0.1411142 0.3966537 0.2093069 0.3355523 0.3527403 0.3889756 0.4213076 0.4684494 0.0000000 0.3377638 0.3949114 0.3017686 
NepSFB     0.2334968 0.3183771 0.3232850 0.3384863 0.0089406 0.2417183 0.2820563 0.3854106 0.3934693 0.3377638 0.0000000 0.3295348 0.1872604 
WPYJ       0.3169265 0.3550051 0.3902553 0.4136912 0.3380639 0.3124492 0.1858175 0.3135138 0.3277628 0.3949114 0.3295348 0.0000000 0.2870437 
MJM2940    0.1753456 0.2843630 0.3320772 0.3240755 0.1990637 0.2679800 0.2602890 0.3003075 0.3127740 0.3017686 0.1872604 0.2870437 0.0000000 
