13
DrolusSFB  0.0000000 0.3526832 0.3710945 0.3924597 0.3217156 0.4248778 0.3206217 0.4777306 0.4089412 0.4092723 0.3261813 0.3716862 0.2372432 
Dino       0.3526832 0.0000000 0.5231002 0.2285956 0.3533408 0.4594221 0.4065051 0.4333496 0.4942810 0.2678051 0.3497350 0.4561413 0.3276593 
MJM3360    0.3710945 0.5231002 0.0000000 0.4933318 0.3334407 0.2850845 0.3729416 0.3979169 0.4225377 0.5022770 0.3301048 0.3897729 0.3283345 
DrobinSFB  0.3924597 0.2285956 0.4933318 0.0000000 0.3747605 0.4531157 0.4383704 0.5106521 0.5997813 0.3150541 0.3744946 0.4927430 0.3759733 
Neam       0.3217156 0.3533408 0.3334407 0.3747605 0.0000000 0.3703844 0.3106383 0.4417497 0.3924995 0.4240434 0.0118473 0.3166167 0.2585758 
RuprSFB    0.4248778 0.4594221 0.2850845 0.4531157 0.3703844 0.0000000 0.3145515 0.4647622 0.4045570 0.4909140 0.3698865 0.3526966 0.3552993 
Retr       0.3206217 0.4065051 0.3729416 0.4383704 0.3106383 0.3145515 0.0000000 0.3634578 0.3456608 0.4439184 0.3091400 0.1896603 0.2732969 
Beta       0.4777306 0.4333496 0.3979169 0.5106521 0.4417497 0.4647622 0.3634578 0.0000000 0.1568689 0.5144207 0.4378086 0.3846432 0.4188607 
Spol       0.4089412 0.4942810 0.4225377 0.5997813 0.3924995 0.4045570 0.3456608 0.1568689 0.0000000 0.6201821 0.3960039 0.3739591 0.3528634 
MJM1652    0.4092723 0.2678051 0.5022770 0.3150541 0.4240434 0.4909140 0.4439184 0.5144207 0.6201821 0.0000000 0.4200197 0.4749573 0.3872962 
NepSFB     0.3261813 0.3497350 0.3301048 0.3744946 0.0118473 0.3698865 0.3091400 0.4378086 0.3960039 0.4200197 0.0000000 0.3190642 0.2607556 
WPYJ       0.3716862 0.4561413 0.3897729 0.4927430 0.3166167 0.3526966 0.1896603 0.3846432 0.3739591 0.4749573 0.3190642 0.0000000 0.2972090 
MJM2940    0.2372432 0.3276593 0.3283345 0.3759733 0.2585758 0.3552993 0.2732969 0.4188607 0.3528634 0.3872962 0.2607556 0.2972090 0.0000000 
