13
DrolusSFB  0.0000000 0.2923999 0.3596130 0.3039338 0.2391645 0.2967588 0.3008924 0.3027883 0.3456487 0.3049848 0.2350558 0.3571640 0.1714838 
Dino       0.2923999 0.0000000 0.3384515 0.1688969 0.2298317 0.2944665 0.2967436 0.3154609 0.3203941 0.1607093 0.2327781 0.3600923 0.2374996 
MJM3360    0.3596130 0.3384515 0.0000000 0.3336932 0.2872669 0.2705852 0.3642971 0.3122146 0.3369256 0.3110035 0.2926824 0.3921256 0.3247032 
DrobinSFB  0.3039338 0.1688969 0.3336932 0.0000000 0.2724275 0.2900937 0.3252209 0.3306996 0.3637498 0.2248674 0.2761660 0.4004226 0.2872537 
Neam       0.2391645 0.2298317 0.2872669 0.2724275 0.0000000 0.2446950 0.2815896 0.2578998 0.2644352 0.2710888 0.0080548 0.3595054 0.1834282 
RuprSFB    0.2967588 0.2944665 0.2705852 0.2900937 0.2446950 0.0000000 0.3180854 0.2942383 0.3074431 0.3061013 0.2435224 0.3632073 0.2329564 
Retr       0.3008924 0.2967436 0.3642971 0.3252209 0.2815896 0.3180854 0.0000000 0.2768187 0.2920448 0.3372184 0.2755399 0.1962960 0.2475800 
Beta       0.3027883 0.3154609 0.3122146 0.3306996 0.2578998 0.2942383 0.2768187 0.0000000 0.1341590 0.3444670 0.2519491 0.3360794 0.2438978 
Spol       0.3456487 0.3203941 0.3369256 0.3637498 0.2644352 0.3074431 0.2920448 0.1341590 0.0000000 0.3454096 0.2665534 0.3657083 0.2566310 
MJM1652    0.3049848 0.1607093 0.3110035 0.2248674 0.2710888 0.3061013 0.3372184 0.3444670 0.3454096 0.0000000 0.2762138 0.3671334 0.2395856 
NepSFB     0.2350558 0.2327781 0.2926824 0.2761660 0.0080548 0.2435224 0.2755399 0.2519491 0.2665534 0.2762138 0.0000000 0.3586574 0.1858010 
WPYJ       0.3571640 0.3600923 0.3921256 0.4004226 0.3595054 0.3632073 0.1962960 0.3360794 0.3657083 0.3671334 0.3586574 0.0000000 0.3266372 
MJM2940    0.1714838 0.2374996 0.3247032 0.2872537 0.1834282 0.2329564 0.2475800 0.2438978 0.2566310 0.2395856 0.1858010 0.3266372 0.0000000 
