13
DrolusSFB  0.0000000 0.4599205 0.5868981 0.4934661 0.3590726 0.5913466 0.5734903 0.6225295 0.6663064 0.4678841 0.3582595 0.7008386 0.2725829 
Dino       0.4599205 0.0000000 0.4807915 0.2569311 0.2787968 0.5096071 0.5157473 0.5003307 0.5038924 0.2022659 0.2771214 0.5681005 0.3024242 
MJM3360    0.5868981 0.4807915 0.0000000 0.6016113 0.4457540 0.4964366 0.5682650 0.6261484 0.6230526 0.5517668 0.4428938 0.6261082 0.4645033 
DrobinSFB  0.4934661 0.2569311 0.6016113 0.0000000 0.3166174 0.5283708 0.5450063 0.4954339 0.5512485 0.2607530 0.3225561 0.6073722 0.3612646 
Neam       0.3590726 0.2787968 0.4457540 0.3166174 0.0000000 0.4193005 0.4119641 0.4099829 0.4748976 0.2845429 0.0101824 0.5288294 0.2258976 
RuprSFB    0.5913466 0.5096071 0.4964366 0.5283708 0.4193005 0.0000000 0.6153167 0.5626976 0.5804484 0.5052536 0.4233627 0.6291151 0.4438156 
Retr       0.5734903 0.5157473 0.5682650 0.5450063 0.4119641 0.6153167 0.0000000 0.5794794 0.6046666 0.5163706 0.4064446 0.3127857 0.4540445 
Beta       0.6225295 0.5003307 0.6261484 0.4954339 0.4099829 0.5626976 0.5794794 0.0000000 0.1722145 0.5029328 0.4165140 0.6180513 0.4959353 
Spol       0.6663064 0.5038924 0.6230526 0.5512485 0.4748976 0.5804484 0.6046666 0.1722145 0.0000000 0.5248451 0.4777072 0.6296971 0.4941974 
MJM1652    0.4678841 0.2022659 0.5517668 0.2607530 0.2845429 0.5052536 0.5163706 0.5029328 0.5248451 0.0000000 0.2872925 0.5805384 0.3187973 
NepSFB     0.3582595 0.2771214 0.4428938 0.3225561 0.0101824 0.4233627 0.4064446 0.4165140 0.4777072 0.2872925 0.0000000 0.5207307 0.2290129 
WPYJ       0.7008386 0.5681005 0.6261082 0.6073722 0.5288294 0.6291151 0.3127857 0.6180513 0.6296971 0.5805384 0.5207307 0.0000000 0.5340423 
MJM2940    0.2725829 0.3024242 0.4645033 0.3612646 0.2258976 0.4438156 0.4540445 0.4959353 0.4941974 0.3187973 0.2290129 0.5340423 0.0000000 
