13
DrolusSFB  0.0000000 0.3955200 0.4789456 0.4104487 0.3788025 0.4328237 0.4444850 0.4622940 0.4924121 0.3373604 0.3975121 0.4582279 0.2449629 
Dino       0.3955200 0.0000000 0.4547813 0.2787577 0.3257437 0.3662035 0.3969045 0.4237967 0.4129060 0.1589450 0.3283472 0.4287285 0.3284058 
MJM3360    0.4789456 0.4547813 0.0000000 0.5346918 0.4079761 0.3173295 0.4503153 0.4952724 0.4713201 0.4598534 0.4164167 0.4560292 0.4645198 
DrobinSFB  0.4104487 0.2787577 0.5346918 0.0000000 0.3356869 0.4374135 0.4641389 0.5146296 0.5163402 0.2832626 0.3356070 0.4758474 0.3678998 
Neam       0.3788025 0.3257437 0.4079761 0.3356869 0.0000000 0.4020267 0.3840820 0.3824461 0.3733058 0.2789191 0.0181742 0.4082370 0.2909495 
RuprSFB    0.4328237 0.3662035 0.3173295 0.4374135 0.4020267 0.0000000 0.3677610 0.3943813 0.4028083 0.3674361 0.4098744 0.3859022 0.3780347 
Retr       0.4444850 0.3969045 0.4503153 0.4641389 0.3840820 0.3677610 0.0000000 0.3782334 0.4196090 0.4001976 0.3975102 0.1805465 0.4040986 
Beta       0.4622940 0.4237967 0.4952724 0.5146296 0.3824461 0.3943813 0.3782334 0.0000000 0.1420606 0.4837473 0.4005686 0.4280764 0.3581954 
Spol       0.4924121 0.4129060 0.4713201 0.5163402 0.3733058 0.4028083 0.4196090 0.1420606 0.0000000 0.4790848 0.3759018 0.4474078 0.3943023 
MJM1652    0.3373604 0.1589450 0.4598534 0.2832626 0.2789191 0.3674361 0.4001976 0.4837473 0.4790848 0.0000000 0.2882197 0.4455727 0.3083269 
NepSFB     0.3975121 0.3283472 0.4164167 0.3356070 0.0181742 0.4098744 0.3975102 0.4005686 0.3759018 0.2882197 0.0000000 0.4327779 0.2768147 
WPYJ       0.4582279 0.4287285 0.4560292 0.4758474 0.4082370 0.3859022 0.1805465 0.4280764 0.4474078 0.4455727 0.4327779 0.0000000 0.4164853 
MJM2940    0.2449629 0.3284058 0.4645198 0.3678998 0.2909495 0.3780347 0.4040986 0.3581954 0.3943023 0.3083269 0.2768147 0.4164853 0.0000000 
