13
DrolusSFB  0.0000000 0.3144846 0.4251616 0.4670866 0.2604478 0.3765904 0.3266955 0.3502635 0.3536545 0.3693634 0.2604368 0.3818911 0.1980461 
Dino       0.3144846 0.0000000 0.4004023 0.2476178 0.2336397 0.3540562 0.3324269 0.3450192 0.3621442 0.1533158 0.2353494 0.3696176 0.2657321 
MJM3360    0.4251616 0.4004023 0.0000000 0.5399829 0.3365990 0.2942895 0.4259719 0.3800078 0.4013962 0.4568883 0.3323692 0.3846775 0.3556438 
DrobinSFB  0.4670866 0.2476178 0.5399829 0.0000000 0.3548278 0.5011713 0.5023287 0.4501549 0.4769924 0.3018503 0.3604126 0.5562234 0.3821195 
Neam       0.2604478 0.2336397 0.3365990 0.3548278 0.0000000 0.2915148 0.2802535 0.2641490 0.2825712 0.2827338 0.0088228 0.3010524 0.1871441 
RuprSFB    0.3765904 0.3540562 0.2942895 0.5011713 0.2915148 0.0000000 0.3380613 0.3349136 0.3395137 0.4036101 0.2886115 0.3654086 0.2937763 
Retr       0.3266955 0.3324269 0.4259719 0.5023287 0.2802535 0.3380613 0.0000000 0.3487410 0.3765315 0.3958343 0.2754653 0.1940355 0.2955446 
Beta       0.3502635 0.3450192 0.3800078 0.4501549 0.2641490 0.3349136 0.3487410 0.0000000 0.1183454 0.3885243 0.2789270 0.3500670 0.2840991 
Spol       0.3536545 0.3621442 0.4013962 0.4769924 0.2825712 0.3395137 0.3765315 0.1183454 0.0000000 0.3988841 0.2968588 0.3566149 0.2943794 
MJM1652    0.3693634 0.1533158 0.4568883 0.3018503 0.2827338 0.4036101 0.3958343 0.3885243 0.3988841 0.0000000 0.2887356 0.4195063 0.3151156 
NepSFB     0.2604368 0.2353494 0.3323692 0.3604126 0.0088228 0.2886115 0.2754653 0.2789270 0.2968588 0.2887356 0.0000000 0.2960549 0.1891411 
WPYJ       0.3818911 0.3696176 0.3846775 0.5562234 0.3010524 0.3654086 0.1940355 0.3500670 0.3566149 0.4195063 0.2960549 0.0000000 0.3318556 
MJM2940    0.1980461 0.2657321 0.3556438 0.3821195 0.1871441 0.2937763 0.2955446 0.2840991 0.2943794 0.3151156 0.1891411 0.3318556 0.0000000 
