13
DrolusSFB  0.0000000 0.2938617 0.3691449 0.3700893 0.2384707 0.3392936 0.3539720 0.3530219 0.3570517 0.3652530 0.2454440 0.3911872 0.1595722 
Dino       0.2938617 0.0000000 0.4152121 0.2722233 0.2558740 0.3833974 0.3957758 0.4126777 0.4002520 0.1679843 0.2543861 0.3764823 0.2438623 
MJM3360    0.3691449 0.4152121 0.0000000 0.4384831 0.4132423 0.3306896 0.3919540 0.4386771 0.4202571 0.4497935 0.4127590 0.4165139 0.3304794 
DrobinSFB  0.3700893 0.2722233 0.4384831 0.0000000 0.2844175 0.3864497 0.4168674 0.4179617 0.3821565 0.2893545 0.2857743 0.3933763 0.2898315 
Neam       0.2384707 0.2558740 0.4132423 0.2844175 0.0000000 0.3016242 0.3004880 0.3761624 0.3592261 0.3119143 0.0065234 0.3385568 0.2024547 
RuprSFB    0.3392936 0.3833974 0.3306896 0.3864497 0.3016242 0.0000000 0.2979545 0.3930414 0.3489828 0.4106238 0.3032580 0.3797846 0.2957797 
Retr       0.3539720 0.3957758 0.3919540 0.4168674 0.3004880 0.2979545 0.0000000 0.4220049 0.3790094 0.4330414 0.2983275 0.1936362 0.3117239 
Beta       0.3530219 0.4126777 0.4386771 0.4179617 0.3761624 0.3930414 0.4220049 0.0000000 0.1328555 0.4932447 0.3682636 0.4207608 0.3381142 
Spol       0.3570517 0.4002520 0.4202571 0.3821565 0.3592261 0.3489828 0.3790094 0.1328555 0.0000000 0.4417014 0.3533688 0.3955620 0.3342113 
MJM1652    0.3652530 0.1679843 0.4497935 0.2893545 0.3119143 0.4106238 0.4330414 0.4932447 0.4417014 0.0000000 0.3150005 0.4295438 0.2982839 
NepSFB     0.2454440 0.2543861 0.4127590 0.2857743 0.0065234 0.3032580 0.2983275 0.3682636 0.3533688 0.3150005 0.0000000 0.3342266 0.2051355 
WPYJ       0.3911872 0.3764823 0.4165139 0.3933763 0.3385568 0.3797846 0.1936362 0.4207608 0.3955620 0.4295438 0.3342266 0.0000000 0.3634301 
MJM2940    0.1595722 0.2438623 0.3304794 0.2898315 0.2024547 0.2957797 0.3117239 0.3381142 0.3342113 0.2982839 0.2051355 0.3634301 0.0000000 
