13
DrolusSFB  0.0000000 0.3402216 0.2405358 0.3850148 0.2665710 0.1981691 0.3472081 0.3822519 0.3912074 0.3417200 0.2691653 0.3678371 0.1792880 
Dino       0.3402216 0.0000000 0.2783685 0.2527854 0.3056810 0.2590426 0.4223415 0.4275520 0.4416244 0.1460309 0.3013936 0.4369868 0.2894224 
MJM3360    0.2405358 0.2783685 0.0000000 0.2736887 0.2227520 0.2266343 0.2560811 0.3236858 0.3439611 0.2665537 0.2242955 0.2552786 0.2290394 
DrobinSFB  0.3850148 0.2527854 0.2736887 0.0000000 0.3228372 0.2653971 0.4265835 0.4616715 0.4388873 0.2491140 0.3212135 0.4728060 0.3194406 
Neam       0.2665710 0.3056810 0.2227520 0.3228372 0.0000000 0.2155109 0.3265081 0.3383374 0.3742891 0.3013580 0.0049779 0.3516466 0.2124093 
RuprSFB    0.1981691 0.2590426 0.2266343 0.2653971 0.2155109 0.0000000 0.2420561 0.3032272 0.2956501 0.2601881 0.2129949 0.3013443 0.1867675 
Retr       0.3472081 0.4223415 0.2560811 0.4265835 0.3265081 0.2420561 0.0000000 0.3926492 0.4020225 0.3972395 0.3282704 0.1985479 0.3305819 
Beta       0.3822519 0.4275520 0.3236858 0.4616715 0.3383374 0.3032272 0.3926492 0.0000000 0.1671367 0.4281415 0.3367316 0.4167444 0.3619509 
Spol       0.3912074 0.4416244 0.3439611 0.4388873 0.3742891 0.2956501 0.4020225 0.1671367 0.0000000 0.4317310 0.3725558 0.4702744 0.3603357 
MJM1652    0.3417200 0.1460309 0.2665537 0.2491140 0.3013580 0.2601881 0.3972395 0.4281415 0.4317310 0.0000000 0.2984486 0.4127526 0.2800645 
NepSFB     0.2691653 0.3013936 0.2242955 0.3212135 0.0049779 0.2129949 0.3282704 0.3367316 0.3725558 0.2984486 0.0000000 0.3517292 0.2089779 
WPYJ       0.3678371 0.4369868 0.2552786 0.4728060 0.3516466 0.3013443 0.1985479 0.4167444 0.4702744 0.4127526 0.3517292 0.0000000 0.3643214 
MJM2940    0.1792880 0.2894224 0.2290394 0.3194406 0.2124093 0.1867675 0.3305819 0.3619509 0.3603357 0.2800645 0.2089779 0.3643214 0.0000000 
