13
DrolusSFB  0.0000000 0.3917683 0.3994945 0.4062799 0.3371431 0.3808688 0.3933624 0.4516388 0.4229911 0.4353386 0.3454927 0.4329853 0.2139538 
Dino       0.3917683 0.0000000 0.4300673 0.2403360 0.3211781 0.3931313 0.4018985 0.5066691 0.5113500 0.1812548 0.3202506 0.4781709 0.3216076 
MJM3360    0.3994945 0.4300673 0.0000000 0.4622198 0.3838134 0.3255697 0.3508516 0.4718906 0.4461277 0.4780297 0.3970855 0.2741271 0.3566010 
DrobinSFB  0.4062799 0.2403360 0.4622198 0.0000000 0.3234349 0.3577452 0.4118299 0.5120661 0.4531614 0.2930866 0.3259048 0.3942739 0.3340857 
Neam       0.3371431 0.3211781 0.3838134 0.3234349 0.0000000 0.3164031 0.3072245 0.4286214 0.4203056 0.3623144 0.0123002 0.3374754 0.2515702 
RuprSFB    0.3808688 0.3931313 0.3255697 0.3577452 0.3164031 0.0000000 0.3305816 0.4406734 0.4059212 0.4366987 0.3229577 0.3705623 0.3293896 
Retr       0.3933624 0.4018985 0.3508516 0.4118299 0.3072245 0.3305816 0.0000000 0.4473282 0.4085008 0.3906203 0.3163038 0.1925431 0.2781073 
Beta       0.4516388 0.5066691 0.4718906 0.5120661 0.4286214 0.4406734 0.4473282 0.0000000 0.1640914 0.5193672 0.4317092 0.5177807 0.3871683 
Spol       0.4229911 0.5113500 0.4461277 0.4531614 0.4203056 0.4059212 0.4085008 0.1640914 0.0000000 0.5040265 0.4248889 0.4972786 0.3629693 
MJM1652    0.4353386 0.1812548 0.4780297 0.2930866 0.3623144 0.4366987 0.3906203 0.5193672 0.5040265 0.0000000 0.3627431 0.5039675 0.3368344 
NepSFB     0.3454927 0.3202506 0.3970855 0.3259048 0.0123002 0.3229577 0.3163038 0.4317092 0.4248889 0.3627431 0.0000000 0.3432487 0.2586828 
WPYJ       0.4329853 0.4781709 0.2741271 0.3942739 0.3374754 0.3705623 0.1925431 0.5177807 0.4972786 0.5039675 0.3432487 0.0000000 0.3366017 
MJM2940    0.2139538 0.3216076 0.3566010 0.3340857 0.2515702 0.3293896 0.2781073 0.3871683 0.3629693 0.3368344 0.2586828 0.3366017 0.0000000 
