13
DrolusSFB  0.0000000 0.3449253 0.3429090 0.4186765 0.2624617 0.3093932 0.3216467 0.3518675 0.3834142 0.3680329 0.2711494 0.3602006 0.1611639 
Dino       0.3449253 0.0000000 0.4249268 0.2873830 0.3270106 0.3429433 0.3727634 0.4706589 0.4731653 0.1846528 0.3276807 0.4821356 0.3265656 
MJM3360    0.3429090 0.4249268 0.0000000 0.4892146 0.3414439 0.2592202 0.3728700 0.3954151 0.3804251 0.4114823 0.3440820 0.4168309 0.3377157 
DrobinSFB  0.4186765 0.2873830 0.4892146 0.0000000 0.3926483 0.4054724 0.3943427 0.4761006 0.4857031 0.2960244 0.3843609 0.4694370 0.3839758 
Neam       0.2624617 0.3270106 0.3414439 0.3926483 0.0000000 0.2848739 0.2826425 0.3788053 0.3786922 0.3568300 0.0145645 0.3511772 0.2057308 
RuprSFB    0.3093932 0.3429433 0.2592202 0.4054724 0.2848739 0.0000000 0.3146390 0.3347594 0.3320584 0.3295353 0.2882906 0.3482409 0.2548716 
Retr       0.3216467 0.3727634 0.3728700 0.3943427 0.2826425 0.3146390 0.0000000 0.3877957 0.3571330 0.3472585 0.2826093 0.1773427 0.2698709 
Beta       0.3518675 0.4706589 0.3954151 0.4761006 0.3788053 0.3347594 0.3877957 0.0000000 0.1758764 0.4808125 0.3793609 0.4109478 0.3252125 
Spol       0.3834142 0.4731653 0.3804251 0.4857031 0.3786922 0.3320584 0.3571330 0.1758764 0.0000000 0.4793577 0.3676567 0.3737602 0.3332553 
MJM1652    0.3680329 0.1846528 0.4114823 0.2960244 0.3568300 0.3295353 0.3472585 0.4808125 0.4793577 0.0000000 0.3587319 0.4562195 0.3554950 
NepSFB     0.2711494 0.3276807 0.3440820 0.3843609 0.0145645 0.2882906 0.2826093 0.3793609 0.3676567 0.3587319 0.0000000 0.3535717 0.2059188 
WPYJ       0.3602006 0.4821356 0.4168309 0.4694370 0.3511772 0.3482409 0.1773427 0.4109478 0.3737602 0.4562195 0.3535717 0.0000000 0.3197765 
MJM2940    0.1611639 0.3265656 0.3377157 0.3839758 0.2057308 0.2548716 0.2698709 0.3252125 0.3332553 0.3554950 0.2059188 0.3197765 0.0000000 
