13
DrolusSFB  0.0000000 0.3251407 0.3288160 0.3341451 0.2710845 0.2873762 0.3068736 0.3169978 0.3202498 0.3111575 0.2704367 0.3422580 0.1657971 
Dino       0.3251407 0.0000000 0.3377035 0.1856071 0.2861641 0.3445068 0.3296071 0.3991143 0.3663988 0.1330862 0.2860580 0.4238762 0.2426567 
MJM3360    0.3288160 0.3377035 0.0000000 0.3833612 0.3092984 0.2731827 0.3070456 0.3420199 0.3402838 0.3490283 0.3067338 0.3557966 0.2588119 
DrobinSFB  0.3341451 0.1856071 0.3833612 0.0000000 0.3110825 0.3549233 0.3674755 0.4288621 0.4130196 0.1977561 0.3160834 0.4292630 0.2668222 
Neam       0.2710845 0.2861641 0.3092984 0.3110825 0.0000000 0.2626243 0.2979005 0.3198115 0.3293806 0.2763018 0.0152455 0.3262736 0.1658988 
RuprSFB    0.2873762 0.3445068 0.2731827 0.3549233 0.2626243 0.0000000 0.2851432 0.3032470 0.3380548 0.3032478 0.2648544 0.3522746 0.2202767 
Retr       0.3068736 0.3296071 0.3070456 0.3674755 0.2979005 0.2851432 0.0000000 0.3265049 0.3373246 0.3282058 0.2924908 0.1782400 0.2188891 
Beta       0.3169978 0.3991143 0.3420199 0.4288621 0.3198115 0.3032470 0.3265049 0.0000000 0.0986575 0.3619247 0.3223828 0.3446396 0.2639081 
Spol       0.3202498 0.3663988 0.3402838 0.4130196 0.3293806 0.3380548 0.3373246 0.0986575 0.0000000 0.3518948 0.3320408 0.3912837 0.2732531 
MJM1652    0.3111575 0.1330862 0.3490283 0.1977561 0.2763018 0.3032478 0.3282058 0.3619247 0.3518948 0.0000000 0.2735551 0.3619065 0.2190772 
NepSFB     0.2704367 0.2860580 0.3067338 0.3160834 0.0152455 0.2648544 0.2924908 0.3223828 0.3320408 0.2735551 0.0000000 0.3264895 0.1683275 
WPYJ       0.3422580 0.4238762 0.3557966 0.4292630 0.3262736 0.3522746 0.1782400 0.3446396 0.3912837 0.3619065 0.3264895 0.0000000 0.2881805 
MJM2940    0.1657971 0.2426567 0.2588119 0.2668222 0.1658988 0.2202767 0.2188891 0.2639081 0.2732531 0.2190772 0.1683275 0.2881805 0.0000000 
