13
DrolusSFB  0.0000000 0.3104106 0.3348209 0.3289421 0.2603617 0.3260677 0.3208024 0.4555114 0.4002190 0.3752802 0.2641355 0.3540287 0.1728627 
Dino       0.3104106 0.0000000 0.3361614 0.1421697 0.2159543 0.3317849 0.3604596 0.3867615 0.3716365 0.1560594 0.2260395 0.3359787 0.2557512 
MJM3360    0.3348209 0.3361614 0.0000000 0.2938368 0.3263081 0.2292911 0.3704054 0.3867041 0.3544309 0.4204111 0.3423026 0.3263706 0.3078696 
DrobinSFB  0.3289421 0.1421697 0.2938368 0.0000000 0.2351504 0.2912194 0.3601013 0.3906086 0.3669440 0.1802711 0.2480685 0.3123877 0.2658239 
Neam       0.2603617 0.2159543 0.3263081 0.2351504 0.0000000 0.2714925 0.3122678 0.3084819 0.3443986 0.2670916 0.0176285 0.2787901 0.2014774 
RuprSFB    0.3260677 0.3317849 0.2292911 0.2912194 0.2714925 0.0000000 0.3385990 0.3149662 0.3268256 0.3640791 0.2874595 0.3186433 0.3099940 
Retr       0.3208024 0.3604596 0.3704054 0.3601013 0.3122678 0.3385990 0.0000000 0.4064615 0.3989138 0.3462306 0.3129265 0.1417823 0.3336156 
Beta       0.4555114 0.3867615 0.3867041 0.3906086 0.3084819 0.3149662 0.4064615 0.0000000 0.1835391 0.4419630 0.3254783 0.3519577 0.3590350 
Spol       0.4002190 0.3716365 0.3544309 0.3669440 0.3443986 0.3268256 0.3989138 0.1835391 0.0000000 0.4623962 0.3615055 0.3489032 0.3817297 
MJM1652    0.3752802 0.1560594 0.4204111 0.1802711 0.2670916 0.3640791 0.3462306 0.4419630 0.4623962 0.0000000 0.2863171 0.3203314 0.3061094 
NepSFB     0.2641355 0.2260395 0.3423026 0.2480685 0.0176285 0.2874595 0.3129265 0.3254783 0.3615055 0.2863171 0.0000000 0.2863430 0.2040700 
WPYJ       0.3540287 0.3359787 0.3263706 0.3123877 0.2787901 0.3186433 0.1417823 0.3519577 0.3489032 0.3203314 0.2863430 0.0000000 0.3329396 
MJM2940    0.1728627 0.2557512 0.3078696 0.2658239 0.2014774 0.3099940 0.3336156 0.3590350 0.3817297 0.3061094 0.2040700 0.3329396 0.0000000 
