13
DrolusSFB  0.0000000 0.3124531 0.2964078 0.3256994 0.2798593 0.3759874 0.3548107 0.3672202 0.3920873 0.3709911 0.2826831 0.3872244 0.1926141 
Dino       0.3124531 0.0000000 0.3446724 0.1804061 0.2619509 0.3766249 0.2876534 0.3950211 0.3909243 0.1323894 0.2620233 0.3429265 0.2468110 
MJM3360    0.2964078 0.3446724 0.0000000 0.3349793 0.2567894 0.2063514 0.1580451 0.2448904 0.2632117 0.3122684 0.2454975 0.3165882 0.2442658 
DrobinSFB  0.3256994 0.1804061 0.3349793 0.0000000 0.2709616 0.4022208 0.2954140 0.3963689 0.3914545 0.2151910 0.2665782 0.3624693 0.2651411 
Neam       0.2798593 0.2619509 0.2567894 0.2709616 0.0000000 0.3292411 0.2714550 0.3487921 0.3442623 0.2979207 0.0090370 0.3161609 0.1950252 
RuprSFB    0.3759874 0.3766249 0.2063514 0.4022208 0.3292411 0.0000000 0.3555371 0.3948060 0.4034472 0.3967070 0.3289656 0.3655592 0.3132972 
Retr       0.3548107 0.2876534 0.1580451 0.2954140 0.2714550 0.3555371 0.0000000 0.2970558 0.3048647 0.3050330 0.2659347 0.1476267 0.2453871 
Beta       0.3672202 0.3950211 0.2448904 0.3963689 0.3487921 0.3948060 0.2970558 0.0000000 0.1091718 0.4223016 0.3471213 0.3372436 0.3062380 
Spol       0.3920873 0.3909243 0.2632117 0.3914545 0.3442623 0.4034472 0.3048647 0.1091718 0.0000000 0.4142725 0.3373631 0.3493907 0.3257878 
MJM1652    0.3709911 0.1323894 0.3122684 0.2151910 0.2979207 0.3967070 0.3050330 0.4223016 0.4142725 0.0000000 0.2920604 0.3602212 0.2768555 
NepSFB     0.2826831 0.2620233 0.2454975 0.2665782 0.0090370 0.3289656 0.2659347 0.3471213 0.3373631 0.2920604 0.0000000 0.3176535 0.1960955 
WPYJ       0.3872244 0.3429265 0.3165882 0.3624693 0.3161609 0.3655592 0.1476267 0.3372436 0.3493907 0.3602212 0.3176535 0.0000000 0.2840253 
MJM2940    0.1926141 0.2468110 0.2442658 0.2651411 0.1950252 0.3132972 0.2453871 0.3062380 0.3257878 0.2768555 0.1960955 0.2840253 0.0000000 
