13
DrolusSFB  0.0000000 0.2806005 0.4014393 0.3594357 0.2688179 0.3216012 0.3249102 0.3876268 0.3843252 0.3310402 0.2672867 0.3627113 0.1717769 
Dino       0.2806005 0.0000000 0.3877621 0.1979244 0.2583418 0.3206530 0.3311682 0.3687346 0.3453132 0.1313936 0.2607042 0.3804346 0.2427020 
MJM3360    0.4014393 0.3877621 0.0000000 0.4609879 0.3675024 0.2603011 0.3599091 0.4175401 0.4091818 0.4246546 0.3687356 0.3552815 0.3306112 
DrobinSFB  0.3594357 0.1979244 0.4609879 0.0000000 0.3173779 0.3986359 0.3985870 0.4330097 0.3978842 0.2054641 0.3170604 0.4027130 0.3073573 
Neam       0.2688179 0.2583418 0.3675024 0.3173779 0.0000000 0.2948884 0.2881405 0.3464860 0.3268932 0.2769009 0.0119319 0.3399049 0.1845052 
RuprSFB    0.3216012 0.3206530 0.2603011 0.3986359 0.2948884 0.0000000 0.2921257 0.3593633 0.3300977 0.3511508 0.3030195 0.3149297 0.2702819 
Retr       0.3249102 0.3311682 0.3599091 0.3985870 0.2881405 0.2921257 0.0000000 0.3565316 0.3258304 0.3555898 0.2877864 0.1914802 0.2533019 
Beta       0.3876268 0.3687346 0.4175401 0.4330097 0.3464860 0.3593633 0.3565316 0.0000000 0.1401614 0.4051160 0.3471779 0.3983102 0.3391659 
Spol       0.3843252 0.3453132 0.4091818 0.3978842 0.3268932 0.3300977 0.3258304 0.1401614 0.0000000 0.3712044 0.3257764 0.3900714 0.3207575 
MJM1652    0.3310402 0.1313936 0.4246546 0.2054641 0.2769009 0.3511508 0.3555898 0.4051160 0.3712044 0.0000000 0.2796039 0.3570379 0.2607358 
NepSFB     0.2672867 0.2607042 0.3687356 0.3170604 0.0119319 0.3030195 0.2877864 0.3471779 0.3257764 0.2796039 0.0000000 0.3485423 0.1906221 
WPYJ       0.3627113 0.3804346 0.3552815 0.4027130 0.3399049 0.3149297 0.1914802 0.3983102 0.3900714 0.3570379 0.3485423 0.0000000 0.3094585 
MJM2940    0.1717769 0.2427020 0.3306112 0.3073573 0.1845052 0.2702819 0.2533019 0.3391659 0.3207575 0.2607358 0.1906221 0.3094585 0.0000000 
