13
DrolusSFB  0.0000000 0.2856056 0.3671807 0.2643531 0.2768464 0.3034800 0.3361557 0.2938045 0.3014994 0.3065023 0.2627593 0.2785600 0.1601494 
Dino       0.2856056 0.0000000 0.3586563 0.1678928 0.2683617 0.2959865 0.3167010 0.2853827 0.3036571 0.1436984 0.2559513 0.2311763 0.2426840 
MJM3360    0.3671807 0.3586563 0.0000000 0.3057479 0.3594764 0.2918783 0.4164516 0.3705080 0.3785969 0.3443919 0.3512949 0.2715519 0.3241551 
DrobinSFB  0.2643531 0.1678928 0.3057479 0.0000000 0.2549130 0.2734712 0.3131279 0.2977573 0.3323888 0.1731507 0.2471841 0.2503847 0.2286845 
Neam       0.2768464 0.2683617 0.3594764 0.2549130 0.0000000 0.3076616 0.3019151 0.2968645 0.3096611 0.2862535 0.0360386 0.2427980 0.2080653 
RuprSFB    0.3034800 0.2959865 0.2918783 0.2734712 0.3076616 0.0000000 0.3486902 0.3102114 0.3524126 0.3158919 0.2969247 0.2371084 0.2679079 
Retr       0.3361557 0.3167010 0.4164516 0.3131279 0.3019151 0.3486902 0.0000000 0.3229622 0.3306780 0.3393024 0.3068832 0.1262110 0.2818937 
Beta       0.2938045 0.2853827 0.3705080 0.2977573 0.2968645 0.3102114 0.3229622 0.0000000 0.1006315 0.2922017 0.2875583 0.2732217 0.2633243 
Spol       0.3014994 0.3036571 0.3785969 0.3323888 0.3096611 0.3524126 0.3306780 0.1006315 0.0000000 0.3083994 0.3049797 0.2960950 0.2698457 
MJM1652    0.3065023 0.1436984 0.3443919 0.1731507 0.2862535 0.3158919 0.3393024 0.2922017 0.3083994 0.0000000 0.2730913 0.2385109 0.2424141 
NepSFB     0.2627593 0.2559513 0.3512949 0.2471841 0.0360386 0.2969247 0.3068832 0.2875583 0.3049797 0.2730913 0.0000000 0.2276590 0.1947072 
WPYJ       0.2785600 0.2311763 0.2715519 0.2503847 0.2427980 0.2371084 0.1262110 0.2732217 0.2960950 0.2385109 0.2276590 0.0000000 0.2300265 
MJM2940    0.1601494 0.2426840 0.3241551 0.2286845 0.2080653 0.2679079 0.2818937 0.2633243 0.2698457 0.2424141 0.1947072 0.2300265 0.0000000 
