13
DrolusSFB  0.0000000 0.3486474 0.4477823 0.3775351 0.2879443 0.3792404 0.4162109 0.4313416 0.4682493 0.3907981 0.2869981 0.4372163 0.2279015 
Dino       0.3486474 0.0000000 0.3790657 0.1909474 0.3025668 0.3646222 0.3688439 0.3611206 0.3840426 0.1554683 0.2991755 0.3867217 0.2634525 
MJM3360    0.4477823 0.3790657 0.0000000 0.3528846 0.3818525 0.3268000 0.3974493 0.4628767 0.4446008 0.4219058 0.3908879 0.4118115 0.3455795 
DrobinSFB  0.3775351 0.1909474 0.3528846 0.0000000 0.3141071 0.3725180 0.3813606 0.4313351 0.4418390 0.2328170 0.3176266 0.3838758 0.3028189 
Neam       0.2879443 0.3025668 0.3818525 0.3141071 0.0000000 0.3483810 0.3625820 0.4000400 0.4103898 0.3181710 0.0126587 0.3721629 0.2079787 
RuprSFB    0.3792404 0.3646222 0.3268000 0.3725180 0.3483810 0.0000000 0.3969061 0.3933114 0.4327151 0.4280609 0.3430497 0.3719792 0.3358363 
Retr       0.4162109 0.3688439 0.3974493 0.3813606 0.3625820 0.3969061 0.0000000 0.3770665 0.4180009 0.4001363 0.3682217 0.1827151 0.3012994 
Beta       0.4313416 0.3611206 0.4628767 0.4313351 0.4000400 0.3933114 0.3770665 0.0000000 0.1261383 0.4449513 0.3911973 0.3780972 0.3375568 
Spol       0.4682493 0.3840426 0.4446008 0.4418390 0.4103898 0.4327151 0.4180009 0.1261383 0.0000000 0.4753505 0.4022411 0.4395151 0.3775966 
MJM1652    0.3907981 0.1554683 0.4219058 0.2328170 0.3181710 0.4280609 0.4001363 0.4449513 0.4753505 0.0000000 0.3084702 0.4161431 0.3157535 
NepSFB     0.2869981 0.2991755 0.3908879 0.3176266 0.0126587 0.3430497 0.3682217 0.3911973 0.4022411 0.3084702 0.0000000 0.3637024 0.2063866 
WPYJ       0.4372163 0.3867217 0.4118115 0.3838758 0.3721629 0.3719792 0.1827151 0.3780972 0.4395151 0.4161431 0.3637024 0.0000000 0.3485464 
MJM2940    0.2279015 0.2634525 0.3455795 0.3028189 0.2079787 0.3358363 0.3012994 0.3375568 0.3775966 0.3157535 0.2063866 0.3485464 0.0000000 
