13
DrolusSFB  0.0000000 0.2928396 0.4194048 0.3800081 0.2433646 0.2757906 0.2470179 0.3329911 0.3331440 0.3188879 0.2440074 0.2981010 0.1813429 
Dino       0.2928396 0.0000000 0.4158448 0.2273479 0.2514477 0.2832471 0.2675909 0.3469730 0.3266333 0.1416201 0.2601033 0.2966689 0.2418764 
MJM3360    0.4194048 0.4158448 0.0000000 0.5049181 0.3543578 0.3049490 0.3171289 0.4757980 0.4601864 0.4580941 0.3499525 0.3416524 0.3398932 
DrobinSFB  0.3800081 0.2273479 0.5049181 0.0000000 0.3319739 0.3407215 0.3142631 0.4361121 0.4175516 0.2573168 0.3330134 0.3481940 0.3268154 
Neam       0.2433646 0.2514477 0.3543578 0.3319739 0.0000000 0.2406092 0.2166144 0.3178820 0.3040343 0.2841907 0.0114437 0.2509339 0.1682815 
RuprSFB    0.2757906 0.2832471 0.3049490 0.3407215 0.2406092 0.0000000 0.2567443 0.3265581 0.3157688 0.3034438 0.2426188 0.2870870 0.2249234 
Retr       0.2470179 0.2675909 0.3171289 0.3142631 0.2166144 0.2567443 0.0000000 0.2560772 0.2801598 0.2634262 0.2124191 0.1666048 0.1964331 
Beta       0.3329911 0.3469730 0.4757980 0.4361121 0.3178820 0.3265581 0.2560772 0.0000000 0.1397073 0.3647957 0.3175424 0.2550672 0.2880567 
Spol       0.3331440 0.3266333 0.4601864 0.4175516 0.3040343 0.3157688 0.2801598 0.1397073 0.0000000 0.3664276 0.3036785 0.2989131 0.2846660 
MJM1652    0.3188879 0.1416201 0.4580941 0.2573168 0.2841907 0.3034438 0.2634262 0.3647957 0.3664276 0.0000000 0.2873483 0.3063813 0.2674951 
NepSFB     0.2440074 0.2601033 0.3499525 0.3330134 0.0114437 0.2426188 0.2124191 0.3175424 0.3036785 0.2873483 0.0000000 0.2529518 0.1670679 
WPYJ       0.2981010 0.2966689 0.3416524 0.3481940 0.2509339 0.2870870 0.1666048 0.2550672 0.2989131 0.3063813 0.2529518 0.0000000 0.2442597 
MJM2940    0.1813429 0.2418764 0.3398932 0.3268154 0.1682815 0.2249234 0.1964331 0.2880567 0.2846660 0.2674951 0.1670679 0.2442597 0.0000000 
