13
DrolusSFB  0.0000000 0.2771518 0.4007884 0.3098658 0.2431064 0.3355834 0.3341041 0.3718412 0.3176859 0.3292746 0.2463835 0.3146179 0.1489140 
Dino       0.2771518 0.0000000 0.4105139 0.1865765 0.2660633 0.3579676 0.3527685 0.4385882 0.3697367 0.1415287 0.2659229 0.3479995 0.2291397 
MJM3360    0.4007884 0.4105139 0.0000000 0.4238176 0.3660812 0.3172681 0.4025497 0.5135442 0.4392089 0.4506768 0.3731715 0.4227495 0.3217528 
DrobinSFB  0.3098658 0.1865765 0.4238176 0.0000000 0.3068463 0.3719637 0.3973477 0.4489621 0.3907003 0.2193714 0.2978859 0.3700955 0.2647642 
Neam       0.2431064 0.2660633 0.3660812 0.3068463 0.0000000 0.3187982 0.3451735 0.3951404 0.3242341 0.3125860 0.0122150 0.3285200 0.1779072 
RuprSFB    0.3355834 0.3579676 0.3172681 0.3719637 0.3187982 0.0000000 0.3344778 0.4127288 0.3532018 0.3764478 0.3129408 0.3286393 0.2684430 
Retr       0.3341041 0.3527685 0.4025497 0.3973477 0.3451735 0.3344778 0.0000000 0.4095720 0.3599161 0.3971526 0.3178092 0.1652710 0.2701159 
Beta       0.3718412 0.4385882 0.5135442 0.4489621 0.3951404 0.4127288 0.4095720 0.0000000 0.1431179 0.5181602 0.3753802 0.4101076 0.3274472 
Spol       0.3176859 0.3697367 0.4392089 0.3907003 0.3242341 0.3532018 0.3599161 0.1431179 0.0000000 0.4050343 0.2973034 0.3682273 0.2849912 
MJM1652    0.3292746 0.1415287 0.4506768 0.2193714 0.3125860 0.3764478 0.3971526 0.5181602 0.4050343 0.0000000 0.3118741 0.3672668 0.2786736 
NepSFB     0.2463835 0.2659229 0.3731715 0.2978859 0.0122150 0.3129408 0.3178092 0.3753802 0.2973034 0.3118741 0.0000000 0.3121326 0.1707058 
WPYJ       0.3146179 0.3479995 0.4227495 0.3700955 0.3285200 0.3286393 0.1652710 0.4101076 0.3682273 0.3672668 0.3121326 0.0000000 0.2764801 
MJM2940    0.1489140 0.2291397 0.3217528 0.2647642 0.1779072 0.2684430 0.2701159 0.3274472 0.2849912 0.2786736 0.1707058 0.2764801 0.0000000 
