13
DrolusSFB  0.0000000 0.3529067 0.4179013 0.4157595 0.2424940 0.3702439 0.4200981 0.4429105 0.4106490 0.4248178 0.2496807 0.4433680 0.2181377 
Dino       0.3529067 0.0000000 0.5310590 0.2306425 0.2874239 0.3897767 0.4877831 0.5136236 0.5277304 0.2169730 0.2985778 0.5152429 0.3563244 
MJM3360    0.4179013 0.5310590 0.0000000 0.5258655 0.4131879 0.3824678 0.5933685 0.4883141 0.4298090 0.5131845 0.4099361 0.5995820 0.4073452 
DrobinSFB  0.4157595 0.2306425 0.5258655 0.0000000 0.3529069 0.4297721 0.5818693 0.5601513 0.5658000 0.2831906 0.3714606 0.6115419 0.3873124 
Neam       0.2424940 0.2874239 0.4131879 0.3529069 0.0000000 0.2965454 0.4200306 0.4270699 0.3915104 0.3613320 0.0147482 0.4450686 0.2312183 
RuprSFB    0.3702439 0.3897767 0.3824678 0.4297721 0.2965454 0.0000000 0.4666384 0.4897247 0.4704593 0.4683876 0.3069441 0.5141351 0.3178803 
Retr       0.4200981 0.4877831 0.5933685 0.5818693 0.4200306 0.4666384 0.0000000 0.5165691 0.5223615 0.5736602 0.4457189 0.2390832 0.4436112 
Beta       0.4429105 0.5136236 0.4883141 0.5601513 0.4270699 0.4897247 0.5165691 0.0000000 0.1705799 0.5560757 0.4361376 0.5535799 0.4185436 
Spol       0.4106490 0.5277304 0.4298090 0.5658000 0.3915104 0.4704593 0.5223615 0.1705799 0.0000000 0.5420171 0.3964206 0.5285343 0.3987137 
MJM1652    0.4248178 0.2169730 0.5131845 0.2831906 0.3613320 0.4683876 0.5736602 0.5560757 0.5420171 0.0000000 0.3785234 0.6160471 0.4039279 
NepSFB     0.2496807 0.2985778 0.4099361 0.3714606 0.0147482 0.3069441 0.4457189 0.4361376 0.3964206 0.3785234 0.0000000 0.4765439 0.2381259 
WPYJ       0.4433680 0.5152429 0.5995820 0.6115419 0.4450686 0.5141351 0.2390832 0.5535799 0.5285343 0.6160471 0.4765439 0.0000000 0.4893592 
MJM2940    0.2181377 0.3563244 0.4073452 0.3873124 0.2312183 0.3178803 0.4436112 0.4185436 0.3987137 0.4039279 0.2381259 0.4893592 0.0000000 
