13
DrolusSFB  0.0000000 0.2578730 0.3668563 0.2821576 0.2285591 0.3112203 0.2837647 0.3503271 0.3254440 0.3035199 0.2226322 0.3915392 0.1665681 
Dino       0.2578730 0.0000000 0.3876070 0.1688925 0.2657517 0.3317955 0.3205919 0.3815256 0.3703421 0.1297021 0.2518081 0.4300214 0.2245215 
MJM3360    0.3668563 0.3876070 0.0000000 0.4060196 0.3251425 0.2708870 0.2874716 0.3898043 0.3970948 0.3902754 0.3293439 0.4104731 0.3132243 
DrobinSFB  0.2821576 0.1688925 0.4060196 0.0000000 0.2816668 0.3546669 0.3278675 0.3875905 0.3680418 0.1996033 0.2769516 0.4468624 0.2412439 
Neam       0.2285591 0.2657517 0.3251425 0.2816668 0.0000000 0.2648679 0.2246275 0.3121279 0.3019798 0.3039644 0.0153914 0.3488573 0.1629933 
RuprSFB    0.3112203 0.3317955 0.2708870 0.3546669 0.2648679 0.0000000 0.2693689 0.3480167 0.3344960 0.3588029 0.2654529 0.3945701 0.2617953 
Retr       0.2837647 0.3205919 0.2874716 0.3278675 0.2246275 0.2693689 0.0000000 0.3196226 0.3368160 0.3416927 0.2373734 0.1959692 0.2341695 
Beta       0.3503271 0.3815256 0.3898043 0.3875905 0.3121279 0.3480167 0.3196226 0.0000000 0.1229212 0.4108463 0.3136775 0.4152260 0.3079461 
Spol       0.3254440 0.3703421 0.3970948 0.3680418 0.3019798 0.3344960 0.3368160 0.1229212 0.0000000 0.4176320 0.3035685 0.3985208 0.3006052 
MJM1652    0.3035199 0.1297021 0.3902754 0.1996033 0.3039644 0.3588029 0.3416927 0.4108463 0.4176320 0.0000000 0.2922464 0.4699693 0.2584330 
NepSFB     0.2226322 0.2518081 0.3293439 0.2769516 0.0153914 0.2654529 0.2373734 0.3136775 0.3035685 0.2922464 0.0000000 0.3542010 0.1580333 
WPYJ       0.3915392 0.4300214 0.4104731 0.4468624 0.3488573 0.3945701 0.1959692 0.4152260 0.3985208 0.4699693 0.3542010 0.0000000 0.3368717 
MJM2940    0.1665681 0.2245215 0.3132243 0.2412439 0.1629933 0.2617953 0.2341695 0.3079461 0.3006052 0.2584330 0.1580333 0.3368717 0.0000000 
