13
DrolusSFB  0.0000000 0.2572154 0.3092355 0.2889358 0.2094541 0.2690722 0.3182168 0.3405253 0.3589332 0.2829993 0.2010523 0.3536371 0.1664552 
Dino       0.2572154 0.0000000 0.3373534 0.2042458 0.2183001 0.2684835 0.2914993 0.3237988 0.3529463 0.1404386 0.2087832 0.3399596 0.2095143 
MJM3360    0.3092355 0.3373534 0.0000000 0.3537281 0.3218062 0.2741040 0.3499825 0.3799287 0.4063158 0.3467562 0.3136975 0.3810520 0.3027593 
DrobinSFB  0.2889358 0.2042458 0.3537281 0.0000000 0.3346827 0.3636190 0.3778297 0.4138463 0.4559975 0.2175601 0.2961922 0.3698579 0.2947919 
Neam       0.2094541 0.2183001 0.3218062 0.3346827 0.0000000 0.2325709 0.3261302 0.3064019 0.3089770 0.2771066 0.0093788 0.3751487 0.1502128 
RuprSFB    0.2690722 0.2684835 0.2741040 0.3636190 0.2325709 0.0000000 0.3138312 0.3267719 0.3450826 0.3087551 0.2274934 0.3402225 0.2251459 
Retr       0.3182168 0.2914993 0.3499825 0.3778297 0.3261302 0.3138312 0.0000000 0.3725244 0.4369365 0.3215076 0.2937690 0.1855888 0.2592155 
Beta       0.3405253 0.3237988 0.3799287 0.4138463 0.3064019 0.3267719 0.3725244 0.0000000 0.1162713 0.3572791 0.2905149 0.3867220 0.2842100 
Spol       0.3589332 0.3529463 0.4063158 0.4559975 0.3089770 0.3450826 0.4369365 0.1162713 0.0000000 0.4045172 0.3130816 0.4360447 0.3143444 
MJM1652    0.2829993 0.1404386 0.3467562 0.2175601 0.2771066 0.3087551 0.3215076 0.3572791 0.4045172 0.0000000 0.2507708 0.3527767 0.2521568 
NepSFB     0.2010523 0.2087832 0.3136975 0.2961922 0.0093788 0.2274934 0.2937690 0.2905149 0.3130816 0.2507708 0.0000000 0.3157009 0.1533838 
WPYJ       0.3536371 0.3399596 0.3810520 0.3698579 0.3751487 0.3402225 0.1855888 0.3867220 0.4360447 0.3527767 0.3157009 0.0000000 0.3076183 
MJM2940    0.1664552 0.2095143 0.3027593 0.2947919 0.1502128 0.2251459 0.2592155 0.2842100 0.3143444 0.2521568 0.1533838 0.3076183 0.0000000 
