13
DrolusSFB  0.0000000 0.3177138 0.3803617 0.3682895 0.2313938 0.3521913 0.3380833 0.3718794 0.3431866 0.3088858 0.2281036 0.4732532 0.1710347 
Dino       0.3177138 0.0000000 0.3661631 0.1741526 0.2258508 0.3551490 0.3634342 0.3490729 0.3280313 0.1323979 0.2230893 0.4533015 0.2715128 
MJM3360    0.3803617 0.3661631 0.0000000 0.3870771 0.2868906 0.2690430 0.3314474 0.3849598 0.3154062 0.3769880 0.2844522 0.4318459 0.3039230 
DrobinSFB  0.3682895 0.1741526 0.3870771 0.0000000 0.2628540 0.3772901 0.4029184 0.4311612 0.4036432 0.1870853 0.2554790 0.4878479 0.3180884 
Neam       0.2313938 0.2258508 0.2868906 0.2628540 0.0000000 0.2411704 0.2462272 0.3000347 0.2723272 0.2228573 0.0068962 0.3600416 0.1573221 
RuprSFB    0.3521913 0.3551490 0.2690430 0.3772901 0.2411704 0.0000000 0.2421678 0.3181516 0.2601952 0.3517477 0.2388605 0.3501078 0.2756923 
Retr       0.3380833 0.3634342 0.3314474 0.4029184 0.2462272 0.2421678 0.0000000 0.3449916 0.3229754 0.3303379 0.2449118 0.2454089 0.2932775 
Beta       0.3718794 0.3490729 0.3849598 0.4311612 0.3000347 0.3181516 0.3449916 0.0000000 0.1034278 0.3407746 0.3047193 0.4231209 0.3507057 
Spol       0.3431866 0.3280313 0.3154062 0.4036432 0.2723272 0.2601952 0.3229754 0.1034278 0.0000000 0.3256080 0.2796419 0.3740466 0.3357670 
MJM1652    0.3088858 0.1323979 0.3769880 0.1870853 0.2228573 0.3517477 0.3303379 0.3407746 0.3256080 0.0000000 0.2214251 0.4359626 0.2822820 
NepSFB     0.2281036 0.2230893 0.2844522 0.2554790 0.0068962 0.2388605 0.2449118 0.3047193 0.2796419 0.2214251 0.0000000 0.3593609 0.1607703 
WPYJ       0.4732532 0.4533015 0.4318459 0.4878479 0.3600416 0.3501078 0.2454089 0.4231209 0.3740466 0.4359626 0.3593609 0.0000000 0.4026000 
MJM2940    0.1710347 0.2715128 0.3039230 0.3180884 0.1573221 0.2756923 0.2932775 0.3507057 0.3357670 0.2822820 0.1607703 0.4026000 0.0000000 
