13
DrolusSFB  0.0000000 0.2589762 0.3674355 0.2787381 0.2244714 0.3199610 0.3266079 0.3929709 0.4003323 0.2820694 0.2252784 0.3685933 0.1664587 
Dino       0.2589762 0.0000000 0.3898725 0.1797854 0.2323693 0.3543312 0.3295226 0.3982310 0.4210684 0.1767818 0.2248806 0.3562201 0.2376483 
MJM3360    0.3674355 0.3898725 0.0000000 0.4234657 0.3115694 0.2627463 0.3227551 0.4403246 0.4482510 0.4365824 0.3127054 0.3438146 0.3203500 
DrobinSFB  0.2787381 0.1797854 0.4234657 0.0000000 0.2594622 0.3705308 0.3679401 0.3969429 0.3952967 0.2329874 0.2599536 0.3714737 0.2463888 
Neam       0.2244714 0.2323693 0.3115694 0.2594622 0.0000000 0.2693919 0.2902932 0.3574734 0.3863945 0.2494885 0.0108506 0.3278772 0.1769363 
RuprSFB    0.3199610 0.3543312 0.2627463 0.3705308 0.2693919 0.0000000 0.3434876 0.3900705 0.3770940 0.3825109 0.2703652 0.3620960 0.2938993 
Retr       0.3266079 0.3295226 0.3227551 0.3679401 0.2902932 0.3434876 0.0000000 0.3693619 0.3880846 0.3414710 0.2910422 0.1936242 0.3043051 
Beta       0.3929709 0.3982310 0.4403246 0.3969429 0.3574734 0.3900705 0.3693619 0.0000000 0.1423111 0.4286427 0.3568864 0.4119425 0.3658878 
Spol       0.4003323 0.4210684 0.4482510 0.3952967 0.3863945 0.3770940 0.3880846 0.1423111 0.0000000 0.4489644 0.3852119 0.4054131 0.3657245 
MJM1652    0.2820694 0.1767818 0.4365824 0.2329874 0.2494885 0.3825109 0.3414710 0.4286427 0.4489644 0.0000000 0.2494547 0.3719963 0.2589940 
NepSFB     0.2252784 0.2248806 0.3127054 0.2599536 0.0108506 0.2703652 0.2910422 0.3568864 0.3852119 0.2494547 0.0000000 0.3212518 0.1805715 
WPYJ       0.3685933 0.3562201 0.3438146 0.3714737 0.3278772 0.3620960 0.1936242 0.4119425 0.4054131 0.3719963 0.3212518 0.0000000 0.3417476 
MJM2940    0.1664587 0.2376483 0.3203500 0.2463888 0.1769363 0.2938993 0.3043051 0.3658878 0.3657245 0.2589940 0.1805715 0.3417476 0.0000000 
