13
DrolusSFB  0.0000000 0.1893365 0.3210010 0.2343050 0.1849099 0.2668407 0.2740018 0.2421395 0.2670867 0.2278128 0.1917679 0.2575056 0.1351292 
Dino       0.1893365 0.0000000 0.3233270 0.1758007 0.1907433 0.2626925 0.2938458 0.2886058 0.3083926 0.1475539 0.1950395 0.3135213 0.1613862 
MJM3360    0.3210010 0.3233270 0.0000000 0.3676404 0.3444781 0.2459029 0.3348294 0.3369810 0.3409326 0.3752352 0.3615158 0.3390569 0.3082574 
DrobinSFB  0.2343050 0.1758007 0.3676404 0.0000000 0.2155576 0.3161237 0.3315697 0.3131241 0.3312302 0.2037908 0.2221092 0.3399245 0.2219273 
Neam       0.1849099 0.1907433 0.3444781 0.2155576 0.0000000 0.2648638 0.2733566 0.2751782 0.2808555 0.2138179 0.0129084 0.2781751 0.1751183 
RuprSFB    0.2668407 0.2626925 0.2459029 0.3161237 0.2648638 0.0000000 0.2453939 0.2936190 0.2878856 0.3150888 0.2740582 0.2857681 0.2318144 
Retr       0.2740018 0.2938458 0.3348294 0.3315697 0.2733566 0.2453939 0.0000000 0.3080317 0.3187387 0.3584939 0.2808825 0.1671153 0.2472276 
Beta       0.2421395 0.2886058 0.3369810 0.3131241 0.2751782 0.2936190 0.3080317 0.0000000 0.1157519 0.3243652 0.2808100 0.2689125 0.2582638 
Spol       0.2670867 0.3083926 0.3409326 0.3312302 0.2808555 0.2878856 0.3187387 0.1157519 0.0000000 0.3280896 0.2900841 0.2926640 0.2583266 
MJM1652    0.2278128 0.1475539 0.3752352 0.2037908 0.2138179 0.3150888 0.3584939 0.3243652 0.3280896 0.0000000 0.2207647 0.3767304 0.2161582 
NepSFB     0.1917679 0.1950395 0.3615158 0.2221092 0.0129084 0.2740582 0.2808825 0.2808100 0.2900841 0.2207647 0.0000000 0.2871039 0.1817314 
WPYJ       0.2575056 0.3135213 0.3390569 0.3399245 0.2781751 0.2857681 0.1671153 0.2689125 0.2926640 0.3767304 0.2871039 0.0000000 0.2285186 
MJM2940    0.1351292 0.1613862 0.3082574 0.2219273 0.1751183 0.2318144 0.2472276 0.2582638 0.2583266 0.2161582 0.1817314 0.2285186 0.0000000 
