13
DrolusSFB  0.0000000 0.2910655 0.3972476 0.3112955 0.2227696 0.3927528 0.3717237 0.3587319 0.3759837 0.2922397 0.2269053 0.3653860 0.1839292 
Dino       0.2910655 0.0000000 0.3944773 0.1345544 0.2372775 0.4227778 0.4054980 0.3876090 0.3763737 0.1328131 0.2452167 0.3646172 0.2716122 
MJM3360    0.3972476 0.3944773 0.0000000 0.4062698 0.3602674 0.3258346 0.4416155 0.4225609 0.4516303 0.3785361 0.3637165 0.4434508 0.3577866 
DrobinSFB  0.3112955 0.1345544 0.4062698 0.0000000 0.2940603 0.4470274 0.4225223 0.4125579 0.4101336 0.1803409 0.2950116 0.4060142 0.3172935 
Neam       0.2227696 0.2372775 0.3602674 0.2940603 0.0000000 0.3685960 0.3225616 0.3320451 0.3481006 0.2626925 0.0121155 0.3443717 0.1687527 
RuprSFB    0.3927528 0.4227778 0.3258346 0.4470274 0.3685960 0.0000000 0.4220571 0.4392138 0.4519097 0.4225552 0.3579578 0.4255617 0.3392145 
Retr       0.3717237 0.4054980 0.4416155 0.4225223 0.3225616 0.4220571 0.0000000 0.3952772 0.4051362 0.4296278 0.3217886 0.1899539 0.3158505 
Beta       0.3587319 0.3876090 0.4225609 0.4125579 0.3320451 0.4392138 0.3952772 0.0000000 0.1281958 0.3973666 0.3317327 0.4285449 0.3130400 
Spol       0.3759837 0.3763737 0.4516303 0.4101336 0.3481006 0.4519097 0.4051362 0.1281958 0.0000000 0.4140724 0.3443588 0.4269054 0.3425340 
MJM1652    0.2922397 0.1328131 0.3785361 0.1803409 0.2626925 0.4225552 0.4296278 0.3973666 0.4140724 0.0000000 0.2666536 0.3990393 0.2896725 
NepSFB     0.2269053 0.2452167 0.3637165 0.2950116 0.0121155 0.3579578 0.3217886 0.3317327 0.3443588 0.2666536 0.0000000 0.3422972 0.1729665 
WPYJ       0.3653860 0.3646172 0.4434508 0.4060142 0.3443717 0.4255617 0.1899539 0.4285449 0.4269054 0.3990393 0.3422972 0.0000000 0.3406294 
MJM2940    0.1839292 0.2716122 0.3577866 0.3172935 0.1687527 0.3392145 0.3158505 0.3130400 0.3425340 0.2896725 0.1729665 0.3406294 0.0000000 
