13
DrolusSFB  0.0000000 0.3078578 0.4221488 0.3369938 0.2615319 0.3507479 0.3452790 0.3667907 0.3953411 0.3570275 0.2626448 0.4386249 0.2053328 
Dino       0.3078578 0.0000000 0.3909251 0.2255845 0.2690601 0.3603208 0.3463090 0.3614929 0.3892024 0.1967010 0.2699102 0.4063942 0.2935091 
MJM3360    0.4221488 0.3909251 0.0000000 0.4111425 0.3740114 0.3555581 0.3944513 0.4427205 0.4535284 0.4402612 0.3716557 0.4400629 0.4059847 
DrobinSFB  0.3369938 0.2255845 0.4111425 0.0000000 0.3181115 0.3796518 0.3966007 0.3829529 0.4052912 0.2540891 0.3093721 0.4687245 0.3008122 
Neam       0.2615319 0.2690601 0.3740114 0.3181115 0.0000000 0.3030772 0.2974737 0.3391081 0.3693586 0.3228696 0.0119058 0.3518517 0.2354878 
RuprSFB    0.3507479 0.3603208 0.3555581 0.3796518 0.3030772 0.0000000 0.3650250 0.3769317 0.4421840 0.3999021 0.2993664 0.3816640 0.3498323 
Retr       0.3452790 0.3463090 0.3944513 0.3966007 0.2974737 0.3650250 0.0000000 0.3330302 0.3835049 0.3810904 0.2984498 0.1642005 0.3133663 
Beta       0.3667907 0.3614929 0.4427205 0.3829529 0.3391081 0.3769317 0.3330302 0.0000000 0.1572905 0.3838442 0.3350044 0.4171184 0.2961844 
Spol       0.3953411 0.3892024 0.4535284 0.4052912 0.3693586 0.4421840 0.3835049 0.1572905 0.0000000 0.3994286 0.3646702 0.4347340 0.3412026 
MJM1652    0.3570275 0.1967010 0.4402612 0.2540891 0.3228696 0.3999021 0.3810904 0.3838442 0.3994286 0.0000000 0.3214248 0.4310898 0.3360721 
NepSFB     0.2626448 0.2699102 0.3716557 0.3093721 0.0119058 0.2993664 0.2984498 0.3350044 0.3646702 0.3214248 0.0000000 0.3518644 0.2349087 
WPYJ       0.4386249 0.4063942 0.4400629 0.4687245 0.3518517 0.3816640 0.1642005 0.4171184 0.4347340 0.4310898 0.3518644 0.0000000 0.3957438 
MJM2940    0.2053328 0.2935091 0.4059847 0.3008122 0.2354878 0.3498323 0.3133663 0.2961844 0.3412026 0.3360721 0.2349087 0.3957438 0.0000000 
