13
DrolusSFB  0.0000000 0.2856748 0.4454252 0.3402035 0.2256288 0.3192312 0.2962945 0.3641859 0.3660959 0.3373342 0.2298327 0.3881427 0.1726142 
Dino       0.2856748 0.0000000 0.5111198 0.1869831 0.2582562 0.3432938 0.2932714 0.4737166 0.4059865 0.1519046 0.2562730 0.3651223 0.3107012 
MJM3360    0.4454252 0.5111198 0.0000000 0.5687386 0.4505299 0.3413034 0.4117871 0.4460266 0.4654687 0.5161450 0.4580291 0.5013315 0.4253157 
DrobinSFB  0.3402035 0.1869831 0.5687386 0.0000000 0.2819612 0.4148696 0.3734955 0.4744193 0.4416181 0.2265682 0.2878860 0.4227319 0.3103203 
Neam       0.2256288 0.2582562 0.4505299 0.2819612 0.0000000 0.3036822 0.2833664 0.4019920 0.3960598 0.3148015 0.0145582 0.3306169 0.2438714 
RuprSFB    0.3192312 0.3432938 0.3413034 0.4148696 0.3036822 0.0000000 0.3239385 0.3778488 0.3875019 0.3700379 0.3116299 0.3764588 0.2760750 
Retr       0.2962945 0.2932714 0.4117871 0.3734955 0.2833664 0.3239385 0.0000000 0.2909610 0.3162082 0.3253941 0.2901336 0.2068620 0.2739594 
Beta       0.3641859 0.4737166 0.4460266 0.4744193 0.4019920 0.3778488 0.2909610 0.0000000 0.1842624 0.4712890 0.4037367 0.3733311 0.3769986 
Spol       0.3660959 0.4059865 0.4654687 0.4416181 0.3960598 0.3875019 0.3162082 0.1842624 0.0000000 0.4425219 0.4001942 0.4015172 0.3884665 
MJM1652    0.3373342 0.1519046 0.5161450 0.2265682 0.3148015 0.3700379 0.3253941 0.4712890 0.4425219 0.0000000 0.3087984 0.4018244 0.3408084 
NepSFB     0.2298327 0.2562730 0.4580291 0.2878860 0.0145582 0.3116299 0.2901336 0.4037367 0.4001942 0.3087984 0.0000000 0.3397930 0.2469323 
WPYJ       0.3881427 0.3651223 0.5013315 0.4227319 0.3306169 0.3764588 0.2068620 0.3733311 0.4015172 0.4018244 0.3397930 0.0000000 0.3358634 
MJM2940    0.1726142 0.3107012 0.4253157 0.3103203 0.2438714 0.2760750 0.2739594 0.3769986 0.3884665 0.3408084 0.2469323 0.3358634 0.0000000 
