13
DrolusSFB  0.0000000 0.3041792 0.3459925 0.3144483 0.2465973 0.2755533 0.2927221 0.3426742 0.3535971 0.3854865 0.2396993 0.3225329 0.1725671 
Dino       0.3041792 0.0000000 0.3444334 0.1418110 0.2612792 0.3017162 0.3208926 0.3199741 0.3320140 0.1413478 0.2518306 0.4017151 0.2547743 
MJM3360    0.3459925 0.3444334 0.0000000 0.3677655 0.2949306 0.2421852 0.3176261 0.3414141 0.3507329 0.3840667 0.2919811 0.3576252 0.2900705 
DrobinSFB  0.3144483 0.1418110 0.3677655 0.0000000 0.2912486 0.3273657 0.3470913 0.3406428 0.3602753 0.1835900 0.2865295 0.4349384 0.2786078 
Neam       0.2465973 0.2612792 0.2949306 0.2912486 0.0000000 0.2365160 0.2675667 0.3357084 0.3398688 0.3432249 0.0112968 0.3230957 0.1924643 
RuprSFB    0.2755533 0.3017162 0.2421852 0.3273657 0.2365160 0.0000000 0.2906493 0.2871325 0.3057660 0.3242405 0.2277565 0.3073163 0.2246159 
Retr       0.2927221 0.3208926 0.3176261 0.3470913 0.2675667 0.2906493 0.0000000 0.3037137 0.3250146 0.3751810 0.2585165 0.2037568 0.2427526 
Beta       0.3426742 0.3199741 0.3414141 0.3406428 0.3357084 0.2871325 0.3037137 0.0000000 0.1419928 0.4375326 0.3239584 0.3471086 0.3150174 
Spol       0.3535971 0.3320140 0.3507329 0.3602753 0.3398688 0.3057660 0.3250146 0.1419928 0.0000000 0.4435358 0.3283489 0.3801623 0.3418982 
MJM1652    0.3854865 0.1413478 0.3840667 0.1835900 0.3432249 0.3242405 0.3751810 0.4375326 0.4435358 0.0000000 0.3368025 0.4515841 0.3296034 
NepSFB     0.2396993 0.2518306 0.2919811 0.2865295 0.0112968 0.2277565 0.2585165 0.3239584 0.3283489 0.3368025 0.0000000 0.3065258 0.1834775 
WPYJ       0.3225329 0.4017151 0.3576252 0.4349384 0.3230957 0.3073163 0.2037568 0.3471086 0.3801623 0.4515841 0.3065258 0.0000000 0.2871730 
MJM2940    0.1725671 0.2547743 0.2900705 0.2786078 0.1924643 0.2246159 0.2427526 0.3150174 0.3418982 0.3296034 0.1834775 0.2871730 0.0000000 
