13
DrolusSFB  0.0000000 0.3562381 0.2993991 0.2612997 0.2677235 0.2745606 0.3526257 0.4009518 0.4040343 0.3745583 0.2783626 0.3490313 0.2051526 
Dino       0.3562381 0.0000000 0.3984110 0.1432176 0.3108854 0.2800284 0.3882020 0.4851141 0.4387137 0.1684042 0.3152561 0.4357305 0.2797426 
MJM3360    0.2993991 0.3984110 0.0000000 0.3585442 0.2823663 0.2972002 0.2924422 0.3052485 0.2903005 0.3750546 0.2886870 0.3870359 0.2881590 
DrobinSFB  0.2612997 0.1432176 0.3585442 0.0000000 0.2625188 0.2953785 0.2962630 0.3713607 0.3597885 0.1752232 0.2708125 0.3609522 0.2452381 
Neam       0.2677235 0.3108854 0.2823663 0.2625188 0.0000000 0.2562060 0.3011027 0.3420732 0.3109891 0.3571381 0.0092127 0.3511277 0.1815818 
RuprSFB    0.2745606 0.2800284 0.2972002 0.2953785 0.2562060 0.0000000 0.2721318 0.3111678 0.2991274 0.2957862 0.2671665 0.3133104 0.2467007 
Retr       0.3526257 0.3882020 0.2924422 0.2962630 0.3011027 0.2721318 0.0000000 0.3053070 0.3266667 0.4039787 0.3148908 0.1903622 0.2806225 
Beta       0.4009518 0.4851141 0.3052485 0.3713607 0.3420732 0.3111678 0.3053070 0.0000000 0.1436389 0.4919350 0.3510522 0.3986937 0.3486093 
Spol       0.4040343 0.4387137 0.2903005 0.3597885 0.3109891 0.2991274 0.3266667 0.1436389 0.0000000 0.4789619 0.3159898 0.3778181 0.3219192 
MJM1652    0.3745583 0.1684042 0.3750546 0.1752232 0.3571381 0.2957862 0.4039787 0.4919350 0.4789619 0.0000000 0.3620898 0.4627137 0.3123433 
NepSFB     0.2783626 0.3152561 0.2886870 0.2708125 0.0092127 0.2671665 0.3148908 0.3510522 0.3159898 0.3620898 0.0000000 0.3687594 0.1936019 
WPYJ       0.3490313 0.4357305 0.3870359 0.3609522 0.3511277 0.3133104 0.1903622 0.3986937 0.3778181 0.4627137 0.3687594 0.0000000 0.3442583 
MJM2940    0.2051526 0.2797426 0.2881590 0.2452381 0.1815818 0.2467007 0.2806225 0.3486093 0.3219192 0.3123433 0.1936019 0.3442583 0.0000000 
