13
DrolusSFB  0.0000000 0.3830216 0.2977061 0.3047938 0.2621886 0.3433146 0.3349354 0.2724740 0.2735544 0.2971965 0.2665334 0.3308921 0.1983063 
Dino       0.3830216 0.0000000 0.3068258 0.2256749 0.2837363 0.4057675 0.4795289 0.2773161 0.3436260 0.1391782 0.2861394 0.4550357 0.3176262 
MJM3360    0.2977061 0.3068258 0.0000000 0.3098478 0.2536645 0.2439174 0.3073726 0.2741637 0.2887970 0.2689984 0.2602399 0.2788222 0.2430472 
DrobinSFB  0.3047938 0.2256749 0.3098478 0.0000000 0.2582630 0.3607771 0.3246422 0.3047400 0.3014221 0.1970174 0.2689476 0.3562961 0.2409225 
Neam       0.2621886 0.2837363 0.2536645 0.2582630 0.0000000 0.2785134 0.2859413 0.2172663 0.2543006 0.2081067 0.0114012 0.2844092 0.1880973 
RuprSFB    0.3433146 0.4057675 0.2439174 0.3607771 0.2785134 0.0000000 0.3007817 0.3262940 0.3713536 0.3227121 0.2866322 0.2828534 0.3003093 
Retr       0.3349354 0.4795289 0.3073726 0.3246422 0.2859413 0.3007817 0.0000000 0.2380549 0.2410932 0.2981836 0.2892087 0.1577161 0.2758018 
Beta       0.2724740 0.2773161 0.2741637 0.3047400 0.2172663 0.3262940 0.2380549 0.0000000 0.1201988 0.2356850 0.2283764 0.2526679 0.2191799 
Spol       0.2735544 0.3436260 0.2887970 0.3014221 0.2543006 0.3713536 0.2410932 0.1201988 0.0000000 0.2794740 0.2665456 0.3103204 0.2330419 
MJM1652    0.2971965 0.1391782 0.2689984 0.1970174 0.2081067 0.3227121 0.2981836 0.2356850 0.2794740 0.0000000 0.2252743 0.3386266 0.2238962 
NepSFB     0.2665334 0.2861394 0.2602399 0.2689476 0.0114012 0.2866322 0.2892087 0.2283764 0.2665456 0.2252743 0.0000000 0.2865534 0.1983588 
WPYJ       0.3308921 0.4550357 0.2788222 0.3562961 0.2844092 0.2828534 0.1577161 0.2526679 0.3103204 0.3386266 0.2865534 0.0000000 0.2716543 
MJM2940    0.1983063 0.3176262 0.2430472 0.2409225 0.1880973 0.3003093 0.2758018 0.2191799 0.2330419 0.2238962 0.1983588 0.2716543 0.0000000 
