13
DrolusSFB  0.0000000 0.2672547 0.3907730 0.3150388 0.2194424 0.3453411 0.3786734 0.3569414 0.3732062 0.3005803 0.2264985 0.3446205 0.1762330 
Dino       0.2672547 0.0000000 0.3912632 0.1919726 0.2205956 0.3536706 0.3594294 0.3714758 0.3575528 0.1344088 0.2223179 0.3664663 0.2491708 
MJM3360    0.3907730 0.3912632 0.0000000 0.4560111 0.3343534 0.2884154 0.4166330 0.3975175 0.4192132 0.4338802 0.3482255 0.4258293 0.3782497 
DrobinSFB  0.3150388 0.1919726 0.4560111 0.0000000 0.2659977 0.4207358 0.4251390 0.4344412 0.4342653 0.2289550 0.2770392 0.4343849 0.2855304 
Neam       0.2194424 0.2205956 0.3343534 0.2659977 0.0000000 0.3144294 0.2826585 0.3089126 0.3089715 0.2589595 0.0087902 0.3113207 0.2089461 
RuprSFB    0.3453411 0.3536706 0.2884154 0.4207358 0.3144294 0.0000000 0.3897248 0.3945716 0.3983886 0.3861367 0.3169545 0.4268421 0.3772888 
Retr       0.3786734 0.3594294 0.4166330 0.4251390 0.2826585 0.3897248 0.0000000 0.3986183 0.4146133 0.3846814 0.2999188 0.1748115 0.3428727 
Beta       0.3569414 0.3714758 0.3975175 0.4344412 0.3089126 0.3945716 0.3986183 0.0000000 0.1154043 0.4003150 0.3094746 0.4042846 0.3262144 
Spol       0.3732062 0.3575528 0.4192132 0.4342653 0.3089715 0.3983886 0.4146133 0.1154043 0.0000000 0.3998985 0.3099677 0.4469639 0.3501759 
MJM1652    0.3005803 0.1344088 0.4338802 0.2289550 0.2589595 0.3861367 0.3846814 0.4003150 0.3998985 0.0000000 0.2633557 0.4134202 0.2759445 
NepSFB     0.2264985 0.2223179 0.3482255 0.2770392 0.0087902 0.3169545 0.2999188 0.3094746 0.3099677 0.2633557 0.0000000 0.3175205 0.2112495 
WPYJ       0.3446205 0.3664663 0.4258293 0.4343849 0.3113207 0.4268421 0.1748115 0.4042846 0.4469639 0.4134202 0.3175205 0.0000000 0.3396902 
MJM2940    0.1762330 0.2491708 0.3782497 0.2855304 0.2089461 0.3772888 0.3428727 0.3262144 0.3501759 0.2759445 0.2112495 0.3396902 0.0000000 
