13
DrolusSFB  0.0000000 0.2409557 0.3176281 0.3181970 0.2217006 0.2736371 0.2595588 0.3143593 0.2902523 0.2856838 0.2226071 0.3081354 0.1765197 
Dino       0.2409557 0.0000000 0.3042128 0.1953686 0.2080361 0.2715514 0.2514549 0.2952147 0.2753196 0.0976758 0.2066691 0.2815692 0.1912230 
MJM3360    0.3176281 0.3042128 0.0000000 0.3845741 0.2866568 0.2105948 0.3301230 0.3320276 0.3330837 0.3160123 0.2875643 0.3314064 0.2501613 
DrobinSFB  0.3181970 0.1953686 0.3845741 0.0000000 0.3186491 0.3374552 0.3299524 0.3621976 0.3478451 0.2173753 0.3195373 0.3593420 0.2866280 
Neam       0.2217006 0.2080361 0.2866568 0.3186491 0.0000000 0.2301037 0.2327407 0.2515305 0.2459804 0.2491698 0.0052297 0.2682465 0.1540281 
RuprSFB    0.2736371 0.2715514 0.2105948 0.3374552 0.2301037 0.0000000 0.2675159 0.2798981 0.2917406 0.2806353 0.2297224 0.2984333 0.2102108 
Retr       0.2595588 0.2514549 0.3301230 0.3299524 0.2327407 0.2675159 0.0000000 0.2679932 0.2593061 0.2627301 0.2301792 0.1571294 0.2072850 
Beta       0.3143593 0.2952147 0.3320276 0.3621976 0.2515305 0.2798981 0.2679932 0.0000000 0.1189090 0.3103633 0.2511672 0.3122292 0.2350561 
Spol       0.2902523 0.2753196 0.3330837 0.3478451 0.2459804 0.2917406 0.2593061 0.1189090 0.0000000 0.2936564 0.2493304 0.2920195 0.2487339 
MJM1652    0.2856838 0.0976758 0.3160123 0.2173753 0.2491698 0.2806353 0.2627301 0.3103633 0.2936564 0.0000000 0.2476093 0.3049604 0.2235173 
NepSFB     0.2226071 0.2066691 0.2875643 0.3195373 0.0052297 0.2297224 0.2301792 0.2511672 0.2493304 0.2476093 0.0000000 0.2690903 0.1559356 
WPYJ       0.3081354 0.2815692 0.3314064 0.3593420 0.2682465 0.2984333 0.1571294 0.3122292 0.2920195 0.3049604 0.2690903 0.0000000 0.2523458 
MJM2940    0.1765197 0.1912230 0.2501613 0.2866280 0.1540281 0.2102108 0.2072850 0.2350561 0.2487339 0.2235173 0.1559356 0.2523458 0.0000000 
