13
DrolusSFB  0.0000000 0.2691619 0.3440259 0.3156652 0.2701487 0.2809226 0.3239056 0.3518800 0.3926697 0.2876361 0.2561572 0.4130701 0.1971547 
Dino       0.2691619 0.0000000 0.2850803 0.1802351 0.2335322 0.2868327 0.3243057 0.2940826 0.3392591 0.1767403 0.2254102 0.3489979 0.2152148 
MJM3360    0.3440259 0.2850803 0.0000000 0.3342525 0.2855798 0.2250000 0.2891867 0.3419894 0.3659334 0.3197503 0.2746884 0.3412038 0.2793324 
DrobinSFB  0.3156652 0.1802351 0.3342525 0.0000000 0.2846755 0.3547306 0.3766340 0.3462924 0.4029816 0.2072426 0.2726180 0.3821353 0.2720240 
Neam       0.2701487 0.2335322 0.2855798 0.2846755 0.0000000 0.2500196 0.3024637 0.3416646 0.3576652 0.2602748 0.0099055 0.3603739 0.2116000 
RuprSFB    0.2809226 0.2868327 0.2250000 0.3547306 0.2500196 0.0000000 0.2815235 0.3237218 0.3593669 0.2942477 0.2449945 0.3564845 0.2413151 
Retr       0.3239056 0.3243057 0.2891867 0.3766340 0.3024637 0.2815235 0.0000000 0.3369240 0.3566750 0.3428645 0.2941448 0.1850453 0.2548005 
Beta       0.3518800 0.2940826 0.3419894 0.3462924 0.3416646 0.3237218 0.3369240 0.0000000 0.0945880 0.3444051 0.3276324 0.3545556 0.2861641 
Spol       0.3926697 0.3392591 0.3659334 0.4029816 0.3576652 0.3593669 0.3566750 0.0945880 0.0000000 0.3893641 0.3582897 0.3977469 0.3206127 
MJM1652    0.2876361 0.1767403 0.3197503 0.2072426 0.2602748 0.2942477 0.3428645 0.3444051 0.3893641 0.0000000 0.2485975 0.4141362 0.2195874 
NepSFB     0.2561572 0.2254102 0.2746884 0.2726180 0.0099055 0.2449945 0.2941448 0.3276324 0.3582897 0.2485975 0.0000000 0.3549835 0.2023286 
WPYJ       0.4130701 0.3489979 0.3412038 0.3821353 0.3603739 0.3564845 0.1850453 0.3545556 0.3977469 0.4141362 0.3549835 0.0000000 0.3140081 
MJM2940    0.1971547 0.2152148 0.2793324 0.2720240 0.2116000 0.2413151 0.2548005 0.2861641 0.3206127 0.2195874 0.2023286 0.3140081 0.0000000 
