13
DrolusSFB  0.0000000 0.2228515 0.4140414 0.2745417 0.2053517 0.3525689 0.3365791 0.2902740 0.3144235 0.2949462 0.2112262 0.3535537 0.1465109 
Dino       0.2228515 0.0000000 0.3782150 0.1431767 0.1863675 0.3317435 0.3264145 0.2696135 0.2748419 0.1136009 0.1898757 0.3711747 0.1784293 
MJM3360    0.4140414 0.3782150 0.0000000 0.4429993 0.3704706 0.3518184 0.4663733 0.4295814 0.4443234 0.4279937 0.3765764 0.4837223 0.3669013 
DrobinSFB  0.2745417 0.1431767 0.4429993 0.0000000 0.2180918 0.3824515 0.3446168 0.2855157 0.2802586 0.1984168 0.2246943 0.3800098 0.2200175 
Neam       0.2053517 0.1863675 0.3704706 0.2180918 0.0000000 0.2660281 0.2669877 0.2154335 0.2319501 0.2262854 0.0082655 0.2933526 0.1470732 
RuprSFB    0.3525689 0.3317435 0.3518184 0.3824515 0.2660281 0.0000000 0.3784268 0.3358587 0.3296177 0.4030209 0.2729645 0.3820231 0.3188521 
Retr       0.3365791 0.3264145 0.4663733 0.3446168 0.2669877 0.3784268 0.0000000 0.3230638 0.3222762 0.3775785 0.2750348 0.1682299 0.2780637 
Beta       0.2902740 0.2696135 0.4295814 0.2855157 0.2154335 0.3358587 0.3230638 0.0000000 0.1287942 0.3266833 0.2160353 0.3803561 0.2293944 
Spol       0.3144235 0.2748419 0.4443234 0.2802586 0.2319501 0.3296177 0.3222762 0.1287942 0.0000000 0.2839813 0.2326298 0.3773704 0.2342370 
MJM1652    0.2949462 0.1136009 0.4279937 0.1984168 0.2262854 0.4030209 0.3775785 0.3266833 0.2839813 0.0000000 0.2335369 0.3815669 0.2305090 
NepSFB     0.2112262 0.1898757 0.3765764 0.2246943 0.0082655 0.2729645 0.2750348 0.2160353 0.2326298 0.2335369 0.0000000 0.3052860 0.1534154 
WPYJ       0.3535537 0.3711747 0.4837223 0.3800098 0.2933526 0.3820231 0.1682299 0.3803561 0.3773704 0.3815669 0.3052860 0.0000000 0.3133386 
MJM2940    0.1465109 0.1784293 0.3669013 0.2200175 0.1470732 0.3188521 0.2780637 0.2293944 0.2342370 0.2305090 0.1534154 0.3133386 0.0000000 
