13
DrolusSFB  0.0000000 0.3930450 0.4721427 0.3769426 0.3699629 0.4145130 0.4984591 0.4668479 0.5374530 0.4013923 0.3851141 0.5047925 0.2584446 
Dino       0.3930450 0.0000000 0.4474762 0.2183653 0.3341810 0.3810567 0.4671006 0.4825544 0.4853993 0.1889077 0.3413102 0.4756431 0.3055202 
MJM3360    0.4721427 0.4474762 0.0000000 0.4381192 0.3880661 0.3224234 0.4655903 0.4406424 0.4527960 0.4181476 0.3880250 0.4704777 0.3467534 
DrobinSFB  0.3769426 0.2183653 0.4381192 0.0000000 0.3353937 0.4107440 0.4588044 0.4684197 0.5007715 0.2337955 0.3464637 0.4699657 0.3329997 
Neam       0.3699629 0.3341810 0.3880661 0.3353937 0.0000000 0.3356867 0.5030709 0.4399517 0.4528150 0.3698502 0.0179529 0.4620838 0.2512390 
RuprSFB    0.4145130 0.3810567 0.3224234 0.4107440 0.3356867 0.0000000 0.3859476 0.3869700 0.4146798 0.3503212 0.3387831 0.3994285 0.3367230 
Retr       0.4984591 0.4671006 0.4655903 0.4588044 0.5030709 0.3859476 0.0000000 0.4703107 0.4940622 0.4780575 0.5124416 0.2615999 0.4499202 
Beta       0.4668479 0.4825544 0.4406424 0.4684197 0.4399517 0.3869700 0.4703107 0.0000000 0.2014911 0.4997946 0.4461442 0.4817527 0.4362536 
Spol       0.5374530 0.4853993 0.4527960 0.5007715 0.4528150 0.4146798 0.4940622 0.2014911 0.0000000 0.4946026 0.4569092 0.5018370 0.4596280 
MJM1652    0.4013923 0.1889077 0.4181476 0.2337955 0.3698502 0.3503212 0.4780575 0.4997946 0.4946026 0.0000000 0.3746849 0.4771849 0.3322573 
NepSFB     0.3851141 0.3413102 0.3880250 0.3464637 0.0179529 0.3387831 0.5124416 0.4461442 0.4569092 0.3746849 0.0000000 0.4753433 0.2677302 
WPYJ       0.5047925 0.4756431 0.4704777 0.4699657 0.4620838 0.3994285 0.2615999 0.4817527 0.5018370 0.4771849 0.4753433 0.0000000 0.4413956 
MJM2940    0.2584446 0.3055202 0.3467534 0.3329997 0.2512390 0.3367230 0.4499202 0.4362536 0.4596280 0.3322573 0.2677302 0.4413956 0.0000000 
