13
DrolusSFB  0.0000000 0.3219372 0.2950113 0.3139120 0.2426370 0.3241616 0.3146268 0.3332889 0.3532673 0.3027440 0.2430240 0.3326026 0.1832544 
Dino       0.3219372 0.0000000 0.3780345 0.1604414 0.3057086 0.3567669 0.3294562 0.3641501 0.3766553 0.1537605 0.3081049 0.3635382 0.2209114 
MJM3360    0.2950113 0.3780345 0.0000000 0.3908014 0.3753694 0.2520683 0.3539304 0.3621189 0.3623327 0.3482233 0.3906920 0.3625891 0.2699555 
DrobinSFB  0.3139120 0.1604414 0.3908014 0.0000000 0.3024543 0.3639824 0.3565223 0.3596878 0.3544266 0.1976505 0.3121642 0.3586330 0.2462762 
Neam       0.2426370 0.3057086 0.3753694 0.3024543 0.0000000 0.3169459 0.3248220 0.3072969 0.3224603 0.3100867 0.0070110 0.3615571 0.2228617 
RuprSFB    0.3241616 0.3567669 0.2520683 0.3639824 0.3169459 0.0000000 0.3220566 0.2889286 0.3451850 0.3020302 0.3298477 0.3488455 0.2957383 
Retr       0.3146268 0.3294562 0.3539304 0.3565223 0.3248220 0.3220566 0.0000000 0.3165157 0.3400540 0.3307743 0.3310798 0.1779900 0.2751068 
Beta       0.3332889 0.3641501 0.3621189 0.3596878 0.3072969 0.2889286 0.3165157 0.0000000 0.1415612 0.3464854 0.3015291 0.3252453 0.2339103 
Spol       0.3532673 0.3766553 0.3623327 0.3544266 0.3224603 0.3451850 0.3400540 0.1415612 0.0000000 0.3420909 0.3369978 0.3504658 0.2645419 
MJM1652    0.3027440 0.1537605 0.3482233 0.1976505 0.3100867 0.3020302 0.3307743 0.3464854 0.3420909 0.0000000 0.3197291 0.3409221 0.2321094 
NepSFB     0.2430240 0.3081049 0.3906920 0.3121642 0.0070110 0.3298477 0.3310798 0.3015291 0.3369978 0.3197291 0.0000000 0.3605395 0.2281363 
WPYJ       0.3326026 0.3635382 0.3625891 0.3586330 0.3615571 0.3488455 0.1779900 0.3252453 0.3504658 0.3409221 0.3605395 0.0000000 0.2982534 
MJM2940    0.1832544 0.2209114 0.2699555 0.2462762 0.2228617 0.2957383 0.2751068 0.2339103 0.2645419 0.2321094 0.2281363 0.2982534 0.0000000 
