13
DrolusSFB  0.0000000 0.3540513 0.3548972 0.4337081 0.2979452 0.3385973 0.3322488 0.4169303 0.3945208 0.3415920 0.2722812 0.4171047 0.2265985 
Dino       0.3540513 0.0000000 0.3727946 0.2900135 0.2599215 0.3378099 0.3150720 0.3845141 0.4131747 0.1559595 0.2463840 0.3666935 0.2954058 
MJM3360    0.3548972 0.3727946 0.0000000 0.4321659 0.3142206 0.3176813 0.3326101 0.3595131 0.3839190 0.3777553 0.2967549 0.4169519 0.2997974 
DrobinSFB  0.4337081 0.2900135 0.4321659 0.0000000 0.3768377 0.4277967 0.3813140 0.4893614 0.5226199 0.3231830 0.3391643 0.4402670 0.3900544 
Neam       0.2979452 0.2599215 0.3142206 0.3768377 0.0000000 0.2802297 0.2689583 0.3386888 0.3689941 0.2803546 0.0121161 0.3283697 0.2449771 
RuprSFB    0.3385973 0.3378099 0.3176813 0.4277967 0.2802297 0.0000000 0.3174194 0.3427449 0.3524064 0.3473466 0.3007652 0.3858279 0.2916597 
Retr       0.3322488 0.3150720 0.3326101 0.3813140 0.2689583 0.3174194 0.0000000 0.3101752 0.3243117 0.3318079 0.2427545 0.1755168 0.2746995 
Beta       0.4169303 0.3845141 0.3595131 0.4893614 0.3386888 0.3427449 0.3101752 0.0000000 0.1534914 0.4085664 0.3382271 0.3792863 0.3569763 
Spol       0.3945208 0.4131747 0.3839190 0.5226199 0.3689941 0.3524064 0.3243117 0.1534914 0.0000000 0.4362811 0.3582456 0.4005572 0.3878254 
MJM1652    0.3415920 0.1559595 0.3777553 0.3231830 0.2803546 0.3473466 0.3318079 0.4085664 0.4362811 0.0000000 0.2662398 0.3973765 0.3132291 
NepSFB     0.2722812 0.2463840 0.2967549 0.3391643 0.0121161 0.3007652 0.2427545 0.3382271 0.3582456 0.2662398 0.0000000 0.3248087 0.2222296 
WPYJ       0.4171047 0.3666935 0.4169519 0.4402670 0.3283697 0.3858279 0.1755168 0.3792863 0.4005572 0.3973765 0.3248087 0.0000000 0.3371098 
MJM2940    0.2265985 0.2954058 0.2997974 0.3900544 0.2449771 0.2916597 0.2746995 0.3569763 0.3878254 0.3132291 0.2222296 0.3371098 0.0000000 
