13
DrolusSFB  0.0000000 0.3441255 0.4239660 0.3787928 0.3278587 0.3797634 0.3434391 0.4015690 0.4541324 0.3769300 0.3376246 0.3764750 0.1847097 
Dino       0.3441255 0.0000000 0.3994665 0.1616994 0.2412860 0.3291925 0.3080699 0.3399104 0.3786928 0.1252027 0.2557457 0.3247476 0.2351145 
MJM3360    0.4239660 0.3994665 0.0000000 0.4535068 0.4047267 0.3059063 0.4457878 0.4399448 0.4471988 0.3945720 0.4183176 0.4698909 0.3541359 
DrobinSFB  0.3787928 0.1616994 0.4535068 0.0000000 0.3034717 0.3771526 0.3625142 0.3840355 0.4052160 0.1948671 0.3090482 0.3877682 0.2843613 
Neam       0.3278587 0.2412860 0.4047267 0.3034717 0.0000000 0.3206672 0.3121991 0.3627942 0.4136150 0.2789818 0.0139300 0.3461856 0.2239721 
RuprSFB    0.3797634 0.3291925 0.3059063 0.3771526 0.3206672 0.0000000 0.3816854 0.3724028 0.3762536 0.3462472 0.3290043 0.4247058 0.3012315 
Retr       0.3434391 0.3080699 0.4457878 0.3625142 0.3121991 0.3816854 0.0000000 0.3500530 0.3691755 0.3428410 0.3212465 0.1454944 0.2920748 
Beta       0.4015690 0.3399104 0.4399448 0.3840355 0.3627942 0.3724028 0.3500530 0.0000000 0.1636751 0.3666180 0.3679886 0.3624403 0.3255761 
Spol       0.4541324 0.3786928 0.4471988 0.4052160 0.4136150 0.3762536 0.3691755 0.1636751 0.0000000 0.4188745 0.4225057 0.3528326 0.3794107 
MJM1652    0.3769300 0.1252027 0.3945720 0.1948671 0.2789818 0.3462472 0.3428410 0.3666180 0.4188745 0.0000000 0.2899818 0.3681740 0.2673345 
NepSFB     0.3376246 0.2557457 0.4183176 0.3090482 0.0139300 0.3290043 0.3212465 0.3679886 0.4225057 0.2899818 0.0000000 0.3518944 0.2333724 
WPYJ       0.3764750 0.3247476 0.4698909 0.3877682 0.3461856 0.4247058 0.1454944 0.3624403 0.3528326 0.3681740 0.3518944 0.0000000 0.3522209 
MJM2940    0.1847097 0.2351145 0.3541359 0.2843613 0.2239721 0.3012315 0.2920748 0.3255761 0.3794107 0.2673345 0.2333724 0.3522209 0.0000000 
