13
DrolusSFB  0.0000000 0.4269627 0.5061915 0.4912310 0.2840523 0.4237260 0.4809368 0.4225658 0.4311214 0.4746494 0.2771688 0.3792852 0.2073801 
Dino       0.4269627 0.0000000 0.5534221 0.2678390 0.3439488 0.4865947 0.4657227 0.4946919 0.5143857 0.1976482 0.3403634 0.3480616 0.3637221 
MJM3360    0.5061915 0.5534221 0.0000000 0.5902372 0.4616826 0.3554982 0.5481843 0.5383506 0.5864062 0.6085220 0.4545499 0.4323717 0.4521878 
DrobinSFB  0.4912310 0.2678390 0.5902372 0.0000000 0.4015838 0.5655354 0.5005595 0.5484725 0.5865158 0.3176953 0.3981452 0.4011741 0.4216938 
Neam       0.2840523 0.3439488 0.4616826 0.4015838 0.0000000 0.4157897 0.4482558 0.3826904 0.4190651 0.3758797 0.0094936 0.3490373 0.2310506 
RuprSFB    0.4237260 0.4865947 0.3554982 0.5655354 0.4157897 0.0000000 0.5120166 0.4471439 0.4648095 0.5493819 0.4092968 0.4086944 0.4024106 
Retr       0.4809368 0.4657227 0.5481843 0.5005595 0.4482558 0.5120166 0.0000000 0.5452190 0.5348159 0.5421719 0.4559052 0.1942934 0.3740413 
Beta       0.4225658 0.4946919 0.5383506 0.5484725 0.3826904 0.4471439 0.5452190 0.0000000 0.1374382 0.5036119 0.3734474 0.4017564 0.3613883 
Spol       0.4311214 0.5143857 0.5864062 0.5865158 0.4190651 0.4648095 0.5348159 0.1374382 0.0000000 0.5466731 0.4081165 0.4229235 0.3812303 
MJM1652    0.4746494 0.1976482 0.6085220 0.3176953 0.3758797 0.5493819 0.5421719 0.5036119 0.5466731 0.0000000 0.3774177 0.4078420 0.4106603 
NepSFB     0.2771688 0.3403634 0.4545499 0.3981452 0.0094936 0.4092968 0.4559052 0.3734474 0.4081165 0.3774177 0.0000000 0.3512262 0.2299639 
WPYJ       0.3792852 0.3480616 0.4323717 0.4011741 0.3490373 0.4086944 0.1942934 0.4017564 0.4229235 0.4078420 0.3512262 0.0000000 0.2582761 
MJM2940    0.2073801 0.3637221 0.4521878 0.4216938 0.2310506 0.4024106 0.3740413 0.3613883 0.3812303 0.4106603 0.2299639 0.2582761 0.0000000 
