13
DrolusSFB  0.0000000 0.3362870 0.3262437 0.2777111 0.2827219 0.3380437 0.2840763 0.4533081 0.4275177 0.3318780 0.2851269 0.3026961 0.2024743 
Dino       0.3362870 0.0000000 0.3327000 0.1541857 0.2411350 0.3096834 0.3013797 0.4634254 0.4479644 0.1313615 0.2313638 0.3241676 0.2444580 
MJM3360    0.3262437 0.3327000 0.0000000 0.2875384 0.2724915 0.2379595 0.2564964 0.3649235 0.3454694 0.3546321 0.2646219 0.2842530 0.2661269 
DrobinSFB  0.2777111 0.1541857 0.2875384 0.0000000 0.2087354 0.2762787 0.2788561 0.3724339 0.3361911 0.1668647 0.2076307 0.3079301 0.2118360 
Neam       0.2827219 0.2411350 0.2724915 0.2087354 0.0000000 0.2260159 0.2187074 0.3826968 0.3825977 0.2484107 0.0143808 0.2577005 0.1959297 
RuprSFB    0.3380437 0.3096834 0.2379595 0.2762787 0.2260159 0.0000000 0.2462932 0.3327913 0.3488517 0.3011977 0.2239743 0.2907113 0.2304178 
Retr       0.2840763 0.3013797 0.2564964 0.2788561 0.2187074 0.2462932 0.0000000 0.3171133 0.3087683 0.2893506 0.2164361 0.1680323 0.2342581 
Beta       0.4533081 0.4634254 0.3649235 0.3724339 0.3826968 0.3327913 0.3171133 0.0000000 0.1478060 0.4651183 0.3758167 0.3351002 0.3721527 
Spol       0.4275177 0.4479644 0.3454694 0.3361911 0.3825977 0.3488517 0.3087683 0.1478060 0.0000000 0.4413087 0.3769526 0.3175980 0.3560189 
MJM1652    0.3318780 0.1313615 0.3546321 0.1668647 0.2484107 0.3011977 0.2893506 0.4651183 0.4413087 0.0000000 0.2476008 0.3024932 0.2590249 
NepSFB     0.2851269 0.2313638 0.2646219 0.2076307 0.0143808 0.2239743 0.2164361 0.3758167 0.3769526 0.2476008 0.0000000 0.2512536 0.1986188 
WPYJ       0.3026961 0.3241676 0.2842530 0.3079301 0.2577005 0.2907113 0.1680323 0.3351002 0.3175980 0.3024932 0.2512536 0.0000000 0.2477292 
MJM2940    0.2024743 0.2444580 0.2661269 0.2118360 0.1959297 0.2304178 0.2342581 0.3721527 0.3560189 0.2590249 0.1986188 0.2477292 0.0000000 
