13
DrolusSFB  0.0000000 0.3944102 0.3942947 0.4524944 0.2953440 0.3566736 0.3109880 0.4536662 0.4856101 0.3881651 0.3038277 0.4682042 0.1788778 
Dino       0.3944102 0.0000000 0.4928786 0.2763825 0.3748736 0.4163167 0.3770604 0.5491013 0.5563520 0.2077077 0.3955065 0.5207672 0.3807362 
MJM3360    0.3942947 0.4928786 0.0000000 0.5125893 0.3541872 0.2992767 0.3148269 0.4218948 0.4628842 0.4998395 0.3670316 0.3887524 0.3561987 
DrobinSFB  0.4524944 0.2763825 0.5125893 0.0000000 0.4187491 0.4806625 0.3514864 0.5418492 0.5906179 0.3012002 0.4287854 0.5644318 0.4018024 
Neam       0.2953440 0.3748736 0.3541872 0.4187491 0.0000000 0.3240707 0.2798048 0.4328916 0.4419794 0.3933226 0.0127456 0.3782427 0.2262632 
RuprSFB    0.3566736 0.4163167 0.2992767 0.4806625 0.3240707 0.0000000 0.3161247 0.4114268 0.4023007 0.4523317 0.3359348 0.4004336 0.3321292 
Retr       0.3109880 0.3770604 0.3148269 0.3514864 0.2798048 0.3161247 0.0000000 0.3672554 0.3343703 0.3716338 0.2838412 0.1546754 0.3084016 
Beta       0.4536662 0.5491013 0.4218948 0.5418492 0.4328916 0.4114268 0.3672554 0.0000000 0.1468177 0.5410138 0.4393237 0.4635868 0.4201201 
Spol       0.4856101 0.5563520 0.4628842 0.5906179 0.4419794 0.4023007 0.3343703 0.1468177 0.0000000 0.5642717 0.4419123 0.4672228 0.4351621 
MJM1652    0.3881651 0.2077077 0.4998395 0.3012002 0.3933226 0.4523317 0.3716338 0.5410138 0.5642717 0.0000000 0.4060058 0.5382385 0.3664858 
NepSFB     0.3038277 0.3955065 0.3670316 0.4287854 0.0127456 0.3359348 0.2838412 0.4393237 0.4419123 0.4060058 0.0000000 0.3880791 0.2340231 
WPYJ       0.4682042 0.5207672 0.3887524 0.5644318 0.3782427 0.4004336 0.1546754 0.4635868 0.4672228 0.5382385 0.3880791 0.0000000 0.4059588 
MJM2940    0.1788778 0.3807362 0.3561987 0.4018024 0.2262632 0.3321292 0.3084016 0.4201201 0.4351621 0.3664858 0.2340231 0.4059588 0.0000000 
