13
DrolusSFB  0.0000000 0.3332084 0.3681502 0.3712066 0.2415511 0.3189415 0.3408226 0.3514822 0.3556406 0.3625674 0.2450053 0.3788386 0.1786082 
Dino       0.3332084 0.0000000 0.3811650 0.1790209 0.2977857 0.3413139 0.3722672 0.4459004 0.4354399 0.1657924 0.3039612 0.4200118 0.2724148 
MJM3360    0.3681502 0.3811650 0.0000000 0.4156700 0.3392508 0.2784181 0.3496586 0.4066679 0.3842176 0.4150632 0.3441582 0.4228829 0.3465525 
DrobinSFB  0.3712066 0.1790209 0.4156700 0.0000000 0.3262018 0.3874186 0.3865729 0.4417007 0.4308430 0.2106329 0.3347072 0.4610244 0.3089358 
Neam       0.2415511 0.2977857 0.3392508 0.3262018 0.0000000 0.2859544 0.3542743 0.3738121 0.3637798 0.3680009 0.0112137 0.3856399 0.2187990 
RuprSFB    0.3189415 0.3413139 0.2784181 0.3874186 0.2859544 0.0000000 0.3315695 0.3337163 0.3372201 0.3704125 0.2940150 0.3333547 0.2887550 
Retr       0.3408226 0.3722672 0.3496586 0.3865729 0.3542743 0.3315695 0.0000000 0.3667840 0.3670040 0.4493715 0.3538362 0.1706977 0.3307821 
Beta       0.3514822 0.4459004 0.4066679 0.4417007 0.3738121 0.3337163 0.3667840 0.0000000 0.1677207 0.4892940 0.3723506 0.3679053 0.3417333 
Spol       0.3556406 0.4354399 0.3842176 0.4308430 0.3637798 0.3372201 0.3670040 0.1677207 0.0000000 0.4953216 0.3667630 0.3610896 0.3286649 
MJM1652    0.3625674 0.1657924 0.4150632 0.2106329 0.3680009 0.3704125 0.4493715 0.4892940 0.4953216 0.0000000 0.3748363 0.4458671 0.3223235 
NepSFB     0.2450053 0.3039612 0.3441582 0.3347072 0.0112137 0.2940150 0.3538362 0.3723506 0.3667630 0.3748363 0.0000000 0.3829107 0.2206545 
WPYJ       0.3788386 0.4200118 0.4228829 0.4610244 0.3856399 0.3333547 0.1706977 0.3679053 0.3610896 0.4458671 0.3829107 0.0000000 0.3642497 
MJM2940    0.1786082 0.2724148 0.3465525 0.3089358 0.2187990 0.2887550 0.3307821 0.3417333 0.3286649 0.3223235 0.2206545 0.3642497 0.0000000 
