13
DrolusSFB  0.0000000 0.3706283 0.3675152 0.3929920 0.2847975 0.3485504 0.3391547 0.4702340 0.4979828 0.4149289 0.3216251 0.4120674 0.2159464 
Dino       0.3706283 0.0000000 0.3628645 0.2146771 0.2518561 0.3654515 0.2998211 0.4874547 0.4906891 0.1696665 0.3006568 0.4000830 0.3366469 
MJM3360    0.3675152 0.3628645 0.0000000 0.3822487 0.3321580 0.3159653 0.3511990 0.4339847 0.4401675 0.3769724 0.3493991 0.4117973 0.3190194 
DrobinSFB  0.3929920 0.2146771 0.3822487 0.0000000 0.3230294 0.4060727 0.3626498 0.4874787 0.4792455 0.2425846 0.3729870 0.4004890 0.3729165 
Neam       0.2847975 0.2518561 0.3321580 0.3230294 0.0000000 0.2932331 0.2849789 0.3333958 0.3421169 0.2720074 0.0116238 0.2871749 0.2075642 
RuprSFB    0.3485504 0.3654515 0.3159653 0.4060727 0.2932331 0.0000000 0.3049041 0.4330611 0.4056826 0.3758746 0.3262537 0.3723543 0.2951107 
Retr       0.3391547 0.2998211 0.3511990 0.3626498 0.2849789 0.3049041 0.0000000 0.3168981 0.3437545 0.3062214 0.2850021 0.1388253 0.2500242 
Beta       0.4702340 0.4874547 0.4339847 0.4874787 0.3333958 0.4330611 0.3168981 0.0000000 0.1829478 0.5268386 0.4442021 0.4698851 0.4417843 
Spol       0.4979828 0.4906891 0.4401675 0.4792455 0.3421169 0.4056826 0.3437545 0.1829478 0.0000000 0.5205426 0.4453903 0.4647506 0.4353395 
MJM1652    0.4149289 0.1696665 0.3769724 0.2425846 0.2720074 0.3758746 0.3062214 0.5268386 0.5205426 0.0000000 0.3447145 0.4172267 0.3795515 
NepSFB     0.3216251 0.3006568 0.3493991 0.3729870 0.0116238 0.3262537 0.2850021 0.4442021 0.4453903 0.3447145 0.0000000 0.3356856 0.2510745 
WPYJ       0.4120674 0.4000830 0.4117973 0.4004890 0.2871749 0.3723543 0.1388253 0.4698851 0.4647506 0.4172267 0.3356856 0.0000000 0.3073706 
MJM2940    0.2159464 0.3366469 0.3190194 0.3729165 0.2075642 0.2951107 0.2500242 0.4417843 0.4353395 0.3795515 0.2510745 0.3073706 0.0000000 
