13
DrolusSFB  0.0000000 0.3286056 0.4499707 0.3642150 0.2953281 0.3642920 0.3846211 0.4138185 0.3561215 0.3642128 0.3068535 0.3949389 0.1850014 
Dino       0.3286056 0.0000000 0.5039853 0.1804705 0.3022537 0.4155615 0.3996978 0.4157834 0.3582474 0.1444628 0.2985529 0.4000955 0.2810312 
MJM3360    0.4499707 0.5039853 0.0000000 0.4953159 0.4015503 0.3578567 0.4740857 0.5292575 0.5311632 0.4845937 0.4056031 0.5200909 0.4024834 
DrobinSFB  0.3642150 0.1804705 0.4953159 0.0000000 0.3334711 0.4113740 0.4191947 0.4673142 0.3835777 0.2027683 0.3391764 0.4102677 0.3031445 
Neam       0.2953281 0.3022537 0.4015503 0.3334711 0.0000000 0.3138722 0.3344986 0.3759436 0.3783469 0.3240328 0.0487906 0.3474162 0.2065113 
RuprSFB    0.3642920 0.4155615 0.3578567 0.4113740 0.3138722 0.0000000 0.3621411 0.4127791 0.3846293 0.4078911 0.3368774 0.4105941 0.2934020 
Retr       0.3846211 0.3996978 0.4740857 0.4191947 0.3344986 0.3621411 0.0000000 0.4038024 0.3898183 0.4325001 0.3277677 0.1878022 0.2942782 
Beta       0.4138185 0.4157834 0.5292575 0.4673142 0.3759436 0.4127791 0.4038024 0.0000000 0.1209730 0.4433413 0.3812345 0.3943705 0.3436469 
Spol       0.3561215 0.3582474 0.5311632 0.3835777 0.3783469 0.3846293 0.3898183 0.1209730 0.0000000 0.3621118 0.3595626 0.3834075 0.3216527 
MJM1652    0.3642128 0.1444628 0.4845937 0.2027683 0.3240328 0.4078911 0.4325001 0.4433413 0.3621118 0.0000000 0.3258338 0.4255034 0.2951457 
NepSFB     0.3068535 0.2985529 0.4056031 0.3391764 0.0487906 0.3368774 0.3277677 0.3812345 0.3595626 0.3258338 0.0000000 0.3342708 0.2136677 
WPYJ       0.3949389 0.4000955 0.5200909 0.4102677 0.3474162 0.4105941 0.1878022 0.3943705 0.3834075 0.4255034 0.3342708 0.0000000 0.3268096 
MJM2940    0.1850014 0.2810312 0.4024834 0.3031445 0.2065113 0.2934020 0.2942782 0.3436469 0.3216527 0.2951457 0.2136677 0.3268096 0.0000000 
