13
DrolusSFB  0.0000000 0.2183036 0.2673746 0.2659053 0.2098390 0.2432168 0.3194876 0.2641796 0.2984850 0.2404032 0.2124194 0.3591761 0.1451159 
Dino       0.2183036 0.0000000 0.2784043 0.1497347 0.1719412 0.2258765 0.2615960 0.2824329 0.2784423 0.1022907 0.1704714 0.3259372 0.2019574 
MJM3360    0.2673746 0.2784043 0.0000000 0.2915816 0.2533236 0.2184584 0.2787137 0.3083204 0.2931948 0.2922240 0.2556964 0.3266445 0.2490784 
DrobinSFB  0.2659053 0.1497347 0.2915816 0.0000000 0.1995543 0.2588831 0.2916031 0.3222648 0.3093353 0.1719333 0.2018562 0.3555317 0.2028338 
Neam       0.2098390 0.1719412 0.2533236 0.1995543 0.0000000 0.2102925 0.2652531 0.2627311 0.2672980 0.1973123 0.0076451 0.3156447 0.1734107 
RuprSFB    0.2432168 0.2258765 0.2184584 0.2588831 0.2102925 0.0000000 0.2634799 0.2909375 0.2774562 0.2319145 0.2090453 0.3058358 0.2168514 
Retr       0.3194876 0.2615960 0.2787137 0.2916031 0.2652531 0.2634799 0.0000000 0.2655294 0.2823282 0.2772207 0.2648598 0.1664181 0.2475238 
Beta       0.2641796 0.2824329 0.3083204 0.3222648 0.2627311 0.2909375 0.2655294 0.0000000 0.1227970 0.3096619 0.2609960 0.3299854 0.2678483 
Spol       0.2984850 0.2784423 0.2931948 0.3093353 0.2672980 0.2774562 0.2823282 0.1227970 0.0000000 0.3055413 0.2641680 0.3423143 0.2839412 
MJM1652    0.2404032 0.1022907 0.2922240 0.1719333 0.1973123 0.2319145 0.2772207 0.3096619 0.3055413 0.0000000 0.1978502 0.3501379 0.2205458 
NepSFB     0.2124194 0.1704714 0.2556964 0.2018562 0.0076451 0.2090453 0.2648598 0.2609960 0.2641680 0.1978502 0.0000000 0.3175077 0.1741325 
WPYJ       0.3591761 0.3259372 0.3266445 0.3555317 0.3156447 0.3058358 0.1664181 0.3299854 0.3423143 0.3501379 0.3175077 0.0000000 0.3287365 
MJM2940    0.1451159 0.2019574 0.2490784 0.2028338 0.1734107 0.2168514 0.2475238 0.2678483 0.2839412 0.2205458 0.1741325 0.3287365 0.0000000 
