13
DrolusSFB  0.0000000 0.2886819 0.3167936 0.3033186 0.2470633 0.2912285 0.3300960 0.3500329 0.3459838 0.3029607 0.2500320 0.4026026 0.2138607 
Dino       0.2886819 0.0000000 0.2849325 0.2393096 0.2324461 0.3042388 0.2984244 0.3598406 0.3539518 0.1448504 0.2385372 0.3892449 0.2516151 
MJM3360    0.3167936 0.2849325 0.0000000 0.3127041 0.2874122 0.2523114 0.3153104 0.3780606 0.3585295 0.2904312 0.2847514 0.3863719 0.2833819 
DrobinSFB  0.3033186 0.2393096 0.3127041 0.0000000 0.2927012 0.3260803 0.3706275 0.3806822 0.3684353 0.2238131 0.2924386 0.4097597 0.2659047 
Neam       0.2470633 0.2324461 0.2874122 0.2927012 0.0000000 0.2697602 0.2910704 0.3363735 0.3173850 0.2529178 0.0163107 0.3847380 0.1972420 
RuprSFB    0.2912285 0.3042388 0.2523114 0.3260803 0.2697602 0.0000000 0.3024987 0.3113528 0.3218558 0.3046788 0.2621417 0.3891766 0.2539863 
Retr       0.3300960 0.2984244 0.3153104 0.3706275 0.2910704 0.3024987 0.0000000 0.3432895 0.3750688 0.3146163 0.3002066 0.2561341 0.2903203 
Beta       0.3500329 0.3598406 0.3780606 0.3806822 0.3363735 0.3113528 0.3432895 0.0000000 0.1203646 0.3227211 0.3335201 0.4163158 0.2936725 
Spol       0.3459838 0.3539518 0.3585295 0.3684353 0.3173850 0.3218558 0.3750688 0.1203646 0.0000000 0.3437624 0.3245178 0.4222842 0.3059077 
MJM1652    0.3029607 0.1448504 0.2904312 0.2238131 0.2529178 0.3046788 0.3146163 0.3227211 0.3437624 0.0000000 0.2614301 0.3901039 0.2797437 
NepSFB     0.2500320 0.2385372 0.2847514 0.2924386 0.0163107 0.2621417 0.3002066 0.3335201 0.3245178 0.2614301 0.0000000 0.3780351 0.1981660 
WPYJ       0.4026026 0.3892449 0.3863719 0.4097597 0.3847380 0.3891766 0.2561341 0.4163158 0.4222842 0.3901039 0.3780351 0.0000000 0.3734335 
MJM2940    0.2138607 0.2516151 0.2833819 0.2659047 0.1972420 0.2539863 0.2903203 0.2936725 0.3059077 0.2797437 0.1981660 0.3734335 0.0000000 
