13
DrolusSFB  0.0000000 0.3416942 0.4476095 0.3681538 0.2493022 0.3380829 0.3756215 0.4105528 0.3759041 0.3952072 0.2480370 0.4031197 0.1942101 
Dino       0.3416942 0.0000000 0.4617564 0.2446818 0.2640098 0.3549817 0.3594355 0.4460994 0.3862960 0.2226129 0.2658111 0.4111102 0.2617109 
MJM3360    0.4476095 0.4617564 0.0000000 0.4814697 0.3292991 0.3152250 0.4339180 0.4961361 0.4379675 0.5124849 0.3317411 0.4591481 0.3389944 
DrobinSFB  0.3681538 0.2446818 0.4814697 0.0000000 0.2936817 0.3978595 0.3978901 0.4615232 0.4199466 0.2963806 0.2942060 0.4305188 0.2975490 
Neam       0.2493022 0.2640098 0.3292991 0.2936817 0.0000000 0.2820753 0.3054756 0.3696467 0.3034223 0.3210420 0.0095164 0.3375822 0.1697195 
RuprSFB    0.3380829 0.3549817 0.3152250 0.3978595 0.2820753 0.0000000 0.3471063 0.4176839 0.3618389 0.4144553 0.2824275 0.3781098 0.2719219 
Retr       0.3756215 0.3594355 0.4339180 0.3978901 0.3054756 0.3471063 0.0000000 0.4273963 0.3772564 0.4444580 0.3019643 0.2296145 0.2860143 
Beta       0.4105528 0.4460994 0.4961361 0.4615232 0.3696467 0.4176839 0.4273963 0.0000000 0.1931637 0.4948324 0.3672041 0.5021539 0.3340890 
Spol       0.3759041 0.3862960 0.4379675 0.4199466 0.3034223 0.3618389 0.3772564 0.1931637 0.0000000 0.4327357 0.3046712 0.4259182 0.2916052 
MJM1652    0.3952072 0.2226129 0.5124849 0.2963806 0.3210420 0.4144553 0.4444580 0.4948324 0.4327357 0.0000000 0.3199399 0.4721286 0.3087155 
NepSFB     0.2480370 0.2658111 0.3317411 0.2942060 0.0095164 0.2824275 0.3019643 0.3672041 0.3046712 0.3199399 0.0000000 0.3347133 0.1676806 
WPYJ       0.4031197 0.4111102 0.4591481 0.4305188 0.3375822 0.3781098 0.2296145 0.5021539 0.4259182 0.4721286 0.3347133 0.0000000 0.3490449 
MJM2940    0.1942101 0.2617109 0.3389944 0.2975490 0.1697195 0.2719219 0.2860143 0.3340890 0.2916052 0.3087155 0.1676806 0.3490449 0.0000000 
