13
DrolusSFB  0.0000000 0.3861270 0.4644383 0.4459640 0.3551165 0.4196676 0.4482956 0.4228094 0.4591557 0.3689861 0.3601721 0.4310739 0.2545211 
Dino       0.3861270 0.0000000 0.4169731 0.2068754 0.2668316 0.4146469 0.4113004 0.4009557 0.4103582 0.1456423 0.2666248 0.3894980 0.2884671 
MJM3360    0.4644383 0.4169731 0.0000000 0.4758001 0.3931310 0.2983490 0.4123647 0.3780266 0.3908273 0.3776809 0.3925657 0.4082981 0.3270351 
DrobinSFB  0.4459640 0.2068754 0.4758001 0.0000000 0.3497240 0.4978276 0.4859734 0.4745083 0.5022449 0.2103673 0.3455606 0.4777825 0.3844426 
Neam       0.3551165 0.2668316 0.3931310 0.3497240 0.0000000 0.3397444 0.4060192 0.3645594 0.3834791 0.2742955 0.0151355 0.3422172 0.2590630 
RuprSFB    0.4196676 0.4146469 0.2983490 0.4978276 0.3397444 0.0000000 0.4737423 0.4216268 0.4586103 0.3755409 0.3382552 0.3956588 0.3211961 
Retr       0.4482956 0.4113004 0.4123647 0.4859734 0.4060192 0.4737423 0.0000000 0.3676856 0.4266343 0.4170839 0.4052827 0.1743005 0.3684456 
Beta       0.4228094 0.4009557 0.3780266 0.4745083 0.3645594 0.4216268 0.3676856 0.0000000 0.1516816 0.3992622 0.3856583 0.3384313 0.3426275 
Spol       0.4591557 0.4103582 0.3908273 0.5022449 0.3834791 0.4586103 0.4266343 0.1516816 0.0000000 0.4018817 0.3948663 0.3824116 0.3481698 
MJM1652    0.3689861 0.1456423 0.3776809 0.2103673 0.2742955 0.3755409 0.4170839 0.3992622 0.4018817 0.0000000 0.2703348 0.4230436 0.2863038 
NepSFB     0.3601721 0.2666248 0.3925657 0.3455606 0.0151355 0.3382552 0.4052827 0.3856583 0.3948663 0.2703348 0.0000000 0.3530033 0.2607896 
WPYJ       0.4310739 0.3894980 0.4082981 0.4777825 0.3422172 0.3956588 0.1743005 0.3384313 0.3824116 0.4230436 0.3530033 0.0000000 0.3361228 
MJM2940    0.2545211 0.2884671 0.3270351 0.3844426 0.2590630 0.3211961 0.3684456 0.3426275 0.3481698 0.2863038 0.2607896 0.3361228 0.0000000 
