13
DrolusSFB  0.0000000 0.3732823 0.3544559 0.3320470 0.3152037 0.3114983 0.4481114 0.3554298 0.3838173 0.4286969 0.3182029 0.4617524 0.2262533 
Dino       0.3732823 0.0000000 0.4153777 0.1911445 0.3131803 0.3221771 0.4562997 0.3745294 0.3640397 0.1896401 0.3240851 0.4508457 0.3212401 
MJM3360    0.3544559 0.4153777 0.0000000 0.4572302 0.3333630 0.3232900 0.4238707 0.3875337 0.4340604 0.4453396 0.3351161 0.3813205 0.3531697 
DrobinSFB  0.3320470 0.1911445 0.4572302 0.0000000 0.3089398 0.3459288 0.4312861 0.4018421 0.4128960 0.2214367 0.3154418 0.3896520 0.2796944 
Neam       0.3152037 0.3131803 0.3333630 0.3089398 0.0000000 0.2727757 0.3748675 0.3411485 0.3529962 0.3276177 0.0130663 0.3878289 0.2501844 
RuprSFB    0.3114983 0.3221771 0.3232900 0.3459288 0.2727757 0.0000000 0.3609553 0.3192546 0.3438975 0.3348887 0.2721842 0.3293106 0.2786665 
Retr       0.4481114 0.4562997 0.4238707 0.4312861 0.3748675 0.3609553 0.0000000 0.3866852 0.4052780 0.4672405 0.3905550 0.2240761 0.3760382 
Beta       0.3554298 0.3745294 0.3875337 0.4018421 0.3411485 0.3192546 0.3866852 0.0000000 0.1462105 0.4012453 0.3454344 0.3640378 0.3148133 
Spol       0.3838173 0.3640397 0.4340604 0.4128960 0.3529962 0.3438975 0.4052780 0.1462105 0.0000000 0.3902938 0.3570769 0.3716096 0.3448511 
MJM1652    0.4286969 0.1896401 0.4453396 0.2214367 0.3276177 0.3348887 0.4672405 0.4012453 0.3902938 0.0000000 0.3417324 0.4484156 0.3456170 
NepSFB     0.3182029 0.3240851 0.3351161 0.3154418 0.0130663 0.2721842 0.3905550 0.3454344 0.3570769 0.3417324 0.0000000 0.4031545 0.2604720 
WPYJ       0.4617524 0.4508457 0.3813205 0.3896520 0.3878289 0.3293106 0.2240761 0.3640378 0.3716096 0.4484156 0.4031545 0.0000000 0.3831809 
MJM2940    0.2262533 0.3212401 0.3531697 0.2796944 0.2501844 0.2786665 0.3760382 0.3148133 0.3448511 0.3456170 0.2604720 0.3831809 0.0000000 
