13
DrolusSFB  0.0000000 0.3947761 0.3443408 0.4373253 0.2876895 0.3331346 0.4567392 0.5045090 0.4852968 0.5070823 0.2864773 0.4805750 0.2081181 
Dino       0.3947761 0.0000000 0.4568657 0.2534324 0.3235431 0.4121448 0.4981324 0.5217348 0.5320375 0.2659607 0.3234310 0.5438843 0.3724686 
MJM3360    0.3443408 0.4568657 0.0000000 0.4803461 0.3550724 0.2452814 0.4442791 0.4333055 0.4315819 0.5741344 0.3503355 0.4319116 0.3164471 
DrobinSFB  0.4373253 0.2534324 0.4803461 0.0000000 0.3424001 0.4419852 0.4841985 0.6128939 0.5851002 0.3015627 0.3442861 0.5238317 0.3655120 
Neam       0.2876895 0.3235431 0.3550724 0.3424001 0.0000000 0.2922970 0.3778217 0.4156728 0.4207566 0.4151501 0.0067891 0.3958763 0.2076895 
RuprSFB    0.3331346 0.4121448 0.2452814 0.4419852 0.2922970 0.0000000 0.4008601 0.4010023 0.3785742 0.5163049 0.2873421 0.4006195 0.2551361 
Retr       0.4567392 0.4981324 0.4442791 0.4841985 0.3778217 0.4008601 0.0000000 0.4302416 0.4734306 0.6172203 0.3767631 0.2344423 0.3861830 
Beta       0.5045090 0.5217348 0.4333055 0.6128939 0.4156728 0.4010023 0.4302416 0.0000000 0.1650926 0.7411826 0.4125454 0.4143149 0.3911257 
Spol       0.4852968 0.5320375 0.4315819 0.5851002 0.4207566 0.3785742 0.4734306 0.1650926 0.0000000 0.6782141 0.4175872 0.4566697 0.3719402 
MJM1652    0.5070823 0.2659607 0.5741344 0.3015627 0.4151501 0.5163049 0.6172203 0.7411826 0.6782141 0.0000000 0.4133452 0.6366828 0.4463511 
NepSFB     0.2864773 0.3234310 0.3503355 0.3442861 0.0067891 0.2873421 0.3767631 0.4125454 0.4175872 0.4133452 0.0000000 0.3888101 0.2059904 
WPYJ       0.4805750 0.5438843 0.4319116 0.5238317 0.3958763 0.4006195 0.2344423 0.4143149 0.4566697 0.6366828 0.3888101 0.0000000 0.3885323 
MJM2940    0.2081181 0.3724686 0.3164471 0.3655120 0.2076895 0.2551361 0.3861830 0.3911257 0.3719402 0.4463511 0.2059904 0.3885323 0.0000000 
