13
DrolusSFB  0.0000000 0.2341162 0.2712724 0.2367401 0.2265710 0.3265811 0.2896710 0.2370107 0.2672501 0.2357955 0.2288866 0.2949107 0.1909741 
Dino       0.2341162 0.0000000 0.3838163 0.1813049 0.3310993 0.3176902 0.3149435 0.5206701 0.5438600 0.1766359 0.3403801 0.2857254 0.3738765 
MJM3360    0.2712724 0.3838163 0.0000000 0.4276981 0.3017271 0.2327315 0.3279998 0.4127392 0.4226091 0.3725852 0.3127295 0.3216044 0.3237509 
DrobinSFB  0.2367401 0.1813049 0.4276981 0.0000000 0.3595160 0.2932986 0.3054074 0.4700994 0.5070286 0.2371461 0.3625847 0.2908714 0.3959264 
Neam       0.2265710 0.3310993 0.3017271 0.3595160 0.0000000 0.2446076 0.2878874 0.4457853 0.4733859 0.3909096 0.0104415 0.2913546 0.2731557 
RuprSFB    0.3265811 0.3176902 0.2327315 0.2932986 0.2446076 0.0000000 0.3171158 0.3523493 0.3323358 0.2960911 0.2466671 0.3112975 0.2772662 
Retr       0.2896710 0.3149435 0.3279998 0.3054074 0.2878874 0.3171158 0.0000000 0.3206826 0.3563639 0.3227378 0.2797577 0.1782773 0.2871709 
Beta       0.2370107 0.5206701 0.4127392 0.4700994 0.4457853 0.3523493 0.3206826 0.0000000 0.1746299 0.5236279 0.4364855 0.3382418 0.4757707 
Spol       0.2672501 0.5438600 0.4226091 0.5070286 0.4733859 0.3323358 0.3563639 0.1746299 0.0000000 0.5545920 0.4684948 0.3540024 0.4532220 
MJM1652    0.2357955 0.1766359 0.3725852 0.2371461 0.3909096 0.2960911 0.3227378 0.5236279 0.5545920 0.0000000 0.3977252 0.3198174 0.4253482 
NepSFB     0.2288866 0.3403801 0.3127295 0.3625847 0.0104415 0.2466671 0.2797577 0.4364855 0.4684948 0.3977252 0.0000000 0.2998847 0.2807591 
WPYJ       0.2949107 0.2857254 0.3216044 0.2908714 0.2913546 0.3112975 0.1782773 0.3382418 0.3540024 0.3198174 0.2998847 0.0000000 0.3100493 
MJM2940    0.1909741 0.3738765 0.3237509 0.3959264 0.2731557 0.2772662 0.2871709 0.4757707 0.4532220 0.4253482 0.2807591 0.3100493 0.0000000 
