13
DrolusSFB  0.0000000 0.2596482 0.3156846 0.2940593 0.2360126 0.2249460 0.2961649 0.3140900 0.3499807 0.3406984 0.2324248 0.3312542 0.1434109 
Dino       0.2596482 0.0000000 0.2925850 0.1608321 0.2101636 0.2385142 0.2712605 0.2890761 0.3211776 0.1421322 0.2060190 0.3123767 0.2166736 
MJM3360    0.3156846 0.2925850 0.0000000 0.3450394 0.2597050 0.2548772 0.2829049 0.3566799 0.3318976 0.3780987 0.2644649 0.3084263 0.2684523 
DrobinSFB  0.2940593 0.1608321 0.3450394 0.0000000 0.2627679 0.3119577 0.3073140 0.3126045 0.3676271 0.1981781 0.2636220 0.3413017 0.2257805 
Neam       0.2360126 0.2101636 0.2597050 0.2627679 0.0000000 0.2172099 0.1826461 0.3130888 0.3093753 0.2402746 0.0132183 0.3042009 0.1607115 
RuprSFB    0.2249460 0.2385142 0.2548772 0.3119577 0.2172099 0.0000000 0.2891302 0.2848460 0.3058717 0.2950076 0.2170954 0.3209973 0.2192924 
Retr       0.2961649 0.2712605 0.2829049 0.3073140 0.1826461 0.2891302 0.0000000 0.3036485 0.2971520 0.3037307 0.1915561 0.1986302 0.2530584 
Beta       0.3140900 0.2890761 0.3566799 0.3126045 0.3130888 0.2848460 0.3036485 0.0000000 0.1390039 0.3579540 0.3151133 0.3239147 0.2750875 
Spol       0.3499807 0.3211776 0.3318976 0.3676271 0.3093753 0.3058717 0.2971520 0.1390039 0.0000000 0.3661223 0.3112949 0.3345294 0.3457801 
MJM1652    0.3406984 0.1421322 0.3780987 0.1981781 0.2402746 0.2950076 0.3037307 0.3579540 0.3661223 0.0000000 0.2442447 0.4136921 0.2535958 
NepSFB     0.2324248 0.2060190 0.2644649 0.2636220 0.0132183 0.2170954 0.1915561 0.3151133 0.3112949 0.2442447 0.0000000 0.3011140 0.1515642 
WPYJ       0.3312542 0.3123767 0.3084263 0.3413017 0.3042009 0.3209973 0.1986302 0.3239147 0.3345294 0.4136921 0.3011140 0.0000000 0.3190683 
MJM2940    0.1434109 0.2166736 0.2684523 0.2257805 0.1607115 0.2192924 0.2530584 0.2750875 0.3457801 0.2535958 0.1515642 0.3190683 0.0000000 
