13
DrolusSFB  0.0000000 0.2647850 0.3185564 0.3290310 0.2227711 0.2519983 0.3340559 0.2558823 0.2959977 0.3117843 0.2353692 0.3593212 0.1514582 
Dino       0.2647850 0.0000000 0.2691347 0.2184540 0.3159152 0.2457834 0.3361074 0.3742588 0.3796951 0.1454660 0.3335591 0.3401754 0.2961860 
MJM3360    0.3185564 0.2691347 0.0000000 0.3006160 0.2652551 0.2087716 0.3406926 0.2804535 0.2535892 0.2875623 0.2830573 0.3172632 0.2305017 
DrobinSFB  0.3290310 0.2184540 0.3006160 0.0000000 0.3402670 0.2286280 0.4017080 0.3697575 0.3950092 0.2542613 0.3435741 0.4174681 0.3476199 
Neam       0.2227711 0.3159152 0.2652551 0.3402670 0.0000000 0.2034991 0.2597874 0.4005676 0.3837489 0.3492828 0.0200512 0.3059141 0.3031165 
RuprSFB    0.2519983 0.2457834 0.2087716 0.2286280 0.2034991 0.0000000 0.2535042 0.1944593 0.1842391 0.2337563 0.2167577 0.2899509 0.1658075 
Retr       0.3340559 0.3361074 0.3406926 0.4017080 0.2597874 0.2535042 0.0000000 0.2790152 0.2790296 0.3176411 0.2634300 0.1524987 0.3357323 
Beta       0.2558823 0.3742588 0.2804535 0.3697575 0.4005676 0.1944593 0.2790152 0.0000000 0.1300690 0.4337126 0.4326189 0.3507130 0.4257947 
Spol       0.2959977 0.3796951 0.2535892 0.3950092 0.3837489 0.1842391 0.2790296 0.1300690 0.0000000 0.3853146 0.4184407 0.3242526 0.3826559 
MJM1652    0.3117843 0.1454660 0.2875623 0.2542613 0.3492828 0.2337563 0.3176411 0.4337126 0.3853146 0.0000000 0.3760291 0.3555446 0.3379337 
NepSFB     0.2353692 0.3335591 0.2830573 0.3435741 0.0200512 0.2167577 0.2634300 0.4326189 0.4184407 0.3760291 0.0000000 0.3196192 0.3196689 
WPYJ       0.3593212 0.3401754 0.3172632 0.4174681 0.3059141 0.2899509 0.1524987 0.3507130 0.3242526 0.3555446 0.3196192 0.0000000 0.2941816 
MJM2940    0.1514582 0.2961860 0.2305017 0.3476199 0.3031165 0.1658075 0.3357323 0.4257947 0.3826559 0.3379337 0.3196689 0.2941816 0.0000000 
