13
DrolusSFB  0.0000000 0.3265090 0.3425424 0.3521246 0.2136699 0.3361573 0.3361926 0.3143639 0.2822987 0.3629561 0.2146422 0.3467227 0.1857219 
Dino       0.3265090 0.0000000 0.4217500 0.1619042 0.2560783 0.3945012 0.4023333 0.3631885 0.3747049 0.1605823 0.2596742 0.3600951 0.2716458 
MJM3360    0.3425424 0.4217500 0.0000000 0.4535093 0.3411099 0.2797078 0.4297861 0.2844631 0.3657433 0.4717321 0.3479641 0.3378364 0.3591511 
DrobinSFB  0.3521246 0.1619042 0.4535093 0.0000000 0.2819302 0.3898311 0.4779458 0.3529184 0.4023392 0.1936545 0.2895527 0.3674304 0.2977662 
Neam       0.2136699 0.2560783 0.3411099 0.2819302 0.0000000 0.2940131 0.3319443 0.3117106 0.3329388 0.3078976 0.0099519 0.2857840 0.1791244 
RuprSFB    0.3361573 0.3945012 0.2797078 0.3898311 0.2940131 0.0000000 0.4010341 0.3343572 0.3519723 0.4110549 0.3007634 0.3670671 0.2855657 
Retr       0.3361926 0.4023333 0.4297861 0.4779458 0.3319443 0.4010341 0.0000000 0.3717378 0.4053205 0.4560269 0.3362399 0.1657655 0.3179569 
Beta       0.3143639 0.3631885 0.2844631 0.3529184 0.3117106 0.3343572 0.3717378 0.0000000 0.1235822 0.3870860 0.3068678 0.3788858 0.2627220 
Spol       0.2822987 0.3747049 0.3657433 0.4023392 0.3329388 0.3519723 0.4053205 0.1235822 0.0000000 0.4185123 0.3418509 0.3989743 0.2909110 
MJM1652    0.3629561 0.1605823 0.4717321 0.1936545 0.3078976 0.4110549 0.4560269 0.3870860 0.4185123 0.0000000 0.3112375 0.3668394 0.3170855 
NepSFB     0.2146422 0.2596742 0.3479641 0.2895527 0.0099519 0.3007634 0.3362399 0.3068678 0.3418509 0.3112375 0.0000000 0.2909072 0.1835046 
WPYJ       0.3467227 0.3600951 0.3378364 0.3674304 0.2857840 0.3670671 0.1657655 0.3788858 0.3989743 0.3668394 0.2909072 0.0000000 0.2637621 
MJM2940    0.1857219 0.2716458 0.3591511 0.2977662 0.1791244 0.2855657 0.3179569 0.2627220 0.2909110 0.3170855 0.1835046 0.2637621 0.0000000 
