13
DrolusSFB  0.0000000 0.4698164 0.4210930 0.5232026 0.3174266 0.4512908 0.3626270 0.3605234 0.3760202 0.4933131 0.3158684 0.3990578 0.2660828 
Dino       0.4698164 0.0000000 0.4811437 0.2802697 0.4125782 0.5881081 0.4406128 0.4709717 0.5154986 0.1963327 0.4116619 0.5023467 0.3782793 
MJM3360    0.4210930 0.4811437 0.0000000 0.5301094 0.4056856 0.3389293 0.4046223 0.4451956 0.4277313 0.4940077 0.4021705 0.4149872 0.3914976 
DrobinSFB  0.5232026 0.2802697 0.5301094 0.0000000 0.4845107 0.6384049 0.5034319 0.5304537 0.5646529 0.3107431 0.4852462 0.5437093 0.4585970 
Neam       0.3174266 0.4125782 0.4056856 0.4845107 0.0000000 0.3934705 0.3181342 0.3722481 0.3925204 0.4313707 0.0161399 0.3505726 0.2703918 
RuprSFB    0.4512908 0.5881081 0.3389293 0.6384049 0.3934705 0.0000000 0.4052297 0.4143795 0.4371107 0.5980627 0.3959680 0.4624425 0.4231780 
Retr       0.3626270 0.4406128 0.4046223 0.5034319 0.3181342 0.4052297 0.0000000 0.3703036 0.3832255 0.4492926 0.3197405 0.2194753 0.3254958 
Beta       0.3605234 0.4709717 0.4451956 0.5304537 0.3722481 0.4143795 0.3703036 0.0000000 0.1479038 0.4831015 0.3733522 0.3842964 0.3548221 
Spol       0.3760202 0.5154986 0.4277313 0.5646529 0.3925204 0.4371107 0.3832255 0.1479038 0.0000000 0.5209733 0.3963220 0.3990423 0.3650000 
MJM1652    0.4933131 0.1963327 0.4940077 0.3107431 0.4313707 0.5980627 0.4492926 0.4831015 0.5209733 0.0000000 0.4328164 0.4899726 0.4191700 
NepSFB     0.3158684 0.4116619 0.4021705 0.4852462 0.0161399 0.3959680 0.3197405 0.3733522 0.3963220 0.4328164 0.0000000 0.3543996 0.2703648 
WPYJ       0.3990578 0.5023467 0.4149872 0.5437093 0.3505726 0.4624425 0.2194753 0.3842964 0.3990423 0.4899726 0.3543996 0.0000000 0.3656424 
MJM2940    0.2660828 0.3782793 0.3914976 0.4585970 0.2703918 0.4231780 0.3254958 0.3548221 0.3650000 0.4191700 0.2703648 0.3656424 0.0000000 
