13
DrolusSFB  0.0000000 0.3901841 0.4129839 0.3932166 0.2926430 0.3542012 0.3657192 0.4268108 0.4303974 0.4218282 0.2896642 0.4101689 0.2066189 
Dino       0.3901841 0.0000000 0.4997302 0.2609764 0.3610649 0.3863155 0.4619130 0.4982509 0.4837879 0.1835944 0.3661580 0.5139348 0.3538010 
MJM3360    0.4129839 0.4997302 0.0000000 0.5286466 0.4109635 0.3380981 0.4618654 0.4869284 0.4865303 0.5329481 0.4169578 0.5716582 0.4062979 
DrobinSFB  0.3932166 0.2609764 0.5286466 0.0000000 0.4128364 0.4214235 0.4849029 0.5025614 0.4998235 0.2874110 0.4190677 0.5986884 0.3688681 
Neam       0.2926430 0.3610649 0.4109635 0.4128364 0.0000000 0.3373957 0.3657582 0.4051928 0.3930961 0.3884567 0.0144195 0.4290371 0.2536752 
RuprSFB    0.3542012 0.3863155 0.3380981 0.4214235 0.3373957 0.0000000 0.3831887 0.4601189 0.4386606 0.4071227 0.3318008 0.4625566 0.3255954 
Retr       0.3657192 0.4619130 0.4618654 0.4849029 0.3657582 0.3831887 0.0000000 0.4678296 0.4634621 0.4666711 0.3700455 0.2540175 0.3357913 
Beta       0.4268108 0.4982509 0.4869284 0.5025614 0.4051928 0.4601189 0.4678296 0.0000000 0.1434521 0.5268294 0.4096262 0.5019886 0.4102914 
Spol       0.4303974 0.4837879 0.4865303 0.4998235 0.3930961 0.4386606 0.4634621 0.1434521 0.0000000 0.5308533 0.3999869 0.4925737 0.3888389 
MJM1652    0.4218282 0.1835944 0.5329481 0.2874110 0.3884567 0.4071227 0.4666711 0.5268294 0.5308533 0.0000000 0.3969224 0.5599295 0.3833502 
NepSFB     0.2896642 0.3661580 0.4169578 0.4190677 0.0144195 0.3318008 0.3700455 0.4096262 0.3999869 0.3969224 0.0000000 0.4253691 0.2563852 
WPYJ       0.4101689 0.5139348 0.5716582 0.5986884 0.4290371 0.4625566 0.2540175 0.5019886 0.4925737 0.5599295 0.4253691 0.0000000 0.4107793 
MJM2940    0.2066189 0.3538010 0.4062979 0.3688681 0.2536752 0.3255954 0.3357913 0.4102914 0.3888389 0.3833502 0.2563852 0.4107793 0.0000000 
