13
DrolusSFB  0.0000000 0.3396194 0.3975409 0.4159038 0.2939531 0.4128728 0.3607931 0.4873286 0.4689932 0.3959623 0.2979250 0.5321514 0.1950971 
Dino       0.3396194 0.0000000 0.4282539 0.2842304 0.2818910 0.3479484 0.4003537 0.4812743 0.4765726 0.1992413 0.2892870 0.6487142 0.2882893 
MJM3360    0.3975409 0.4282539 0.0000000 0.4596710 0.3316138 0.3130446 0.3980035 0.4347305 0.4495370 0.4190089 0.3307901 0.5632116 0.3545242 
DrobinSFB  0.4159038 0.2842304 0.4596710 0.0000000 0.3161444 0.3895468 0.4597281 0.5187343 0.5110961 0.2918655 0.3252257 0.7077764 0.3481920 
Neam       0.2939531 0.2818910 0.3316138 0.3161444 0.0000000 0.3039872 0.3524853 0.4424002 0.4095980 0.3266040 0.0111043 0.5550925 0.2296536 
RuprSFB    0.4128728 0.3479484 0.3130446 0.3895468 0.3039872 0.0000000 0.3714806 0.4388289 0.4345225 0.3723877 0.3084810 0.5643668 0.3252230 
Retr       0.3607931 0.4003537 0.3980035 0.4597281 0.3524853 0.3714806 0.0000000 0.4628715 0.4244031 0.4614058 0.3503894 0.2378380 0.3123518 
Beta       0.4873286 0.4812743 0.4347305 0.5187343 0.4424002 0.4388289 0.4628715 0.0000000 0.1611711 0.5273964 0.4457850 0.5909972 0.3950776 
Spol       0.4689932 0.4765726 0.4495370 0.5110961 0.4095980 0.4345225 0.4244031 0.1611711 0.0000000 0.4921694 0.4206333 0.5141029 0.3663883 
MJM1652    0.3959623 0.1992413 0.4190089 0.2918655 0.3266040 0.3723877 0.4614058 0.5273964 0.4921694 0.0000000 0.3295536 0.6061241 0.3275446 
NepSFB     0.2979250 0.2892870 0.3307901 0.3252257 0.0111043 0.3084810 0.3503894 0.4457850 0.4206333 0.3295536 0.0000000 0.5391082 0.2349828 
WPYJ       0.5321514 0.6487142 0.5632116 0.7077764 0.5550925 0.5643668 0.2378380 0.5909972 0.5141029 0.6061241 0.5391082 0.0000000 0.4489210 
MJM2940    0.1950971 0.2882893 0.3545242 0.3481920 0.2296536 0.3252230 0.3123518 0.3950776 0.3663883 0.3275446 0.2349828 0.4489210 0.0000000 
