13
DrolusSFB  0.0000000 0.4053713 0.2827508 0.3715346 0.2797204 0.3313955 0.3938657 0.3773521 0.3894667 0.4176137 0.2899545 0.3685708 0.1640271 
Dino       0.4053713 0.0000000 0.3451401 0.2122980 0.3164072 0.3989878 0.4186776 0.4237058 0.4846504 0.2113812 0.3268406 0.4060117 0.2645500 
MJM3360    0.2827508 0.3451401 0.0000000 0.3638371 0.2774217 0.2868987 0.3210824 0.2899531 0.2802793 0.3599901 0.2758053 0.2590607 0.3045003 
DrobinSFB  0.3715346 0.2122980 0.3638371 0.0000000 0.3270016 0.4581562 0.3861657 0.4434731 0.4411955 0.2400986 0.3314667 0.3928771 0.3171029 
Neam       0.2797204 0.3164072 0.2774217 0.3270016 0.0000000 0.2850949 0.3253274 0.3881936 0.4087835 0.3682165 0.0183276 0.3046844 0.1695648 
RuprSFB    0.3313955 0.3989878 0.2868987 0.4581562 0.2850949 0.0000000 0.4023926 0.3249290 0.3677489 0.4008552 0.3060984 0.3631450 0.2825751 
Retr       0.3938657 0.4186776 0.3210824 0.3861657 0.3253274 0.4023926 0.0000000 0.3674955 0.3953703 0.4117265 0.3255332 0.1584396 0.3478050 
Beta       0.3773521 0.4237058 0.2899531 0.4434731 0.3881936 0.3249290 0.3674955 0.0000000 0.1624618 0.4506153 0.4054200 0.3447722 0.3378423 
Spol       0.3894667 0.4846504 0.2802793 0.4411955 0.4087835 0.3677489 0.3953703 0.1624618 0.0000000 0.5005378 0.4388787 0.3879931 0.3367353 
MJM1652    0.4176137 0.2113812 0.3599901 0.2400986 0.3682165 0.4008552 0.4117265 0.4506153 0.5005378 0.0000000 0.3764566 0.4024133 0.3121704 
NepSFB     0.2899545 0.3268406 0.2758053 0.3314667 0.0183276 0.3060984 0.3255332 0.4054200 0.4388787 0.3764566 0.0000000 0.3031559 0.1826140 
WPYJ       0.3685708 0.4060117 0.2590607 0.3928771 0.3046844 0.3631450 0.1584396 0.3447722 0.3879931 0.4024133 0.3031559 0.0000000 0.3445006 
MJM2940    0.1640271 0.2645500 0.3045003 0.3171029 0.1695648 0.2825751 0.3478050 0.3378423 0.3367353 0.3121704 0.1826140 0.3445006 0.0000000 
