13
DrolusSFB  0.0000000 0.4341706 0.3643650 0.3642036 0.3807008 0.3340037 0.4056171 0.4614616 0.5003035 0.4670514 0.3658076 0.2849197 0.2549828 
Dino       0.4341706 0.0000000 0.3393481 0.1314389 0.4109628 0.2758847 0.4224826 0.5617405 0.5287857 0.1615639 0.4173604 0.2980599 0.3718189 
MJM3360    0.3643650 0.3393481 0.0000000 0.3788630 0.3414262 0.2209310 0.3726205 0.3600630 0.4231916 0.3717850 0.3504547 0.2971409 0.3258784 
DrobinSFB  0.3642036 0.1314389 0.3788630 0.0000000 0.3037327 0.3035018 0.4466775 0.4320325 0.4052113 0.1880993 0.3089129 0.3221463 0.3127038 
Neam       0.3807008 0.4109628 0.3414262 0.3037327 0.0000000 0.2461278 0.3461056 0.4448775 0.4900723 0.4517725 0.0162538 0.2740716 0.2872286 
RuprSFB    0.3340037 0.2758847 0.2209310 0.3035018 0.2461278 0.0000000 0.2981320 0.3040860 0.3495806 0.2773163 0.2544513 0.2731323 0.2602411 
Retr       0.4056171 0.4224826 0.3726205 0.4466775 0.3461056 0.2981320 0.0000000 0.3610857 0.3878850 0.4362811 0.3478185 0.1645761 0.3614239 
Beta       0.4614616 0.5617405 0.3600630 0.4320325 0.4448775 0.3040860 0.3610857 0.0000000 0.1876586 0.5935622 0.4433122 0.2945751 0.4030165 
Spol       0.5003035 0.5287857 0.4231916 0.4052113 0.4900723 0.3495806 0.3878850 0.1876586 0.0000000 0.5413356 0.4763507 0.3323924 0.4414243 
MJM1652    0.4670514 0.1615639 0.3717850 0.1880993 0.4517725 0.2773163 0.4362811 0.5935622 0.5413356 0.0000000 0.4492495 0.3128823 0.4105532 
NepSFB     0.3658076 0.4173604 0.3504547 0.3089129 0.0162538 0.2544513 0.3478185 0.4433122 0.4763507 0.4492495 0.0000000 0.2694647 0.2780392 
WPYJ       0.2849197 0.2980599 0.2971409 0.3221463 0.2740716 0.2731323 0.1645761 0.2945751 0.3323924 0.3128823 0.2694647 0.0000000 0.2336722 
MJM2940    0.2549828 0.3718189 0.3258784 0.3127038 0.2872286 0.2602411 0.3614239 0.4030165 0.4414243 0.4105532 0.2780392 0.2336722 0.0000000 
