13
DrolusSFB  0.0000000 0.2759383 0.3504127 0.3250003 0.2099822 0.3571574 0.3146071 0.3241611 0.3503769 0.2901751 0.2192251 0.3558737 0.1938547 
Dino       0.2759383 0.0000000 0.3834682 0.2298801 0.1901747 0.3456881 0.2858758 0.3694125 0.3870512 0.1715788 0.1946110 0.3464870 0.2096909 
MJM3360    0.3504127 0.3834682 0.0000000 0.4445709 0.3256164 0.3020923 0.2987233 0.3548375 0.3592461 0.4197793 0.3304566 0.3989279 0.3479983 
DrobinSFB  0.3250003 0.2298801 0.4445709 0.0000000 0.2468509 0.4069814 0.3658192 0.3817728 0.4263864 0.2591262 0.2455224 0.4482128 0.2870960 
Neam       0.2099822 0.1901747 0.3256164 0.2468509 0.0000000 0.2703600 0.2507217 0.2743567 0.3160758 0.2375509 0.0083578 0.3005755 0.1515051 
RuprSFB    0.3571574 0.3456881 0.3020923 0.4069814 0.2703600 0.0000000 0.3254392 0.3508112 0.3736266 0.3870000 0.2779590 0.3474091 0.2863547 
Retr       0.3146071 0.2858758 0.2987233 0.3658192 0.2507217 0.3254392 0.0000000 0.2997237 0.3393621 0.3342471 0.2622154 0.1683237 0.2740829 
Beta       0.3241611 0.3694125 0.3548375 0.3817728 0.2743567 0.3508112 0.2997237 0.0000000 0.1260415 0.4027595 0.2873371 0.2924783 0.2793394 
Spol       0.3503769 0.3870512 0.3592461 0.4263864 0.3160758 0.3736266 0.3393621 0.1260415 0.0000000 0.4287162 0.3206369 0.3607272 0.3252517 
MJM1652    0.2901751 0.1715788 0.4197793 0.2591262 0.2375509 0.3870000 0.3342471 0.4027595 0.4287162 0.0000000 0.2406249 0.4003112 0.2672569 
NepSFB     0.2192251 0.1946110 0.3304566 0.2455224 0.0083578 0.2779590 0.2622154 0.2873371 0.3206369 0.2406249 0.0000000 0.3118286 0.1584805 
WPYJ       0.3558737 0.3464870 0.3989279 0.4482128 0.3005755 0.3474091 0.1683237 0.2924783 0.3607272 0.4003112 0.3118286 0.0000000 0.3110821 
MJM2940    0.1938547 0.2096909 0.3479983 0.2870960 0.1515051 0.2863547 0.2740829 0.2793394 0.3252517 0.2672569 0.1584805 0.3110821 0.0000000 
