13
DrolusSFB  0.0000000 0.2571923 0.2685226 0.2635308 0.1994169 0.2608514 0.2868931 0.3224710 0.3119778 0.2601159 0.2032714 0.3376664 0.1549262 
Dino       0.2571923 0.0000000 0.3011121 0.1256173 0.2019097 0.3019739 0.3009344 0.3178656 0.3368813 0.1218488 0.2061811 0.3460725 0.2247579 
MJM3360    0.2685226 0.3011121 0.0000000 0.3339576 0.2580520 0.2558383 0.3026051 0.3492242 0.3345042 0.3064787 0.2716083 0.3641974 0.2380507 
DrobinSFB  0.2635308 0.1256173 0.3339576 0.0000000 0.2087374 0.3173040 0.3250233 0.3492882 0.3424236 0.1377960 0.2141456 0.3395974 0.2213504 
Neam       0.1994169 0.2019097 0.2580520 0.2087374 0.0000000 0.2062678 0.2737827 0.2988856 0.2706764 0.2131851 0.0090574 0.3100424 0.1536757 
RuprSFB    0.2608514 0.3019739 0.2558383 0.3173040 0.2062678 0.0000000 0.3000224 0.3127810 0.3142727 0.3264180 0.2107345 0.3343149 0.2206960 
Retr       0.2868931 0.3009344 0.3026051 0.3250233 0.2737827 0.3000224 0.0000000 0.3661563 0.3493579 0.3021374 0.2785097 0.1737553 0.2877766 
Beta       0.3224710 0.3178656 0.3492242 0.3492882 0.2988856 0.3127810 0.3661563 0.0000000 0.1178485 0.3603171 0.3091613 0.3895011 0.2931310 
Spol       0.3119778 0.3368813 0.3345042 0.3424236 0.2706764 0.3142727 0.3493579 0.1178485 0.0000000 0.3609985 0.2812052 0.3953923 0.2854495 
MJM1652    0.2601159 0.1218488 0.3064787 0.1377960 0.2131851 0.3264180 0.3021374 0.3603171 0.3609985 0.0000000 0.2155139 0.3397470 0.2320032 
NepSFB     0.2032714 0.2061811 0.2716083 0.2141456 0.0090574 0.2107345 0.2785097 0.3091613 0.2812052 0.2155139 0.0000000 0.3161706 0.1616623 
WPYJ       0.3376664 0.3460725 0.3641974 0.3395974 0.3100424 0.3343149 0.1737553 0.3895011 0.3953923 0.3397470 0.3161706 0.0000000 0.3000718 
MJM2940    0.1549262 0.2247579 0.2380507 0.2213504 0.1536757 0.2206960 0.2877766 0.2931310 0.2854495 0.2320032 0.1616623 0.3000718 0.0000000 
