13
DrolusSFB  0.0000000 0.2990520 0.2896255 0.3171245 0.2587041 0.3289682 0.3154220 0.3570723 0.3466201 0.3581003 0.2610625 0.3609461 0.1828224 
Dino       0.2990520 0.0000000 0.3885151 0.1683251 0.2733012 0.3678200 0.3510870 0.4027405 0.3656739 0.1492484 0.2758496 0.3765990 0.2572662 
MJM3360    0.2896255 0.3885151 0.0000000 0.4240223 0.3321805 0.2808097 0.3702741 0.3969728 0.3722336 0.4597364 0.3372668 0.3472415 0.3028629 
DrobinSFB  0.3171245 0.1683251 0.4240223 0.0000000 0.3341835 0.4005229 0.3930485 0.4409547 0.4096294 0.1925897 0.3397887 0.4350244 0.3062988 
Neam       0.2587041 0.2733012 0.3321805 0.3341835 0.0000000 0.3297824 0.3153494 0.3640562 0.3526672 0.3118847 0.0131376 0.3254049 0.2052557 
RuprSFB    0.3289682 0.3678200 0.2808097 0.4005229 0.3297824 0.0000000 0.3195983 0.3837684 0.3805512 0.4168787 0.3408814 0.3467013 0.2977953 
Retr       0.3154220 0.3510870 0.3702741 0.3930485 0.3153494 0.3195983 0.0000000 0.3380898 0.3282812 0.3881204 0.3128884 0.1819858 0.3001787 
Beta       0.3570723 0.4027405 0.3969728 0.4409547 0.3640562 0.3837684 0.3380898 0.0000000 0.1339234 0.4368214 0.3820560 0.3551370 0.3170434 
Spol       0.3466201 0.3656739 0.3722336 0.4096294 0.3526672 0.3805512 0.3282812 0.1339234 0.0000000 0.4027349 0.3663712 0.3289785 0.3147314 
MJM1652    0.3581003 0.1492484 0.4597364 0.1925897 0.3118847 0.4168787 0.3881204 0.4368214 0.4027349 0.0000000 0.3220561 0.4100028 0.3187303 
NepSFB     0.2610625 0.2758496 0.3372668 0.3397887 0.0131376 0.3408814 0.3128884 0.3820560 0.3663712 0.3220561 0.0000000 0.3297687 0.2048669 
WPYJ       0.3609461 0.3765990 0.3472415 0.4350244 0.3254049 0.3467013 0.1819858 0.3551370 0.3289785 0.4100028 0.3297687 0.0000000 0.3149847 
MJM2940    0.1828224 0.2572662 0.3028629 0.3062988 0.2052557 0.2977953 0.3001787 0.3170434 0.3147314 0.3187303 0.2048669 0.3149847 0.0000000 
