13
DrolusSFB  0.0000000 0.2262169 0.3127395 0.2759230 0.1940554 0.3416555 0.3471107 0.3579330 0.3421862 0.2638303 0.1967609 0.3574120 0.1656709 
Dino       0.2262169 0.0000000 0.2562713 0.1240342 0.2020948 0.2979321 0.3398903 0.3422436 0.3179882 0.0965458 0.1950356 0.3439022 0.2176149 
MJM3360    0.3127395 0.2562713 0.0000000 0.3398153 0.3155070 0.2621434 0.3456940 0.3826801 0.3815213 0.3179975 0.3183024 0.4040933 0.2955702 
DrobinSFB  0.2759230 0.1240342 0.3398153 0.0000000 0.2719393 0.4110329 0.3418344 0.4489010 0.4504069 0.1728153 0.2716152 0.4732040 0.2514385 
Neam       0.1940554 0.2020948 0.3155070 0.2719393 0.0000000 0.3041156 0.2761288 0.3517009 0.3583287 0.2279729 0.0088218 0.3841673 0.1417458 
RuprSFB    0.3416555 0.2979321 0.2621434 0.4110329 0.3041156 0.0000000 0.3388869 0.3559996 0.3638194 0.3582085 0.2993791 0.3189943 0.2785628 
Retr       0.3471107 0.3398903 0.3456940 0.3418344 0.2761288 0.3388869 0.0000000 0.4213417 0.4260107 0.3642499 0.2714076 0.2143667 0.2737388 
Beta       0.3579330 0.3422436 0.3826801 0.4489010 0.3517009 0.3559996 0.4213417 0.0000000 0.1335626 0.3817790 0.3532075 0.4738237 0.3239465 
Spol       0.3421862 0.3179882 0.3815213 0.4504069 0.3583287 0.3638194 0.4260107 0.1335626 0.0000000 0.4194067 0.3490970 0.4690800 0.3286584 
MJM1652    0.2638303 0.0965458 0.3179975 0.1728153 0.2279729 0.3582085 0.3642499 0.3817790 0.4194067 0.0000000 0.2255903 0.4239358 0.2402459 
NepSFB     0.1967609 0.1950356 0.3183024 0.2716152 0.0088218 0.2993791 0.2714076 0.3532075 0.3490970 0.2255903 0.0000000 0.3849594 0.1436278 
WPYJ       0.3574120 0.3439022 0.4040933 0.4732040 0.3841673 0.3189943 0.2143667 0.4738237 0.4690800 0.4239358 0.3849594 0.0000000 0.3505273 
MJM2940    0.1656709 0.2176149 0.2955702 0.2514385 0.1417458 0.2785628 0.2737388 0.3239465 0.3286584 0.2402459 0.1436278 0.3505273 0.0000000 
