13
DrolusSFB  0.0000000 0.2564541 0.3146318 0.3447574 0.2187003 0.2961628 0.2838379 0.3808446 0.3543548 0.2987000 0.2110001 0.3152658 0.1539640 
Dino       0.2564541 0.0000000 0.2928958 0.1608890 0.2047970 0.2757030 0.2514239 0.3590172 0.3941796 0.0914580 0.2041212 0.3130041 0.2219371 
MJM3360    0.3146318 0.2928958 0.0000000 0.3376538 0.2748927 0.2648216 0.3132541 0.3621047 0.3718653 0.3676485 0.2680832 0.3617307 0.3168776 
DrobinSFB  0.3447574 0.1608890 0.3376538 0.0000000 0.2571998 0.3378571 0.3389940 0.4020675 0.4021134 0.1745895 0.2555380 0.3460140 0.2716739 
Neam       0.2187003 0.2047970 0.2748927 0.2571998 0.0000000 0.2361637 0.2423016 0.3194945 0.3503293 0.2488748 0.0190935 0.2863927 0.1598643 
RuprSFB    0.2961628 0.2757030 0.2648216 0.3378571 0.2361637 0.0000000 0.3001086 0.3802116 0.3666003 0.3146170 0.2304968 0.3149917 0.2666289 
Retr       0.2838379 0.2514239 0.3132541 0.3389940 0.2423016 0.3001086 0.0000000 0.3761252 0.3574559 0.3048167 0.2219654 0.1349735 0.2682620 
Beta       0.3808446 0.3590172 0.3621047 0.4020675 0.3194945 0.3802116 0.3761252 0.0000000 0.1488787 0.3909958 0.3196664 0.3791456 0.3422332 
Spol       0.3543548 0.3941796 0.3718653 0.4021134 0.3503293 0.3666003 0.3574559 0.1488787 0.0000000 0.4181273 0.3421673 0.3606233 0.3317118 
MJM1652    0.2987000 0.0914580 0.3676485 0.1745895 0.2488748 0.3146170 0.3048167 0.3909958 0.4181273 0.0000000 0.2339862 0.3399063 0.2523590 
NepSFB     0.2110001 0.2041212 0.2680832 0.2555380 0.0190935 0.2304968 0.2219654 0.3196664 0.3421673 0.2339862 0.0000000 0.2787018 0.1518457 
WPYJ       0.3152658 0.3130041 0.3617307 0.3460140 0.2863927 0.3149917 0.1349735 0.3791456 0.3606233 0.3399063 0.2787018 0.0000000 0.3078460 
MJM2940    0.1539640 0.2219371 0.3168776 0.2716739 0.1598643 0.2666289 0.2682620 0.3422332 0.3317118 0.2523590 0.1518457 0.3078460 0.0000000 
