13
DrolusSFB  0.0000000 0.1931020 0.2429687 0.2241747 0.1552274 0.2352141 0.2579526 0.2803218 0.2611244 0.2177656 0.1734174 0.2415849 0.1573963 
Dino       0.1931020 0.0000000 0.2515759 0.1423604 0.1575294 0.2355483 0.2671524 0.2756285 0.2790746 0.1155740 0.1656966 0.2303853 0.1825014 
MJM3360    0.2429687 0.2515759 0.0000000 0.2678062 0.2384625 0.1954962 0.2882727 0.3110397 0.2978811 0.2468931 0.2491552 0.2760947 0.2301027 
DrobinSFB  0.2241747 0.1423604 0.2678062 0.0000000 0.1944013 0.2656527 0.2910360 0.3087314 0.2962613 0.1630751 0.2111422 0.2802059 0.2240780 
Neam       0.1552274 0.1575294 0.2384625 0.1944013 0.0000000 0.2196986 0.2105629 0.2422942 0.2533986 0.1694569 0.0671147 0.2326744 0.1521346 
RuprSFB    0.2352141 0.2355483 0.1954962 0.2656527 0.2196986 0.0000000 0.2675061 0.3056289 0.2907192 0.2536639 0.2036993 0.2526364 0.2183658 
Retr       0.2579526 0.2671524 0.2882727 0.2910360 0.2105629 0.2675061 0.0000000 0.2947711 0.2904709 0.2736372 0.2391801 0.1480290 0.2536211 
Beta       0.2803218 0.2756285 0.3110397 0.3087314 0.2422942 0.3056289 0.2947711 0.0000000 0.1155634 0.2671908 0.2755875 0.2640876 0.2916585 
Spol       0.2611244 0.2790746 0.2978811 0.2962613 0.2533986 0.2907192 0.2904709 0.1155634 0.0000000 0.2744059 0.2677734 0.2590429 0.2705889 
MJM1652    0.2177656 0.1155740 0.2468931 0.1630751 0.1694569 0.2536639 0.2736372 0.2671908 0.2744059 0.0000000 0.1881680 0.2318549 0.1982934 
NepSFB     0.1734174 0.1656966 0.2491552 0.2111422 0.0671147 0.2036993 0.2391801 0.2755875 0.2677734 0.1881680 0.0000000 0.2545347 0.1625986 
WPYJ       0.2415849 0.2303853 0.2760947 0.2802059 0.2326744 0.2526364 0.1480290 0.2640876 0.2590429 0.2318549 0.2545347 0.0000000 0.2430707 
MJM2940    0.1573963 0.1825014 0.2301027 0.2240780 0.1521346 0.2183658 0.2536211 0.2916585 0.2705889 0.1982934 0.1625986 0.2430707 0.0000000 
