13
DrolusSFB  0.0000000 0.2838989 0.3975964 0.3263415 0.2715576 0.3148410 0.4376295 0.4022635 0.4007265 0.3051283 0.2742467 0.4073575 0.1852059 
Dino       0.2838989 0.0000000 0.3711054 0.2391465 0.2133995 0.3030761 0.4081451 0.4076198 0.4042829 0.1347541 0.2429621 0.4188649 0.2393649 
MJM3360    0.3975964 0.3711054 0.0000000 0.4210231 0.3088050 0.2524086 0.3388161 0.4404578 0.4110242 0.4188089 0.3021428 0.4737408 0.3518102 
DrobinSFB  0.3263415 0.2391465 0.4210231 0.0000000 0.2597809 0.3526051 0.4845057 0.4610586 0.4457355 0.2592539 0.3043213 0.4674952 0.3024128 
Neam       0.2715576 0.2133995 0.3088050 0.2597809 0.0000000 0.2515506 0.2837912 0.2688472 0.3221323 0.2473617 0.0106611 0.3385133 0.1884707 
RuprSFB    0.3148410 0.3030761 0.2524086 0.3526051 0.2515506 0.0000000 0.3405308 0.2878294 0.3172429 0.3535825 0.2594781 0.4251697 0.2754957 
Retr       0.4376295 0.4081451 0.3388161 0.4845057 0.2837912 0.3405308 0.0000000 0.4132327 0.4431354 0.4585708 0.3313246 0.1548358 0.3615065 
Beta       0.4022635 0.4076198 0.4404578 0.4610586 0.2688472 0.2878294 0.4132327 0.0000000 0.1692731 0.4408853 0.2828702 0.5325972 0.3274030 
Spol       0.4007265 0.4042829 0.4110242 0.4457355 0.3221323 0.3172429 0.4431354 0.1692731 0.0000000 0.4808875 0.3500106 0.5177950 0.3730771 
MJM1652    0.3051283 0.1347541 0.4188089 0.2592539 0.2473617 0.3535825 0.4585708 0.4408853 0.4808875 0.0000000 0.2720480 0.4715288 0.2806609 
NepSFB     0.2742467 0.2429621 0.3021428 0.3043213 0.0106611 0.2594781 0.3313246 0.2828702 0.3500106 0.2720480 0.0000000 0.3477716 0.1747988 
WPYJ       0.4073575 0.4188649 0.4737408 0.4674952 0.3385133 0.4251697 0.1548358 0.5325972 0.5177950 0.4715288 0.3477716 0.0000000 0.4279839 
MJM2940    0.1852059 0.2393649 0.3518102 0.3024128 0.1884707 0.2754957 0.3615065 0.3274030 0.3730771 0.2806609 0.1747988 0.4279839 0.0000000 
