13
DrolusSFB  0.0000000 0.2944593 0.4233965 0.3647249 0.1788035 0.4204330 0.2730296 0.4515205 0.4601551 0.3686706 0.2472963 0.2341605 0.2185101 
Dino       0.2944593 0.0000000 0.3701284 0.1923363 0.1514169 0.3577177 0.2635120 0.4341349 0.4897841 0.1407956 0.2138260 0.2677313 0.2602999 
MJM3360    0.4233965 0.3701284 0.0000000 0.4350301 0.2284792 0.2852343 0.3030611 0.4444184 0.4853842 0.3997772 0.3395461 0.2830758 0.3867106 
DrobinSFB  0.3647249 0.1923363 0.4350301 0.0000000 0.1678096 0.4254675 0.3084905 0.5106770 0.5456093 0.2385270 0.2726383 0.2871177 0.3202125 
Neam       0.1788035 0.1514169 0.2284792 0.1678096 0.0000000 0.2258535 0.2409165 0.2759332 0.2754867 0.1836166 0.0114967 0.2033737 0.1347910 
RuprSFB    0.4204330 0.3577177 0.2852343 0.4254675 0.2258535 0.0000000 0.3162549 0.4627891 0.5085750 0.4277927 0.3202683 0.3139166 0.3534352 
Retr       0.2730296 0.2635120 0.3030611 0.3084905 0.2409165 0.3162549 0.0000000 0.3099595 0.3609568 0.2932009 0.2654783 0.1669034 0.2670186 
Beta       0.4515205 0.4341349 0.4444184 0.5106770 0.2759332 0.4627891 0.3099595 0.0000000 0.1720273 0.4591798 0.3911144 0.3241257 0.4327125 
Spol       0.4601551 0.4897841 0.4853842 0.5456093 0.2754867 0.5085750 0.3609568 0.1720273 0.0000000 0.5198807 0.4106861 0.3812070 0.4694539 
MJM1652    0.3686706 0.1407956 0.3997772 0.2385270 0.1836166 0.4277927 0.2932009 0.4591798 0.5198807 0.0000000 0.2630945 0.2963602 0.3099233 
NepSFB     0.2472963 0.2138260 0.3395461 0.2726383 0.0114967 0.3202683 0.2654783 0.3911144 0.4106861 0.2630945 0.0000000 0.2278764 0.2005572 
WPYJ       0.2341605 0.2677313 0.2830758 0.2871177 0.2033737 0.3139166 0.1669034 0.3241257 0.3812070 0.2963602 0.2278764 0.0000000 0.2563700 
MJM2940    0.2185101 0.2602999 0.3867106 0.3202125 0.1347910 0.3534352 0.2670186 0.4327125 0.4694539 0.3099233 0.2005572 0.2563700 0.0000000 
