13
DrolusSFB  0.0000000 0.3552904 0.4172665 0.4754414 0.2999560 0.4082391 0.3962247 0.5038905 0.4903296 0.4092684 0.3041326 0.5004489 0.2084639 
Dino       0.3552904 0.0000000 0.4494837 0.2670462 0.2994023 0.3927523 0.4389269 0.5294027 0.5391618 0.1585022 0.3017070 0.5088332 0.3009022 
MJM3360    0.4172665 0.4494837 0.0000000 0.5102149 0.3946975 0.2935885 0.4403082 0.4920934 0.4747387 0.5052620 0.3989883 0.4816348 0.3880589 
DrobinSFB  0.4754414 0.2670462 0.5102149 0.0000000 0.3867619 0.4968544 0.4902248 0.5958122 0.5890857 0.2856676 0.3880845 0.5204443 0.3802031 
Neam       0.2999560 0.2994023 0.3946975 0.3867619 0.0000000 0.3473040 0.3559888 0.4401063 0.4417853 0.3650557 0.0108954 0.3997359 0.2345173 
RuprSFB    0.4082391 0.3927523 0.2935885 0.4968544 0.3473040 0.0000000 0.3906196 0.4598022 0.4528831 0.4475705 0.3521511 0.4306310 0.3552735 
Retr       0.3962247 0.4389269 0.4403082 0.4902248 0.3559888 0.3906196 0.0000000 0.5301642 0.5027218 0.4800453 0.3582874 0.2328329 0.3384039 
Beta       0.5038905 0.5294027 0.4920934 0.5958122 0.4401063 0.4598022 0.5301642 0.0000000 0.1788341 0.5859440 0.4456317 0.5536624 0.4174293 
Spol       0.4903296 0.5391618 0.4747387 0.5890857 0.4417853 0.4528831 0.5027218 0.1788341 0.0000000 0.5756703 0.4468824 0.5249381 0.4155495 
MJM1652    0.4092684 0.1585022 0.5052620 0.2856676 0.3650557 0.4475705 0.4800453 0.5859440 0.5756703 0.0000000 0.3678151 0.5799969 0.3446777 
NepSFB     0.3041326 0.3017070 0.3989883 0.3880845 0.0108954 0.3521511 0.3582874 0.4456317 0.4468824 0.3678151 0.0000000 0.3963867 0.2428413 
WPYJ       0.5004489 0.5088332 0.4816348 0.5204443 0.3997359 0.4306310 0.2328329 0.5536624 0.5249381 0.5799969 0.3963867 0.0000000 0.3950975 
MJM2940    0.2084639 0.3009022 0.3880589 0.3802031 0.2345173 0.3552735 0.3384039 0.4174293 0.4155495 0.3446777 0.2428413 0.3950975 0.0000000 
