13
DrolusSFB  0.0000000 0.3015129 0.3902236 0.3475327 0.2384401 0.2528807 0.2123820 0.3205196 0.3499156 0.3187356 0.2388270 0.3564603 0.1708587 
Dino       0.3015129 0.0000000 0.3799133 0.1697030 0.2605702 0.2863259 0.2339334 0.4274440 0.4447602 0.1288242 0.2641122 0.3643163 0.2651397 
MJM3360    0.3902236 0.3799133 0.0000000 0.4221596 0.2991188 0.2224656 0.2364576 0.4024564 0.4396120 0.3908120 0.2972569 0.3950532 0.3036028 
DrobinSFB  0.3475327 0.1697030 0.4221596 0.0000000 0.2879011 0.3005329 0.2430857 0.4225852 0.4353942 0.1959208 0.2880059 0.3917572 0.2877916 
Neam       0.2384401 0.2605702 0.2991188 0.2879011 0.0000000 0.2154126 0.1716704 0.3382779 0.3721193 0.2785952 0.0062205 0.2987264 0.1913644 
RuprSFB    0.2528807 0.2863259 0.2224656 0.3005329 0.2154126 0.0000000 0.2191483 0.2901922 0.3264448 0.3002112 0.2166144 0.2984409 0.2234102 
Retr       0.2123820 0.2339334 0.2364576 0.2430857 0.1716704 0.2191483 0.0000000 0.2382689 0.2556488 0.2373337 0.1716744 0.1349153 0.1646033 
Beta       0.3205196 0.4274440 0.4024564 0.4225852 0.3382779 0.2901922 0.2382689 0.0000000 0.1513067 0.4263182 0.3379899 0.3507866 0.3267019 
Spol       0.3499156 0.4447602 0.4396120 0.4353942 0.3721193 0.3264448 0.2556488 0.1513067 0.0000000 0.4481872 0.3708508 0.3783933 0.3448673 
MJM1652    0.3187356 0.1288242 0.3908120 0.1959208 0.2785952 0.3002112 0.2373337 0.4263182 0.4481872 0.0000000 0.2810112 0.3794319 0.2767386 
NepSFB     0.2388270 0.2641122 0.2972569 0.2880059 0.0062205 0.2166144 0.1716744 0.3379899 0.3708508 0.2810112 0.0000000 0.2990313 0.1933637 
WPYJ       0.3564603 0.3643163 0.3950532 0.3917572 0.2987264 0.2984409 0.1349153 0.3507866 0.3783933 0.3794319 0.2990313 0.0000000 0.2952652 
MJM2940    0.1708587 0.2651397 0.3036028 0.2877916 0.1913644 0.2234102 0.1646033 0.3267019 0.3448673 0.2767386 0.1933637 0.2952652 0.0000000 
