13
DrolusSFB  0.0000000 0.2496535 0.3221910 0.2773171 0.1521976 0.2375914 0.2607637 0.3552105 0.2926688 0.2507436 0.1554724 0.2385269 0.1287045 
Dino       0.2496535 0.0000000 0.3901667 0.1985209 0.1723270 0.3087246 0.2940958 0.3946672 0.3509682 0.1148931 0.1760771 0.3458808 0.2416122 
MJM3360    0.3221910 0.3901667 0.0000000 0.3479390 0.2258108 0.2138408 0.2696013 0.3076178 0.2950031 0.3701540 0.2302596 0.2811315 0.2503073 
DrobinSFB  0.2773171 0.1985209 0.3479390 0.0000000 0.1743902 0.2714075 0.3169331 0.3644589 0.3416097 0.2037609 0.1762261 0.3430581 0.2427308 
Neam       0.1521976 0.1723270 0.2258108 0.1743902 0.0000000 0.1625333 0.2030155 0.2623650 0.2322375 0.1610587 0.0018490 0.2520135 0.1204608 
RuprSFB    0.2375914 0.3087246 0.2138408 0.2714075 0.1625333 0.0000000 0.2599575 0.3029273 0.2592551 0.3364889 0.1660652 0.2718217 0.2315284 
Retr       0.2607637 0.2940958 0.2696013 0.3169331 0.2030155 0.2599575 0.0000000 0.2633120 0.2573374 0.2999511 0.2069880 0.1460334 0.2339303 
Beta       0.3552105 0.3946672 0.3076178 0.3644589 0.2623650 0.3029273 0.2633120 0.0000000 0.0961127 0.3608421 0.2655507 0.3510961 0.2749100 
Spol       0.2926688 0.3509682 0.2950031 0.3416097 0.2322375 0.2592551 0.2573374 0.0961127 0.0000000 0.2956431 0.2366602 0.3017081 0.2369354 
MJM1652    0.2507436 0.1148931 0.3701540 0.2037609 0.1610587 0.3364889 0.2999511 0.3608421 0.2956431 0.0000000 0.1645488 0.3745163 0.2293064 
NepSFB     0.1554724 0.1760771 0.2302596 0.1762261 0.0018490 0.1660652 0.2069880 0.2655507 0.2366602 0.1645488 0.0000000 0.2565163 0.1233853 
WPYJ       0.2385269 0.3458808 0.2811315 0.3430581 0.2520135 0.2718217 0.1460334 0.3510961 0.3017081 0.3745163 0.2565163 0.0000000 0.2735208 
MJM2940    0.1287045 0.2416122 0.2503073 0.2427308 0.1204608 0.2315284 0.2339303 0.2749100 0.2369354 0.2293064 0.1233853 0.2735208 0.0000000 
