13
DrolusSFB  0.0000000 0.3444188 0.4494985 0.4068395 0.2794490 0.4080080 0.4319667 0.4067558 0.3957933 0.4046042 0.2876133 0.4210565 0.2086748 
Dino       0.3444188 0.0000000 0.3945444 0.2025099 0.2804370 0.3325433 0.3726276 0.3908777 0.3638895 0.1660415 0.2847554 0.3712539 0.2692621 
MJM3360    0.4494985 0.3945444 0.0000000 0.4601668 0.3640392 0.3037872 0.4387166 0.4474753 0.4348995 0.4496148 0.3650753 0.3728614 0.3808328 
DrobinSFB  0.4068395 0.2025099 0.4601668 0.0000000 0.3165267 0.3704855 0.4362671 0.4344704 0.4475605 0.2429696 0.3169013 0.3946543 0.3227936 
Neam       0.2794490 0.2804370 0.3640392 0.3165267 0.0000000 0.3080430 0.3238136 0.3326794 0.3202829 0.3400475 0.0091027 0.2958380 0.2040129 
RuprSFB    0.4080080 0.3325433 0.3037872 0.3704855 0.3080430 0.0000000 0.4041847 0.3978847 0.3656391 0.4139099 0.3066728 0.3976303 0.3261950 
Retr       0.4319667 0.3726276 0.4387166 0.4362671 0.3238136 0.4041847 0.0000000 0.4333870 0.3592625 0.4171386 0.3290668 0.2104871 0.3283665 
Beta       0.4067558 0.3908777 0.4474753 0.4344704 0.3326794 0.3978847 0.4333870 0.0000000 0.1696570 0.4253851 0.3371638 0.3465762 0.3725973 
Spol       0.3957933 0.3638895 0.4348995 0.4475605 0.3202829 0.3656391 0.3592625 0.1696570 0.0000000 0.4280693 0.3248240 0.3533145 0.3558383 
MJM1652    0.4046042 0.1660415 0.4496148 0.2429696 0.3400475 0.4139099 0.4171386 0.4253851 0.4280693 0.0000000 0.3436417 0.4018965 0.3497269 
NepSFB     0.2876133 0.2847554 0.3650753 0.3169013 0.0091027 0.3066728 0.3290668 0.3371638 0.3248240 0.3436417 0.0000000 0.2956063 0.2086036 
WPYJ       0.4210565 0.3712539 0.3728614 0.3946543 0.2958380 0.3976303 0.2104871 0.3465762 0.3533145 0.4018965 0.2956063 0.0000000 0.3262383 
MJM2940    0.2086748 0.2692621 0.3808328 0.3227936 0.2040129 0.3261950 0.3283665 0.3725973 0.3558383 0.3497269 0.2086036 0.3262383 0.0000000 
