13
DrolusSFB  0.0000000 0.2477631 0.3707760 0.3005408 0.2293964 0.2781705 0.2937405 0.3815922 0.4033910 0.2651158 0.2318368 0.3368302 0.1607650 
Dino       0.2477631 0.0000000 0.4083455 0.2285028 0.2469610 0.3068144 0.3338987 0.4015237 0.4012289 0.1433397 0.2506001 0.3936880 0.2319115 
MJM3360    0.3707760 0.4083455 0.0000000 0.4871804 0.3694036 0.2577346 0.4111264 0.4264850 0.4500269 0.4429638 0.3723510 0.4300585 0.3789639 
DrobinSFB  0.3005408 0.2285028 0.4871804 0.0000000 0.3366839 0.3820951 0.4219713 0.5115629 0.5032074 0.2705269 0.3418431 0.4861733 0.3174309 
Neam       0.2293964 0.2469610 0.3694036 0.3366839 0.0000000 0.2894731 0.3219898 0.3766613 0.3908504 0.2739721 0.0158598 0.3667948 0.2001220 
RuprSFB    0.2781705 0.3068144 0.2577346 0.3820951 0.2894731 0.0000000 0.3325569 0.3404903 0.3458418 0.3391437 0.2969372 0.3577754 0.2725536 
Retr       0.2937405 0.3338987 0.4111264 0.4219713 0.3219898 0.3325569 0.0000000 0.4365071 0.4465461 0.3633146 0.3284055 0.1934454 0.2914333 
Beta       0.3815922 0.4015237 0.4264850 0.5115629 0.3766613 0.3404903 0.4365071 0.0000000 0.1477353 0.4554180 0.3831316 0.4438028 0.3861553 
Spol       0.4033910 0.4012289 0.4500269 0.5032074 0.3908504 0.3458418 0.4465461 0.1477353 0.0000000 0.4478893 0.3977746 0.4523778 0.3884468 
MJM1652    0.2651158 0.1433397 0.4429638 0.2705269 0.2739721 0.3391437 0.3633146 0.4554180 0.4478893 0.0000000 0.2777854 0.4466644 0.2641235 
NepSFB     0.2318368 0.2506001 0.3723510 0.3418431 0.0158598 0.2969372 0.3284055 0.3831316 0.3977746 0.2777854 0.0000000 0.3751371 0.2042655 
WPYJ       0.3368302 0.3936880 0.4300585 0.4861733 0.3667948 0.3577754 0.1934454 0.4438028 0.4523778 0.4466644 0.3751371 0.0000000 0.3586687 
MJM2940    0.1607650 0.2319115 0.3789639 0.3174309 0.2001220 0.2725536 0.2914333 0.3861553 0.3884468 0.2641235 0.2042655 0.3586687 0.0000000 
