13
DrolusSFB  0.0000000 0.3757565 0.4680245 0.4100178 0.2857988 0.4360846 0.3218869 0.4856671 0.4709508 0.4229843 0.2881457 0.3419491 0.2275542 
Dino       0.3757565 0.0000000 0.4922493 0.2280654 0.3149471 0.4649610 0.3610320 0.5088034 0.5052544 0.1988253 0.3193427 0.3776194 0.3456085 
MJM3360    0.4680245 0.4922493 0.0000000 0.4905615 0.4113904 0.3685170 0.4245582 0.5515072 0.5372578 0.5233427 0.4154451 0.4093267 0.4323263 
DrobinSFB  0.4100178 0.2280654 0.4905615 0.0000000 0.3349601 0.4770825 0.3523201 0.5395484 0.5408241 0.2717493 0.3387866 0.3733926 0.3779091 
Neam       0.2857988 0.3149471 0.4113904 0.3349601 0.0000000 0.3952887 0.2895248 0.4421992 0.4423751 0.3605847 0.0082597 0.3218194 0.2583019 
RuprSFB    0.4360846 0.4649610 0.3685170 0.4770825 0.3952887 0.0000000 0.3869660 0.5279144 0.5105181 0.4837533 0.3974693 0.3883753 0.3977495 
Retr       0.3218869 0.3610320 0.4245582 0.3523201 0.2895248 0.3869660 0.0000000 0.4198216 0.4197996 0.3888998 0.2969499 0.1835845 0.3012520 
Beta       0.4856671 0.5088034 0.5515072 0.5395484 0.4421992 0.5279144 0.4198216 0.0000000 0.1961177 0.5578622 0.4491533 0.4209608 0.4735709 
Spol       0.4709508 0.5052544 0.5372578 0.5408241 0.4423751 0.5105181 0.4197996 0.1961177 0.0000000 0.5572104 0.4501115 0.4070713 0.4374786 
MJM1652    0.4229843 0.1988253 0.5233427 0.2717493 0.3605847 0.4837533 0.3888998 0.5578622 0.5572104 0.0000000 0.3647539 0.3995190 0.3660829 
NepSFB     0.2881457 0.3193427 0.4154451 0.3387866 0.0082597 0.3974693 0.2969499 0.4491533 0.4501115 0.3647539 0.0000000 0.3234993 0.2605309 
WPYJ       0.3419491 0.3776194 0.4093267 0.3733926 0.3218194 0.3883753 0.1835845 0.4209608 0.4070713 0.3995190 0.3234993 0.0000000 0.3405982 
MJM2940    0.2275542 0.3456085 0.4323263 0.3779091 0.2583019 0.3977495 0.3012520 0.4735709 0.4374786 0.3660829 0.2605309 0.3405982 0.0000000 
