13
DrolusSFB  0.0000000 0.3001620 0.2825327 0.2716842 0.2292995 0.2888316 0.2715672 0.3088470 0.3335287 0.3312783 0.2343287 0.2537657 0.1698322 
Dino       0.3001620 0.0000000 0.3119691 0.1346035 0.2492798 0.2733137 0.3384541 0.3059128 0.3784786 0.1371855 0.2521045 0.3650811 0.2480587 
MJM3360    0.2825327 0.3119691 0.0000000 0.3277910 0.2910150 0.2258931 0.2639233 0.3341105 0.3773071 0.3837221 0.2971296 0.3024875 0.2888423 
DrobinSFB  0.2716842 0.1346035 0.3277910 0.0000000 0.2175005 0.2814995 0.3403946 0.2980961 0.3486819 0.1800772 0.2193615 0.2983599 0.2307871 
Neam       0.2292995 0.2492798 0.2910150 0.2175005 0.0000000 0.2848025 0.2855458 0.3237586 0.3532679 0.3225161 0.0073579 0.3066757 0.1994298 
RuprSFB    0.2888316 0.2733137 0.2258931 0.2814995 0.2848025 0.0000000 0.2926267 0.2831205 0.3186012 0.3516652 0.2833099 0.2545439 0.2315525 
Retr       0.2715672 0.3384541 0.2639233 0.3403946 0.2855458 0.2926267 0.0000000 0.3420733 0.3549484 0.3806011 0.2916097 0.2105387 0.2477200 
Beta       0.3088470 0.3059128 0.3341105 0.2980961 0.3237586 0.2831205 0.3420733 0.0000000 0.1506690 0.3526874 0.3362882 0.3134032 0.2821897 
Spol       0.3335287 0.3784786 0.3773071 0.3486819 0.3532679 0.3186012 0.3549484 0.1506690 0.0000000 0.3982664 0.3679205 0.3378155 0.3215149 
MJM1652    0.3312783 0.1371855 0.3837221 0.1800772 0.3225161 0.3516652 0.3806011 0.3526874 0.3982664 0.0000000 0.3298990 0.4216225 0.3233083 
NepSFB     0.2343287 0.2521045 0.2971296 0.2193615 0.0073579 0.2833099 0.2916097 0.3362882 0.3679205 0.3298990 0.0000000 0.3131582 0.2037782 
WPYJ       0.2537657 0.3650811 0.3024875 0.2983599 0.3066757 0.2545439 0.2105387 0.3134032 0.3378155 0.4216225 0.3131582 0.0000000 0.2445275 
MJM2940    0.1698322 0.2480587 0.2888423 0.2307871 0.1994298 0.2315525 0.2477200 0.2821897 0.3215149 0.3233083 0.2037782 0.2445275 0.0000000 
