13
DrolusSFB  0.0000000 0.4283138 0.5961285 0.4691246 0.3269829 0.4786261 0.5416356 0.5193503 0.5241644 0.4479157 0.3758155 0.4620483 0.2664533 
Dino       0.4283138 0.0000000 0.5158550 0.2764867 0.2986860 0.4895358 0.5343178 0.5587761 0.5829741 0.1739569 0.3369363 0.4844837 0.3083034 
MJM3360    0.5961285 0.5158550 0.0000000 0.5110644 0.4556295 0.4533919 0.6680322 0.5388569 0.5539908 0.5104221 0.4730514 0.6145586 0.4407740 
DrobinSFB  0.4691246 0.2764867 0.5110644 0.0000000 0.2893747 0.4775415 0.5169361 0.5540270 0.5641236 0.2749040 0.3511531 0.5072761 0.3441876 
Neam       0.3269829 0.2986860 0.4556295 0.2893747 0.0000000 0.4273254 0.4225536 0.4021699 0.4288270 0.2994914 0.0111149 0.4489698 0.2303907 
RuprSFB    0.4786261 0.4895358 0.4533919 0.4775415 0.4273254 0.0000000 0.5851395 0.5161550 0.5364542 0.4698887 0.4328843 0.5109984 0.3715520 
Retr       0.5416356 0.5343178 0.6680322 0.5169361 0.4225536 0.5851395 0.0000000 0.4907074 0.5048981 0.5224497 0.4790556 0.2904700 0.4617112 
Beta       0.5193503 0.5587761 0.5388569 0.5540270 0.4021699 0.5161550 0.4907074 0.0000000 0.1863040 0.5319018 0.4241791 0.4290683 0.4138360 
Spol       0.5241644 0.5829741 0.5539908 0.5641236 0.4288270 0.5364542 0.5048981 0.1863040 0.0000000 0.5806101 0.4812175 0.4473063 0.4389637 
MJM1652    0.4479157 0.1739569 0.5104221 0.2749040 0.2994914 0.4698887 0.5224497 0.5319018 0.5806101 0.0000000 0.3452052 0.5247722 0.3170107 
NepSFB     0.3758155 0.3369363 0.4730514 0.3511531 0.0111149 0.4328843 0.4790556 0.4241791 0.4812175 0.3452052 0.0000000 0.4460820 0.2488790 
WPYJ       0.4620483 0.4844837 0.6145586 0.5072761 0.4489698 0.5109984 0.2904700 0.4290683 0.4473063 0.5247722 0.4460820 0.0000000 0.4321850 
MJM2940    0.2664533 0.3083034 0.4407740 0.3441876 0.2303907 0.3715520 0.4617112 0.4138360 0.4389637 0.3170107 0.2488790 0.4321850 0.0000000 
