13
DrolusSFB  0.0000000 0.3141038 0.2846556 0.2580356 0.3355803 0.2869770 0.2584912 0.2790576 0.2991030 0.3351452 0.2767995 0.3017234 0.1857436 
Dino       0.3141038 0.0000000 0.2877788 0.1325944 0.2857012 0.2890587 0.2801224 0.2949681 0.2960180 0.1676636 0.2783372 0.3299421 0.2757336 
MJM3360    0.2846556 0.2877788 0.0000000 0.3143527 0.2223597 0.2253304 0.2877424 0.2830114 0.2771367 0.2923206 0.2571831 0.2901639 0.2538654 
DrobinSFB  0.2580356 0.1325944 0.3143527 0.0000000 0.1924344 0.3072351 0.3020888 0.3120827 0.3023568 0.1681583 0.2310055 0.3621712 0.2262110 
Neam       0.3355803 0.2857012 0.2223597 0.1924344 0.0000000 0.2078330 0.2215019 0.2283599 0.2361508 0.3170639 0.0149634 0.2301507 0.2284617 
RuprSFB    0.2869770 0.2890587 0.2253304 0.3072351 0.2078330 0.0000000 0.2978340 0.2859279 0.2782063 0.2955812 0.2403905 0.3064230 0.2687437 
Retr       0.2584912 0.2801224 0.2877424 0.3020888 0.2215019 0.2978340 0.0000000 0.2890870 0.2988245 0.3131076 0.2337521 0.1548111 0.2262707 
Beta       0.2790576 0.2949681 0.2830114 0.3120827 0.2283599 0.2859279 0.2890870 0.0000000 0.1024297 0.2929736 0.2392333 0.2830938 0.2574178 
Spol       0.2991030 0.2960180 0.2771367 0.3023568 0.2361508 0.2782063 0.2988245 0.1024297 0.0000000 0.2936652 0.2385453 0.2911307 0.2444008 
MJM1652    0.3351452 0.1676636 0.2923206 0.1681583 0.3170639 0.2955812 0.3131076 0.2929736 0.2936652 0.0000000 0.2879075 0.3453891 0.2941866 
NepSFB     0.2767995 0.2783372 0.2571831 0.2310055 0.0149634 0.2403905 0.2337521 0.2392333 0.2385453 0.2879075 0.0000000 0.3019394 0.2059467 
WPYJ       0.3017234 0.3299421 0.2901639 0.3621712 0.2301507 0.3064230 0.1548111 0.2830938 0.2911307 0.3453891 0.3019394 0.0000000 0.2711380 
MJM2940    0.1857436 0.2757336 0.2538654 0.2262110 0.2284617 0.2687437 0.2262707 0.2574178 0.2444008 0.2941866 0.2059467 0.2711380 0.0000000 
