13
DrolusSFB  0.0000000 0.2375802 0.3056016 0.2841407 0.1986264 0.2784702 0.3330513 0.3060717 0.3336485 0.2827074 0.1973252 0.3298828 0.1392752 
Dino       0.2375802 0.0000000 0.2973164 0.1615534 0.2105992 0.2756092 0.3293187 0.3013235 0.3131478 0.1178496 0.2065340 0.3209086 0.2004686 
MJM3360    0.3056016 0.2973164 0.0000000 0.3502567 0.2655835 0.2395693 0.4052935 0.3441700 0.3423766 0.3279177 0.2513895 0.3912164 0.2646559 
DrobinSFB  0.2841407 0.1615534 0.3502567 0.0000000 0.2618570 0.3017616 0.3846165 0.3254492 0.3602145 0.1780713 0.2605179 0.3560306 0.2541415 
Neam       0.1986264 0.2105992 0.2655835 0.2618570 0.0000000 0.2436902 0.2970995 0.2488410 0.2740024 0.2559336 0.0143487 0.3029070 0.1548301 
RuprSFB    0.2784702 0.2756092 0.2395693 0.3017616 0.2436902 0.0000000 0.3304538 0.3023796 0.2990677 0.2911539 0.2347336 0.3388296 0.2474315 
Retr       0.3330513 0.3293187 0.4052935 0.3846165 0.2970995 0.3304538 0.0000000 0.3536975 0.3133831 0.3692785 0.3027198 0.1564655 0.2694436 
Beta       0.3060717 0.3013235 0.3441700 0.3254492 0.2488410 0.3023796 0.3536975 0.0000000 0.1374888 0.3349016 0.2579196 0.3291373 0.2588576 
Spol       0.3336485 0.3131478 0.3423766 0.3602145 0.2740024 0.2990677 0.3133831 0.1374888 0.0000000 0.3452746 0.2837262 0.3393174 0.2775961 
MJM1652    0.2827074 0.1178496 0.3279177 0.1780713 0.2559336 0.2911539 0.3692785 0.3349016 0.3452746 0.0000000 0.2504496 0.3742034 0.2330172 
NepSFB     0.1973252 0.2065340 0.2513895 0.2605179 0.0143487 0.2347336 0.3027198 0.2579196 0.2837262 0.2504496 0.0000000 0.3064074 0.1572101 
WPYJ       0.3298828 0.3209086 0.3912164 0.3560306 0.3029070 0.3388296 0.1564655 0.3291373 0.3393174 0.3742034 0.3064074 0.0000000 0.3277800 
MJM2940    0.1392752 0.2004686 0.2646559 0.2541415 0.1548301 0.2474315 0.2694436 0.2588576 0.2775961 0.2330172 0.1572101 0.3277800 0.0000000 
