13
DrolusSFB  0.0000000 0.2702266 0.3834689 0.3172229 0.2269803 0.3164206 0.2945162 0.3311984 0.3573075 0.2645298 0.2182914 0.3093876 0.1793827 
Dino       0.2702266 0.0000000 0.3397127 0.1433570 0.1930252 0.2878255 0.2339950 0.3144650 0.3033609 0.1201582 0.1912845 0.2887400 0.2033784 
MJM3360    0.3834689 0.3397127 0.0000000 0.4135401 0.3457647 0.2713220 0.3640346 0.3622313 0.3694244 0.3603748 0.3353610 0.2809006 0.3306991 
DrobinSFB  0.3172229 0.1433570 0.4135401 0.0000000 0.2944717 0.3485151 0.3294660 0.3677143 0.3699255 0.1721254 0.3003116 0.3658840 0.2852434 
Neam       0.2269803 0.1930252 0.3457647 0.2944717 0.0000000 0.2531222 0.2097723 0.2830327 0.2708216 0.2576138 0.0056875 0.2298951 0.1824636 
RuprSFB    0.3164206 0.2878255 0.2713220 0.3485151 0.2531222 0.0000000 0.2812794 0.3003284 0.3113453 0.3248012 0.2476487 0.2703689 0.2789201 
Retr       0.2945162 0.2339950 0.3640346 0.3294660 0.2097723 0.2812794 0.0000000 0.3055563 0.3228454 0.2926328 0.2016479 0.1546868 0.2621558 
Beta       0.3311984 0.3144650 0.3622313 0.3677143 0.2830327 0.3003284 0.3055563 0.0000000 0.1308419 0.3339626 0.2767550 0.3147984 0.3203012 
Spol       0.3573075 0.3033609 0.3694244 0.3699255 0.2708216 0.3113453 0.3228454 0.1308419 0.0000000 0.3242091 0.2803944 0.3234703 0.3309461 
MJM1652    0.2645298 0.1201582 0.3603748 0.1721254 0.2576138 0.3248012 0.2926328 0.3339626 0.3242091 0.0000000 0.2342639 0.3315953 0.2477894 
NepSFB     0.2182914 0.1912845 0.3353610 0.3003116 0.0056875 0.2476487 0.2016479 0.2767550 0.2803944 0.2342639 0.0000000 0.2186422 0.1836354 
WPYJ       0.3093876 0.2887400 0.2809006 0.3658840 0.2298951 0.2703689 0.1546868 0.3147984 0.3234703 0.3315953 0.2186422 0.0000000 0.2704568 
MJM2940    0.1793827 0.2033784 0.3306991 0.2852434 0.1824636 0.2789201 0.2621558 0.3203012 0.3309461 0.2477894 0.1836354 0.2704568 0.0000000 
