13
DrolusSFB  0.0000000 0.3860488 0.4523713 0.4164617 0.3553519 0.4316934 0.4449782 0.5188029 0.5945418 0.4282489 0.3630464 0.5096598 0.2606736 
Dino       0.3860488 0.0000000 0.3995847 0.2354299 0.3509107 0.4631011 0.4737811 0.4919511 0.5597071 0.1882537 0.3546585 0.5385238 0.2978487 
MJM3360    0.4523713 0.3995847 0.0000000 0.4324175 0.3797687 0.3534017 0.4091295 0.4662150 0.5067118 0.4024544 0.3778293 0.4210274 0.3767940 
DrobinSFB  0.4164617 0.2354299 0.4324175 0.0000000 0.3696588 0.4521836 0.5201538 0.5016297 0.6011791 0.2834953 0.3706735 0.5215867 0.3257879 
Neam       0.3553519 0.3509107 0.3797687 0.3696588 0.0000000 0.4056204 0.4080568 0.4510407 0.5175625 0.3864011 0.0155811 0.4661024 0.2758373 
RuprSFB    0.4316934 0.4631011 0.3534017 0.4521836 0.4056204 0.0000000 0.4330383 0.4647250 0.5531989 0.4692275 0.4134346 0.4665561 0.3691911 
Retr       0.4449782 0.4737811 0.4091295 0.5201538 0.4080568 0.4330383 0.0000000 0.4442689 0.5149773 0.4938703 0.4116869 0.2258348 0.3706866 
Beta       0.5188029 0.4919511 0.4662150 0.5016297 0.4510407 0.4647250 0.4442689 0.0000000 0.1844686 0.5201075 0.4432774 0.5052628 0.4228832 
Spol       0.5945418 0.5597071 0.5067118 0.6011791 0.5175625 0.5531989 0.5149773 0.1844686 0.0000000 0.5473266 0.5107900 0.5918269 0.4945325 
MJM1652    0.4282489 0.1882537 0.4024544 0.2834953 0.3864011 0.4692275 0.4938703 0.5201075 0.5473266 0.0000000 0.3848565 0.5532365 0.3390869 
NepSFB     0.3630464 0.3546585 0.3778293 0.3706735 0.0155811 0.4134346 0.4116869 0.4432774 0.5107900 0.3848565 0.0000000 0.4640948 0.2801090 
WPYJ       0.5096598 0.5385238 0.4210274 0.5215867 0.4661024 0.4665561 0.2258348 0.5052628 0.5918269 0.5532365 0.4640948 0.0000000 0.4511901 
MJM2940    0.2606736 0.2978487 0.3767940 0.3257879 0.2758373 0.3691911 0.3706866 0.4228832 0.4945325 0.3390869 0.2801090 0.4511901 0.0000000 
