13
DrolusSFB  0.0000000 0.1925336 0.2847110 0.2224232 0.2280474 0.3072482 0.2642995 0.2921717 0.3264773 0.2462896 0.2392285 0.2717902 0.1326380 
Dino       0.1925336 0.0000000 0.3010794 0.1344359 0.2304596 0.2825682 0.3275067 0.3332267 0.2853830 0.1595049 0.2648976 0.1737777 0.1756753 
MJM3360    0.2847110 0.3010794 0.0000000 0.3088031 0.2720774 0.2448709 0.2903962 0.3457545 0.3643373 0.3159226 0.2823259 0.3051843 0.2760483 
DrobinSFB  0.2224232 0.1344359 0.3088031 0.0000000 0.2458489 0.2900357 0.3068375 0.3194792 0.3059277 0.1593799 0.2622700 0.2862212 0.1999346 
Neam       0.2280474 0.2304596 0.2720774 0.2458489 0.0000000 0.3713760 0.2757881 0.3463371 0.3654367 0.2500809 0.0183731 0.2604203 0.2161905 
RuprSFB    0.3072482 0.2825682 0.2448709 0.2900357 0.3713760 0.0000000 0.2891434 0.3680854 0.4118345 0.3123970 0.3955681 0.3173165 0.2913742 
Retr       0.2642995 0.3275067 0.2903962 0.3068375 0.2757881 0.2891434 0.0000000 0.2909683 0.3051181 0.2963473 0.2851984 0.1558966 0.2541147 
Beta       0.2921717 0.3332267 0.3457545 0.3194792 0.3463371 0.3680854 0.2909683 0.0000000 0.1273208 0.3025895 0.3553724 0.3327429 0.3114266 
Spol       0.3264773 0.2853830 0.3643373 0.3059277 0.3654367 0.4118345 0.3051181 0.1273208 0.0000000 0.3127900 0.3799791 0.3320227 0.3290216 
MJM1652    0.2462896 0.1595049 0.3159226 0.1593799 0.2500809 0.3123970 0.2963473 0.3025895 0.3127900 0.0000000 0.2598381 0.2861058 0.2452128 
NepSFB     0.2392285 0.2648976 0.2823259 0.2622700 0.0183731 0.3955681 0.2851984 0.3553724 0.3799791 0.2598381 0.0000000 0.2574146 0.2308690 
WPYJ       0.2717902 0.1737777 0.3051843 0.2862212 0.2604203 0.3173165 0.1558966 0.3327429 0.3320227 0.2861058 0.2574146 0.0000000 0.2436379 
MJM2940    0.1326380 0.1756753 0.2760483 0.1999346 0.2161905 0.2913742 0.2541147 0.3114266 0.3290216 0.2452128 0.2308690 0.2436379 0.0000000 
