13
DrolusSFB  0.0000000 0.3451582 0.4070578 0.4212802 0.2966854 0.3346470 0.3130605 0.4231927 0.4111008 0.3711880 0.2854225 0.3544683 0.2180414 
Dino       0.3451582 0.0000000 0.4499609 0.2209645 0.3574359 0.3748162 0.3257903 0.4142403 0.4163355 0.2321909 0.3526185 0.4081724 0.2893821 
MJM3360    0.4070578 0.4499609 0.0000000 0.5127360 0.4398348 0.3174153 0.3544875 0.4983279 0.5222318 0.4461665 0.4221035 0.4029017 0.3839326 
DrobinSFB  0.4212802 0.2209645 0.5127360 0.0000000 0.4172250 0.4393957 0.3425671 0.4766571 0.5104312 0.3015225 0.4041390 0.4661489 0.3862077 
Neam       0.2966854 0.3574359 0.4398348 0.4172250 0.0000000 0.3380530 0.3991312 0.4586678 0.4539845 0.3849620 0.0114669 0.4057839 0.2564612 
RuprSFB    0.3346470 0.3748162 0.3174153 0.4393957 0.3380530 0.0000000 0.3059639 0.3840540 0.4078868 0.3922117 0.3244319 0.3310618 0.2919231 
Retr       0.3130605 0.3257903 0.3544875 0.3425671 0.3991312 0.3059639 0.0000000 0.3278723 0.3177380 0.3635031 0.3576239 0.1973093 0.2801550 
Beta       0.4231927 0.4142403 0.4983279 0.4766571 0.4586678 0.3840540 0.3278723 0.0000000 0.1405854 0.4418061 0.4459047 0.4119441 0.3725990 
Spol       0.4111008 0.4163355 0.5222318 0.5104312 0.4539845 0.4078868 0.3177380 0.1405854 0.0000000 0.4537180 0.4367105 0.4052053 0.3815912 
MJM1652    0.3711880 0.2321909 0.4461665 0.3015225 0.3849620 0.3922117 0.3635031 0.4418061 0.4537180 0.0000000 0.3637644 0.4241383 0.3256488 
NepSFB     0.2854225 0.3526185 0.4221035 0.4041390 0.0114669 0.3244319 0.3576239 0.4459047 0.4367105 0.3637644 0.0000000 0.3985137 0.2529585 
WPYJ       0.3544683 0.4081724 0.4029017 0.4661489 0.4057839 0.3310618 0.1973093 0.4119441 0.4052053 0.4241383 0.3985137 0.0000000 0.3260965 
MJM2940    0.2180414 0.2893821 0.3839326 0.3862077 0.2564612 0.2919231 0.2801550 0.3725990 0.3815912 0.3256488 0.2529585 0.3260965 0.0000000 
