13
DrolusSFB  0.0000000 0.4286394 0.5666337 0.4571408 0.2483886 0.3931951 0.3045546 0.3747300 0.3520632 0.4809805 0.2547575 0.3021099 0.1812292 
Dino       0.4286394 0.0000000 0.6148980 0.3165412 0.3812627 0.4781460 0.4342598 0.5021159 0.4781742 0.1865136 0.3852495 0.4447057 0.3817531 
MJM3360    0.5666337 0.6148980 0.0000000 0.5501317 0.5486324 0.4427287 0.5906274 0.6229960 0.5990004 0.6670215 0.5512385 0.5469476 0.5548041 
DrobinSFB  0.4571408 0.3165412 0.5501317 0.0000000 0.4107960 0.4779583 0.4749083 0.5381673 0.5014450 0.3446091 0.4080571 0.5369869 0.4225451 
Neam       0.2483886 0.3812627 0.5486324 0.4107960 0.0000000 0.3642258 0.2682864 0.3511437 0.3261013 0.4122545 0.0073389 0.2705717 0.2104761 
RuprSFB    0.3931951 0.4781460 0.4427287 0.4779583 0.3642258 0.0000000 0.3843019 0.4584063 0.4049434 0.5086108 0.3695448 0.3927430 0.3484846 
Retr       0.3045546 0.4342598 0.5906274 0.4749083 0.2682864 0.3843019 0.0000000 0.3526122 0.3096763 0.4621573 0.2719054 0.1944720 0.2563165 
Beta       0.3747300 0.5021159 0.6229960 0.5381673 0.3511437 0.4584063 0.3526122 0.0000000 0.1572137 0.5108725 0.3553088 0.3865115 0.3506062 
Spol       0.3520632 0.4781742 0.5990004 0.5014450 0.3261013 0.4049434 0.3096763 0.1572137 0.0000000 0.4982298 0.3291733 0.3339503 0.3200359 
MJM1652    0.4809805 0.1865136 0.6670215 0.3446091 0.4122545 0.5086108 0.4621573 0.5108725 0.4982298 0.0000000 0.4176252 0.4638121 0.4292124 
NepSFB     0.2547575 0.3852495 0.5512385 0.4080571 0.0073389 0.3695448 0.2719054 0.3553088 0.3291733 0.4176252 0.0000000 0.2746618 0.2182350 
WPYJ       0.3021099 0.4447057 0.5469476 0.5369869 0.2705717 0.3927430 0.1944720 0.3865115 0.3339503 0.4638121 0.2746618 0.0000000 0.2550657 
MJM2940    0.1812292 0.3817531 0.5548041 0.4225451 0.2104761 0.3484846 0.2563165 0.3506062 0.3200359 0.4292124 0.2182350 0.2550657 0.0000000 
