13
DrolusSFB  0.0000000 0.2342078 0.3316554 0.2127135 0.2061846 0.2810706 0.2901178 0.3283232 0.3057417 0.2558849 0.2176727 0.3240219 0.1728248 
Dino       0.2342078 0.0000000 0.4029578 0.1866320 0.2391355 0.3100181 0.3867001 0.3673975 0.3413512 0.1266217 0.2461135 0.3732413 0.2458509 
MJM3360    0.3316554 0.4029578 0.0000000 0.2770418 0.3886869 0.2592958 0.3761193 0.4249981 0.4038667 0.4890286 0.3977034 0.3848728 0.3382370 
DrobinSFB  0.2127135 0.1866320 0.2770418 0.0000000 0.1974270 0.2647699 0.2730094 0.2829618 0.2486598 0.1732864 0.2031341 0.2768211 0.1930627 
Neam       0.2061846 0.2391355 0.3886869 0.1974270 0.0000000 0.2997438 0.3160062 0.3645528 0.3388189 0.3384506 0.0125734 0.3313469 0.1778326 
RuprSFB    0.2810706 0.3100181 0.2592958 0.2647699 0.2997438 0.0000000 0.2950313 0.3247022 0.3386562 0.3770419 0.3010085 0.3165842 0.2601954 
Retr       0.2901178 0.3867001 0.3761193 0.2730094 0.3160062 0.2950313 0.0000000 0.3218810 0.3203889 0.4315022 0.3307715 0.1403549 0.2877504 
Beta       0.3283232 0.3673975 0.4249981 0.2829618 0.3645528 0.3247022 0.3218810 0.0000000 0.1421783 0.4704233 0.3641949 0.3493504 0.3227061 
Spol       0.3057417 0.3413512 0.4038667 0.2486598 0.3388189 0.3386562 0.3203889 0.1421783 0.0000000 0.4228308 0.3430547 0.3309880 0.2951611 
MJM1652    0.2558849 0.1266217 0.4890286 0.1732864 0.3384506 0.3770419 0.4315022 0.4704233 0.4228308 0.0000000 0.3513797 0.4181200 0.2838566 
NepSFB     0.2176727 0.2461135 0.3977034 0.2031341 0.0125734 0.3010085 0.3307715 0.3641949 0.3430547 0.3513797 0.0000000 0.3429909 0.1856745 
WPYJ       0.3240219 0.3732413 0.3848728 0.2768211 0.3313469 0.3165842 0.1403549 0.3493504 0.3309880 0.4181200 0.3429909 0.0000000 0.2823450 
MJM2940    0.1728248 0.2458509 0.3382370 0.1930627 0.1778326 0.2601954 0.2877504 0.3227061 0.2951611 0.2838566 0.1856745 0.2823450 0.0000000 
