13
DrolusSFB  0.0000000 0.3612348 0.4823256 0.3257941 0.3059768 0.3523579 0.3965057 0.3902145 0.4446691 0.3669650 0.3085249 0.4141033 0.1931715 
Dino       0.3612348 0.0000000 0.4091735 0.2268057 0.2584411 0.3297269 0.3482871 0.3593679 0.4044291 0.1665253 0.2597088 0.3697576 0.2836519 
MJM3360    0.4823256 0.4091735 0.0000000 0.3915261 0.4045419 0.3027498 0.3836389 0.4484641 0.4775302 0.4154862 0.4019080 0.4646677 0.4031064 
DrobinSFB  0.3257941 0.2268057 0.3915261 0.0000000 0.2843747 0.3193282 0.3513051 0.3677238 0.4156717 0.2330888 0.2841697 0.3641583 0.2916218 
Neam       0.3059768 0.2584411 0.4045419 0.2843747 0.0000000 0.3149296 0.3171475 0.3397338 0.3624488 0.2657104 0.0075758 0.3454052 0.2092056 
RuprSFB    0.3523579 0.3297269 0.3027498 0.3193282 0.3149296 0.0000000 0.3116772 0.3575186 0.3922993 0.3564407 0.3100977 0.3244383 0.2767157 
Retr       0.3965057 0.3482871 0.3836389 0.3513051 0.3171475 0.3116772 0.0000000 0.3956302 0.3823711 0.3507249 0.3139497 0.2187389 0.3071848 
Beta       0.3902145 0.3593679 0.4484641 0.3677238 0.3397338 0.3575186 0.3956302 0.0000000 0.1408883 0.3762921 0.3375250 0.4054175 0.3131375 
Spol       0.4446691 0.4044291 0.4775302 0.4156717 0.3624488 0.3922993 0.3823711 0.1408883 0.0000000 0.4169009 0.3633465 0.3815881 0.3534423 
MJM1652    0.3669650 0.1665253 0.4154862 0.2330888 0.2657104 0.3564407 0.3507249 0.3762921 0.4169009 0.0000000 0.2644729 0.3726700 0.2829545 
NepSFB     0.3085249 0.2597088 0.4019080 0.2841697 0.0075758 0.3100977 0.3139497 0.3375250 0.3633465 0.2644729 0.0000000 0.3398183 0.2104350 
WPYJ       0.4141033 0.3697576 0.4646677 0.3641583 0.3454052 0.3244383 0.2187389 0.4054175 0.3815881 0.3726700 0.3398183 0.0000000 0.3354522 
MJM2940    0.1931715 0.2836519 0.4031064 0.2916218 0.2092056 0.2767157 0.3071848 0.3131375 0.3534423 0.2829545 0.2104350 0.3354522 0.0000000 
