13
DrolusSFB  0.0000000 0.3394849 0.4173372 0.3671632 0.2550230 0.3582801 0.3115696 0.4196334 0.3996443 0.3024534 0.3064792 0.3085798 0.2150397 
Dino       0.3394849 0.0000000 0.4793031 0.2690311 0.3690002 0.4670450 0.3410033 0.5076111 0.4981470 0.1908949 0.3432205 0.3455884 0.3719840 
MJM3360    0.4173372 0.4793031 0.0000000 0.5318878 0.5277865 0.3931565 0.3587025 0.5067874 0.4962940 0.4626009 0.4554546 0.3618640 0.5152220 
DrobinSFB  0.3671632 0.2690311 0.5318878 0.0000000 0.4911385 0.5257400 9.0000000 0.5882179 0.5654501 0.2643400 0.4673884 0.3767071 0.4331573 
Neam       0.2550230 0.3690002 0.5277865 0.4911385 0.0000000 0.5150733 9.0000000 0.5337210 0.4802081 0.4176922 0.0296591 9.0000000 0.3020326 
RuprSFB    0.3582801 0.4670450 0.3931565 0.5257400 0.5150733 0.0000000 0.2805788 0.4698277 0.4617464 0.4568360 0.4287474 0.2921343 0.4601920 
Retr       0.3115696 0.3410033 0.3587025 9.0000000 9.0000000 0.2805788 0.0000000 0.3170728 0.3002163 0.3108821 0.3401031 0.1488344 9.0000000 
Beta       0.4196334 0.5076111 0.5067874 0.5882179 0.5337210 0.4698277 0.3170728 0.0000000 0.1645549 0.4553349 0.4764790 0.3473748 0.4887364 
Spol       0.3996443 0.4981470 0.4962940 0.5654501 0.4802081 0.4617464 0.3002163 0.1645549 0.0000000 0.4496755 0.4473830 0.3287918 0.4554841 
MJM1652    0.3024534 0.1908949 0.4626009 0.2643400 0.4176922 0.4568360 0.3108821 0.4553349 0.4496755 0.0000000 0.3627150 0.3456382 0.3737632 
NepSFB     0.3064792 0.3432205 0.4554546 0.4673884 0.0296591 0.4287474 0.3401031 0.4764790 0.4473830 0.3627150 0.0000000 0.3614614 0.3066038 
WPYJ       0.3085798 0.3455884 0.3618640 0.3767071 9.0000000 0.2921343 0.1488344 0.3473748 0.3287918 0.3456382 0.3614614 0.0000000 0.3306131 
MJM2940    0.2150397 0.3719840 0.5152220 0.4331573 0.3020326 0.4601920 9.0000000 0.4887364 0.4554841 0.3737632 0.3066038 0.3306131 0.0000000 
