13
DrolusSFB  0.0000000 0.3188064 0.4524236 0.3702680 0.3018796 0.4149922 0.4949143 0.4192767 0.4299417 0.3683358 0.3112398 0.4543917 0.2165892 
Dino       0.3188064 0.0000000 0.4160968 0.2595320 0.2654555 0.3195430 0.3888682 0.4543754 0.4853946 0.2298868 0.2617179 0.4713166 0.2961601 
MJM3360    0.4524236 0.4160968 0.0000000 0.5310488 0.4327458 0.2905373 0.4668574 0.3984914 0.4030508 0.4511701 0.4088338 0.5110395 0.4086164 
DrobinSFB  0.3702680 0.2595320 0.5310488 0.0000000 0.3282442 0.4117384 0.4865822 0.4679800 0.4910908 0.2734102 0.3282726 0.5369044 0.3265893 
Neam       0.3018796 0.2654555 0.4327458 0.3282442 0.0000000 0.3160370 0.3882879 0.3838344 0.4071044 0.2536289 0.0157202 0.4403756 0.2313434 
RuprSFB    0.4149922 0.3195430 0.2905373 0.4117384 0.3160370 0.0000000 0.3432569 0.3470654 0.3961079 0.3491877 0.3065321 0.3940893 0.3015816 
Retr       0.4949143 0.3888682 0.4668574 0.4865822 0.3882879 0.3432569 0.0000000 0.4255190 0.4318359 0.3916890 0.3789627 0.2025060 0.3451039 
Beta       0.4192767 0.4543754 0.3984914 0.4679800 0.3838344 0.3470654 0.4255190 0.0000000 0.1435492 0.4474112 0.3781613 0.4440290 0.3882472 
Spol       0.4299417 0.4853946 0.4030508 0.4910908 0.4071044 0.3961079 0.4318359 0.1435492 0.0000000 0.5129461 0.4017015 0.5038878 0.4126765 
MJM1652    0.3683358 0.2298868 0.4511701 0.2734102 0.2536289 0.3491877 0.3916890 0.4474112 0.5129461 0.0000000 0.2644847 0.4713018 0.3217646 
NepSFB     0.3112398 0.2617179 0.4088338 0.3282726 0.0157202 0.3065321 0.3789627 0.3781613 0.4017015 0.2644847 0.0000000 0.4479088 0.2328664 
WPYJ       0.4543917 0.4713166 0.5110395 0.5369044 0.4403756 0.3940893 0.2025060 0.4440290 0.5038878 0.4713018 0.4479088 0.0000000 0.4001819 
MJM2940    0.2165892 0.2961601 0.4086164 0.3265893 0.2313434 0.3015816 0.3451039 0.3882472 0.4126765 0.3217646 0.2328664 0.4001819 0.0000000 
