13
DrolusSFB  0.0000000 0.3542845 0.3788860 0.4376543 0.2626276 0.3786331 0.3318940 0.4245741 0.3986917 0.3797983 0.2685343 0.4472758 0.1837537 
Dino       0.3542845 0.0000000 0.3839151 0.2879421 0.2886315 0.3900094 0.4006433 0.4016658 0.4171587 0.1317920 0.2954588 0.4624774 0.2941310 
MJM3360    0.3788860 0.3839151 0.0000000 0.4526116 0.3317502 0.3290544 0.3794090 0.3783733 0.3772339 0.3914483 0.3358135 0.4014734 0.3278477 
DrobinSFB  0.4376543 0.2879421 0.4526116 0.0000000 0.4108839 0.5001615 0.4819534 0.4524031 0.4658442 0.3385404 0.4199613 0.5383017 0.4057640 
Neam       0.2626276 0.2886315 0.3317502 0.4108839 0.0000000 0.3162631 0.3549612 0.3663308 0.3549513 0.3131715 0.0044006 0.4206927 0.2315360 
RuprSFB    0.3786331 0.3900094 0.3290544 0.5001615 0.3162631 0.0000000 0.3916661 0.3852725 0.4128696 0.4102750 0.3221142 0.4254432 0.3521622 
Retr       0.3318940 0.4006433 0.3794090 0.4819534 0.3549612 0.3916661 0.0000000 0.3862918 0.4163013 0.4066809 0.3626215 0.2026983 0.3445548 
Beta       0.4245741 0.4016658 0.3783733 0.4524031 0.3663308 0.3852725 0.3862918 0.0000000 0.2059829 0.4105122 0.3708077 0.4240646 0.3855357 
Spol       0.3986917 0.4171587 0.3772339 0.4658442 0.3549513 0.4128696 0.4163013 0.2059829 0.0000000 0.4329337 0.3569635 0.4618410 0.3561085 
MJM1652    0.3797983 0.1317920 0.3914483 0.3385404 0.3131715 0.4102750 0.4066809 0.4105122 0.4329337 0.0000000 0.3191038 0.4925499 0.3287402 
NepSFB     0.2685343 0.2954588 0.3358135 0.4199613 0.0044006 0.3221142 0.3626215 0.3708077 0.3569635 0.3191038 0.0000000 0.4247562 0.2355993 
WPYJ       0.4472758 0.4624774 0.4014734 0.5383017 0.4206927 0.4254432 0.2026983 0.4240646 0.4618410 0.4925499 0.4247562 0.0000000 0.4252566 
MJM2940    0.1837537 0.2941310 0.3278477 0.4057640 0.2315360 0.3521622 0.3445548 0.3855357 0.3561085 0.3287402 0.2355993 0.4252566 0.0000000 
