13
DrolusSFB  0.0000000 0.3296298 0.4654700 0.3397727 0.2703131 0.3408331 0.3895672 0.3531739 0.3947703 0.3419199 0.2761955 0.4162205 0.1733640 
Dino       0.3296298 0.0000000 0.3776213 0.1850106 0.2033933 0.2976598 9.0000000 0.3442065 0.3257136 0.1288139 0.2049847 0.4254037 0.2263435 
MJM3360    0.4654700 0.3776213 0.0000000 0.4177241 0.3472520 0.2853084 0.4974811 0.3940251 0.4100145 0.4137548 0.3558091 0.4558047 0.3773127 
DrobinSFB  0.3397727 0.1850106 0.4177241 0.0000000 0.2711651 0.3305745 0.3993413 0.3809506 0.3922184 0.2054663 0.2703191 0.3957015 0.2543094 
Neam       0.2703131 0.2033933 0.3472520 0.2711651 0.0000000 0.2827359 0.3470680 0.2912966 0.2967219 0.2636014 0.0120104 0.3609258 0.1851051 
RuprSFB    0.3408331 0.2976598 0.2853084 0.3305745 0.2827359 0.0000000 0.3429140 0.3487409 0.3568167 0.3635859 0.2859920 0.3571558 0.2727096 
Retr       0.3895672 9.0000000 0.4974811 0.3993413 0.3470680 0.3429140 0.0000000 0.3743762 0.4207901 0.3752050 0.3539439 0.1799699 0.3259747 
Beta       0.3531739 0.3442065 0.3940251 0.3809506 0.2912966 0.3487409 0.3743762 0.0000000 0.1443037 0.3477869 0.2929273 0.4426137 0.3011673 
Spol       0.3947703 0.3257136 0.4100145 0.3922184 0.2967219 0.3568167 0.4207901 0.1443037 0.0000000 0.3761132 0.2987396 0.4320580 0.3199886 
MJM1652    0.3419199 0.1288139 0.4137548 0.2054663 0.2636014 0.3635859 0.3752050 0.3477869 0.3761132 0.0000000 0.2667125 0.4364637 0.2574481 
NepSFB     0.2761955 0.2049847 0.3558091 0.2703191 0.0120104 0.2859920 0.3539439 0.2929273 0.2987396 0.2667125 0.0000000 0.3621135 0.1887893 
WPYJ       0.4162205 0.4254037 0.4558047 0.3957015 0.3609258 0.3571558 0.1799699 0.4426137 0.4320580 0.4364637 0.3621135 0.0000000 0.3815878 
MJM2940    0.1733640 0.2263435 0.3773127 0.2543094 0.1851051 0.2727096 0.3259747 0.3011673 0.3199886 0.2574481 0.1887893 0.3815878 0.0000000 
