13
DrolusSFB  0.0000000 0.2749105 0.2798360 0.2642735 0.2247328 0.2570651 0.2514965 0.3960120 0.5742314 0.2937384 0.2434426 0.3366839 0.1705325 
Dino       0.2749105 0.0000000 0.3056803 0.1504691 0.2241386 0.2744127 0.2717688 0.3587557 0.4459217 0.1403796 0.2111425 0.3573506 0.2286809 
MJM3360    0.2798360 0.3056803 0.0000000 0.2926312 0.2481065 0.2260883 0.3014605 0.3266222 0.3654937 0.3341503 0.2478942 0.3720461 0.2401745 
DrobinSFB  0.2642735 0.1504691 0.2926312 0.0000000 0.2166273 0.2859886 0.2747700 0.3285971 0.3815128 0.1465029 0.2013636 0.3673380 0.2170658 
Neam       0.2247328 0.2241386 0.2481065 0.2166273 0.0000000 0.2227723 0.2066386 0.3290502 0.4502345 0.2334322 0.0106158 0.3122793 0.1645525 
RuprSFB    0.2570651 0.2744127 0.2260883 0.2859886 0.2227723 0.0000000 0.2410627 0.2889867 0.3151679 0.2764409 0.2186814 0.3313262 0.2193852 
Retr       0.2514965 0.2717688 0.3014605 0.2747700 0.2066386 0.2410627 0.0000000 0.2807561 9.0000000 0.3044467 0.1700058 0.1744455 0.2327727 
Beta       0.3960120 0.3587557 0.3266222 0.3285971 0.3290502 0.2889867 0.2807561 0.0000000 0.1466499 0.3836140 0.3653842 0.3245606 0.3442743 
Spol       0.5742314 0.4459217 0.3654937 0.3815128 0.4502345 0.3151679 9.0000000 0.1466499 0.0000000 0.4966824 0.4521735 0.3271656 0.4949578 
MJM1652    0.2937384 0.1403796 0.3341503 0.1465029 0.2334322 0.2764409 0.3044467 0.3836140 0.4966824 0.0000000 0.2127809 0.3633008 0.2346590 
NepSFB     0.2434426 0.2111425 0.2478942 0.2013636 0.0106158 0.2186814 0.1700058 0.3653842 0.4521735 0.2127809 0.0000000 0.2938317 0.1702589 
WPYJ       0.3366839 0.3573506 0.3720461 0.3673380 0.3122793 0.3313262 0.1744455 0.3245606 0.3271656 0.3633008 0.2938317 0.0000000 0.3118168 
MJM2940    0.1705325 0.2286809 0.2401745 0.2170658 0.1645525 0.2193852 0.2327727 0.3442743 0.4949578 0.2346590 0.1702589 0.3118168 0.0000000 
