13
DrolusSFB  0.0000000 0.3108784 0.3924742 0.3398658 0.2543170 0.3239080 0.3598257 0.3829653 0.3970138 0.3325443 0.2547204 0.4210619 0.2005126 
Dino       0.3108784 0.0000000 0.3820883 0.1864889 0.2311348 0.3376067 0.3746132 0.3739749 0.3723647 0.1422114 0.2263454 0.4224458 0.2578067 
MJM3360    0.3924742 0.3820883 0.0000000 0.4044004 0.3172279 0.2710554 0.3957405 0.3827158 0.3916971 0.3793705 0.3140764 0.4838409 0.3484223 
DrobinSFB  0.3398658 0.1864889 0.4044004 0.0000000 0.2499993 0.3565601 0.3550359 0.4020952 0.3966473 0.2226635 0.2492250 0.4410054 0.2747635 
Neam       0.2543170 0.2311348 0.3172279 0.2499993 0.0000000 0.2650851 0.3109464 0.3258848 0.3196871 0.2492970 0.0071516 0.3615882 0.1998725 
RuprSFB    0.3239080 0.3376067 0.2710554 0.3565601 0.2650851 0.0000000 0.3853540 0.3468671 0.3565025 0.3361717 0.2648972 0.4277350 0.2819199 
Retr       0.3598257 0.3746132 0.3957405 0.3550359 0.3109464 0.3853540 0.0000000 0.4311812 0.4264825 0.4015010 0.3065564 0.1788224 0.3117690 
Beta       0.3829653 0.3739749 0.3827158 0.4020952 0.3258848 0.3468671 0.4311812 0.0000000 0.1349822 0.3974701 0.3239212 0.4637806 0.3519564 
Spol       0.3970138 0.3723647 0.3916971 0.3966473 0.3196871 0.3565025 0.4264825 0.1349822 0.0000000 0.4017352 0.3166197 0.4746317 0.3592933 
MJM1652    0.3325443 0.1422114 0.3793705 0.2226635 0.2492970 0.3361717 0.4015010 0.3974701 0.4017352 0.0000000 0.2503231 0.4429428 0.2816649 
NepSFB     0.2547204 0.2263454 0.3140764 0.2492250 0.0071516 0.2648972 0.3065564 0.3239212 0.3166197 0.2503231 0.0000000 0.3635378 0.2006421 
WPYJ       0.4210619 0.4224458 0.4838409 0.4410054 0.3615882 0.4277350 0.1788224 0.4637806 0.4746317 0.4429428 0.3635378 0.0000000 0.3900158 
MJM2940    0.2005126 0.2578067 0.3484223 0.2747635 0.1998725 0.2819199 0.3117690 0.3519564 0.3592933 0.2816649 0.2006421 0.3900158 0.0000000 
