13
DrolusSFB  0.0000000 0.2901709 0.4048814 0.3692491 0.2539772 0.3453240 0.3447562 0.2992755 0.3955196 0.2874482 0.2530548 0.3865494 0.1561589 
Dino       0.2901709 0.0000000 0.3469269 0.1719435 0.2711344 0.3893676 0.3538049 0.3018467 0.3566774 0.1291581 0.2744019 0.4121015 0.3183779 
MJM3360    0.4048814 0.3469269 0.0000000 0.4288376 0.4368035 0.2613920 0.3579811 0.4505713 0.4975349 0.3995674 0.4379694 0.4382062 0.3778853 
DrobinSFB  0.3692491 0.1719435 0.4288376 0.0000000 0.3577138 0.4124686 0.3348673 0.3622941 0.4349349 0.1732004 0.3504136 0.4891441 0.3185697 
Neam       0.2539772 0.2711344 0.4368035 0.3577138 0.0000000 0.3517272 0.3446236 0.3703809 0.3757101 0.2883780 0.0089270 0.3648553 0.2279352 
RuprSFB    0.3453240 0.3893676 0.2613920 0.4124686 0.3517272 0.0000000 0.3120485 0.3507207 0.4376502 0.3689460 0.3504207 0.4321255 0.2609728 
Retr       0.3447562 0.3538049 0.3579811 0.3348673 0.3446236 0.3120485 0.0000000 0.3631099 0.4376333 0.3239764 0.3457132 0.2265184 0.2644985 
Beta       0.2992755 0.3018467 0.4505713 0.3622941 0.3703809 0.3507207 0.3631099 0.0000000 0.1665658 0.3293846 0.3747284 0.4510571 0.3206903 
Spol       0.3955196 0.3566774 0.4975349 0.4349349 0.3757101 0.4376502 0.4376333 0.1665658 0.0000000 0.3564994 0.3755243 0.5013162 0.3826724 
MJM1652    0.2874482 0.1291581 0.3995674 0.1732004 0.2883780 0.3689460 0.3239764 0.3293846 0.3564994 0.0000000 0.2855413 0.4145232 0.3132065 
NepSFB     0.2530548 0.2744019 0.4379694 0.3504136 0.0089270 0.3504207 0.3457132 0.3747284 0.3755243 0.2855413 0.0000000 0.3671850 0.2271103 
WPYJ       0.3865494 0.4121015 0.4382062 0.4891441 0.3648553 0.4321255 0.2265184 0.4510571 0.5013162 0.4145232 0.3671850 0.0000000 0.3329763 
MJM2940    0.1561589 0.3183779 0.3778853 0.3185697 0.2279352 0.2609728 0.2644985 0.3206903 0.3826724 0.3132065 0.2271103 0.3329763 0.0000000 
