13
DrolusSFB  0.0000000 0.3100176 0.3528343 0.3682778 0.2546688 0.3225256 0.3928017 0.3859226 0.4054897 0.3291925 0.2594850 0.3906816 0.1877981 
Dino       0.3100176 0.0000000 0.3784243 0.1909989 0.2492207 0.2981470 0.3372234 0.3413225 0.3652922 0.1425669 0.2522915 0.3707825 0.2519156 
MJM3360    0.3528343 0.3784243 0.0000000 0.4025642 0.3487867 0.2862061 0.3990198 0.3904941 0.4272512 0.3653649 0.3577424 0.3823634 0.3425428 
DrobinSFB  0.3682778 0.1909989 0.4025642 0.0000000 0.3058188 0.3223524 0.3845858 0.3564801 0.3786986 0.2249177 0.3123450 0.4069598 0.2955927 
Neam       0.2546688 0.2492207 0.3487867 0.3058188 0.0000000 0.2679850 0.3023932 0.3193792 0.3546234 0.2660339 0.0068292 0.3136816 0.1880636 
RuprSFB    0.3225256 0.2981470 0.2862061 0.3223524 0.2679850 0.0000000 0.3292746 0.3256009 0.3167898 0.3072192 0.2788993 0.3498693 0.2893890 
Retr       0.3928017 0.3372234 0.3990198 0.3845858 0.3023932 0.3292746 0.0000000 0.3652499 0.4076820 0.3630718 0.3054537 0.2187601 0.3231977 
Beta       0.3859226 0.3413225 0.3904941 0.3564801 0.3193792 0.3256009 0.3652499 0.0000000 0.1547246 0.3675805 0.3241250 0.4355281 0.3335131 
Spol       0.4054897 0.3652922 0.4272512 0.3786986 0.3546234 0.3167898 0.4076820 0.1547246 0.0000000 0.3645465 0.3608712 0.4647554 0.3471920 
MJM1652    0.3291925 0.1425669 0.3653649 0.2249177 0.2660339 0.3072192 0.3630718 0.3675805 0.3645465 0.0000000 0.2709193 0.3604097 0.2474393 
NepSFB     0.2594850 0.2522915 0.3577424 0.3123450 0.0068292 0.2788993 0.3054537 0.3241250 0.3608712 0.2709193 0.0000000 0.3169943 0.1918810 
WPYJ       0.3906816 0.3707825 0.3823634 0.4069598 0.3136816 0.3498693 0.2187601 0.4355281 0.4647554 0.3604097 0.3169943 0.0000000 0.3289638 
MJM2940    0.1877981 0.2519156 0.3425428 0.2955927 0.1880636 0.2893890 0.3231977 0.3335131 0.3471920 0.2474393 0.1918810 0.3289638 0.0000000 
