13
DrolusSFB  0.0000000 0.3119965 0.3578141 0.3317650 0.2693712 0.3572818 0.3522766 0.4037877 0.4219515 0.3842691 0.2728788 0.3922956 0.1887199 
Dino       0.3119965 0.0000000 0.2702907 0.1765733 0.2322553 0.3137706 0.2881720 0.4210997 0.4235371 0.1786455 0.2469954 0.3217098 0.2793526 
MJM3360    0.3578141 0.2702907 0.0000000 0.3211913 0.2832808 0.2652785 0.3236118 0.3101887 0.3612707 0.3473996 0.2975283 0.3062129 0.2999466 
DrobinSFB  0.3317650 0.1765733 0.3211913 0.0000000 0.2877041 0.3737890 0.3593342 0.4651435 0.4326846 0.2298129 0.3049680 0.3599131 0.2990520 
Neam       0.2693712 0.2322553 0.2832808 0.2877041 0.0000000 0.2676824 0.2571746 0.3426092 0.3626354 0.3426667 0.0068524 0.2808184 0.2174798 
RuprSFB    0.3572818 0.3137706 0.2652785 0.3737890 0.2676824 0.0000000 0.2910591 0.3257263 0.3528542 0.3928946 0.2781473 0.2896583 0.2747150 
Retr       0.3522766 0.2881720 0.3236118 0.3593342 0.2571746 0.2910591 0.0000000 0.3305179 0.3492675 0.3597956 0.2661664 0.1456603 0.3031465 
Beta       0.4037877 0.4210997 0.3101887 0.4651435 0.3426092 0.3257263 0.3305179 0.0000000 0.1469850 0.5392111 0.3575318 0.3653169 0.4138936 
Spol       0.4219515 0.4235371 0.3612707 0.4326846 0.3626354 0.3528542 0.3492675 0.1469850 0.0000000 0.5265369 0.3718184 0.3648052 0.4079267 
MJM1652    0.3842691 0.1786455 0.3473996 0.2298129 0.3426667 0.3928946 0.3597956 0.5392111 0.5265369 0.0000000 0.3454241 0.4026235 0.3420268 
NepSFB     0.2728788 0.2469954 0.2975283 0.3049680 0.0068524 0.2781473 0.2661664 0.3575318 0.3718184 0.3454241 0.0000000 0.2886289 0.2230723 
WPYJ       0.3922956 0.3217098 0.3062129 0.3599131 0.2808184 0.2896583 0.1456603 0.3653169 0.3648052 0.4026235 0.2886289 0.0000000 0.3325800 
MJM2940    0.1887199 0.2793526 0.2999466 0.2990520 0.2174798 0.2747150 0.3031465 0.4138936 0.4079267 0.3420268 0.2230723 0.3325800 0.0000000 
