13
DrolusSFB  0.0000000 0.2853367 0.3873247 0.3883643 0.2631715 0.3925525 0.3826259 0.4519264 0.4136938 0.3404617 0.2671492 0.3530270 0.2027422 
Dino       0.2853367 0.0000000 0.3939647 0.2842048 0.2121606 0.3758911 0.4327031 0.4825196 0.4189714 0.1956227 0.2120237 9.0000000 0.2111252 
MJM3360    0.3873247 0.3939647 0.0000000 0.4570167 0.3747641 0.3092396 0.4496283 0.5257040 0.4885052 0.4553536 0.3832126 0.4153607 0.3942577 
DrobinSFB  0.3883643 0.2842048 0.4570167 0.0000000 0.3433253 0.3746673 0.3804423 0.5242495 0.5020271 0.2488622 0.3449238 0.3548187 0.2747325 
Neam       0.2631715 0.2121606 0.3747641 0.3433253 0.0000000 0.3045453 0.3292417 0.4366640 0.3953804 0.3085822 0.0113203 0.3393018 0.1841879 
RuprSFB    0.3925525 0.3758911 0.3092396 0.3746673 0.3045453 0.0000000 0.3875534 0.4537736 0.4316733 0.4262248 0.3120514 0.2903962 0.3160559 
Retr       0.3826259 0.4327031 0.4496283 0.3804423 0.3292417 0.3875534 0.0000000 0.4817108 0.4885320 0.4358269 0.3257294 0.1852985 0.3263942 
Beta       0.4519264 0.4825196 0.5257040 0.5242495 0.4366640 0.4537736 0.4817108 0.0000000 0.1723322 0.5016298 0.4405183 0.3956317 0.3510666 
Spol       0.4136938 0.4189714 0.4885052 0.5020271 0.3953804 0.4316733 0.4885320 0.1723322 0.0000000 0.4687903 0.4000138 0.4280166 0.3599022 
MJM1652    0.3404617 0.1956227 0.4553536 0.2488622 0.3085822 0.4262248 0.4358269 0.5016298 0.4687903 0.0000000 0.3099193 0.3926964 0.3030669 
NepSFB     0.2671492 0.2120237 0.3832126 0.3449238 0.0113203 0.3120514 0.3257294 0.4405183 0.4000138 0.3099193 0.0000000 0.3525447 0.1920580 
WPYJ       0.3530270 9.0000000 0.4153607 0.3548187 0.3393018 0.2903962 0.1852985 0.3956317 0.4280166 0.3926964 0.3525447 0.0000000 0.2763982 
MJM2940    0.2027422 0.2111252 0.3942577 0.2747325 0.1841879 0.3160559 0.3263942 0.3510666 0.3599022 0.3030669 0.1920580 0.2763982 0.0000000 
