13
DrolusSFB  0.0000000 0.2646838 0.3061073 0.3051179 0.2290427 0.3378933 0.3017182 0.2480363 0.2830712 0.2692161 0.2317944 0.3722413 0.1802978 
Dino       0.2646838 0.0000000 0.2577020 0.1772450 0.1943804 0.3492489 0.2604589 0.2935408 0.3320559 0.1065486 0.1978489 0.3246588 0.2036904 
MJM3360    0.3061073 0.2577020 0.0000000 0.2728605 0.3232926 0.3086227 0.2937934 0.2651350 0.3012432 0.2716904 0.3273900 0.3029666 0.2174195 
DrobinSFB  0.3051179 0.1772450 0.2728605 0.0000000 0.2593077 0.3503296 0.3080611 0.3447326 0.3506592 0.1547903 0.2630309 0.3589007 0.2227924 
Neam       0.2290427 0.1943804 0.3232926 0.2593077 0.0000000 0.2876107 0.2238574 0.2438287 0.2552796 0.2091430 0.0041726 0.3058055 0.1259140 
RuprSFB    0.3378933 0.3492489 0.3086227 0.3503296 0.2876107 0.0000000 0.3515555 0.3222384 0.3418334 0.3123790 0.2961149 0.3983363 0.2189881 
Retr       0.3017182 0.2604589 0.2937934 0.3080611 0.2238574 0.3515555 0.0000000 0.2795396 0.3206953 0.2997114 0.2316961 0.1571886 0.1724521 
Beta       0.2480363 0.2935408 0.2651350 0.3447326 0.2438287 0.3222384 0.2795396 0.0000000 0.0996478 0.3040200 0.2520636 0.3279205 0.2037903 
Spol       0.2830712 0.3320559 0.3012432 0.3506592 0.2552796 0.3418334 0.3206953 0.0996478 0.0000000 0.3110962 0.2636967 0.3072424 0.2262526 
MJM1652    0.2692161 0.1065486 0.2716904 0.1547903 0.2091430 0.3123790 0.2997114 0.3040200 0.3110962 0.0000000 0.2126745 0.3747707 0.2047693 
NepSFB     0.2317944 0.1978489 0.3273900 0.2630309 0.0041726 0.2961149 0.2316961 0.2520636 0.2636967 0.2126745 0.0000000 0.3149007 0.1323203 
WPYJ       0.3722413 0.3246588 0.3029666 0.3589007 0.3058055 0.3983363 0.1571886 0.3279205 0.3072424 0.3747707 0.3149007 0.0000000 0.2196981 
MJM2940    0.1802978 0.2036904 0.2174195 0.2227924 0.1259140 0.2189881 0.1724521 0.2037903 0.2262526 0.2047693 0.1323203 0.2196981 0.0000000 
