13
DrolusSFB  0.0000000 0.4081089 0.5803536 0.3756686 0.3081935 0.3786772 0.4697479 0.4264634 0.3762399 0.2713713 0.3082337 0.4618795 0.1724572 
Dino       0.4081089 0.0000000 0.5580700 0.2436828 0.3588614 0.4305062 0.5183908 0.5017033 0.5170794 0.1982716 0.3586062 0.5545296 0.3438123 
MJM3360    0.5803536 0.5580700 0.0000000 0.5440134 0.5278048 0.4436691 0.5401963 0.5473970 0.5514998 0.3824001 0.5266977 0.5524579 0.5019092 
DrobinSFB  0.3756686 0.2436828 0.5440134 0.0000000 0.3088714 0.4089695 0.5063734 0.4333696 0.4198544 0.2347072 0.3089856 0.4636547 0.2979447 
Neam       0.3081935 0.3588614 0.5278048 0.3088714 0.0000000 0.3195829 0.4228003 0.4183669 0.3920640 0.2326093 0.0125787 0.3759816 0.1909522 
RuprSFB    0.3786772 0.4305062 0.4436691 0.4089695 0.3195829 0.0000000 0.4341343 0.3851505 0.3829441 0.3147594 0.3191286 0.3977188 0.3235660 
Retr       0.4697479 0.5183908 0.5401963 0.5063734 0.4228003 0.4341343 0.0000000 0.4297753 0.4112961 0.4025597 0.4155561 0.2406929 0.3902785 
Beta       0.4264634 0.5017033 0.5473970 0.4333696 0.4183669 0.3851505 0.4297753 0.0000000 0.1472814 0.2996147 0.4158261 0.4068029 0.3631518 
Spol       0.3762399 0.5170794 0.5514998 0.4198544 0.3920640 0.3829441 0.4112961 0.1472814 0.0000000 0.3187710 0.3896101 0.4038826 0.3171449 
MJM1652    0.2713713 0.1982716 0.3824001 0.2347072 0.2326093 0.3147594 0.4025597 0.2996147 0.3187710 0.0000000 0.2392836 0.3762539 0.2204355 
NepSFB     0.3082337 0.3586062 0.5266977 0.3089856 0.0125787 0.3191286 0.4155561 0.4158261 0.3896101 0.2392836 0.0000000 0.3733236 0.1896089 
WPYJ       0.4618795 0.5545296 0.5524579 0.4636547 0.3759816 0.3977188 0.2406929 0.4068029 0.4038826 0.3762539 0.3733236 0.0000000 0.3519562 
MJM2940    0.1724572 0.3438123 0.5019092 0.2979447 0.1909522 0.3235660 0.3902785 0.3631518 0.3171449 0.2204355 0.1896089 0.3519562 0.0000000 
