13
DrolusSFB  0.0000000 0.3233687 0.4957459 0.3649134 0.2459555 0.3852140 0.3933291 0.4206717 0.4325939 0.3729445 0.2455700 0.3999962 0.1979126 
Dino       0.3233687 0.0000000 0.4938259 0.1969924 0.2883414 0.4117356 0.3561248 0.5203933 0.5324431 0.1725273 0.2891904 0.3822204 0.3108385 
MJM3360    0.4957459 0.4938259 0.0000000 0.5270769 0.4089793 0.3674378 0.4170134 0.4598973 0.4709686 0.5364500 0.4103584 0.4366589 0.4370253 
DrobinSFB  0.3649134 0.1969924 0.5270769 0.0000000 0.3185520 0.4481826 0.4476596 0.5166768 0.5310174 0.2547225 0.3214591 0.4458710 0.3514840 
Neam       0.2459555 0.2883414 0.4089793 0.3185520 0.0000000 0.3460383 0.2964210 0.4256781 0.4377568 0.3303546 0.0047904 0.3349010 0.2010892 
RuprSFB    0.3852140 0.4117356 0.3674378 0.4481826 0.3460383 0.0000000 0.3582847 0.4330500 0.4474719 0.4792738 0.3468544 0.3731332 0.3459618 
Retr       0.3933291 0.3561248 0.4170134 0.4476596 0.2964210 0.3582847 0.0000000 0.3865984 0.3948138 0.4002905 0.2911750 0.2075133 0.3077017 
Beta       0.4206717 0.5203933 0.4598973 0.5166768 0.4256781 0.4330500 0.3865984 0.0000000 0.1674210 0.5687955 0.4291042 0.4224085 0.4064900 
Spol       0.4325939 0.5324431 0.4709686 0.5310174 0.4377568 0.4474719 0.3948138 0.1674210 0.0000000 0.5731448 0.4421447 0.4474984 0.4076032 
MJM1652    0.3729445 0.1725273 0.5364500 0.2547225 0.3303546 0.4792738 0.4002905 0.5687955 0.5731448 0.0000000 0.3322391 0.4452458 0.3492838 
NepSFB     0.2455700 0.2891904 0.4103584 0.3214591 0.0047904 0.3468544 0.2911750 0.4291042 0.4421447 0.3322391 0.0000000 0.3337778 0.2057691 
WPYJ       0.3999962 0.3822204 0.4366589 0.4458710 0.3349010 0.3731332 0.2075133 0.4224085 0.4474984 0.4452458 0.3337778 0.0000000 0.3419116 
MJM2940    0.1979126 0.3108385 0.4370253 0.3514840 0.2010892 0.3459618 0.3077017 0.4064900 0.4076032 0.3492838 0.2057691 0.3419116 0.0000000 
