13
DrolusSFB  0.0000000 0.3500834 0.3237271 0.2651376 0.2851465 0.2680283 0.2740434 0.4995625 0.4799826 0.3980090 0.2837874 0.3246728 0.1833431 
Dino       0.3500834 0.0000000 0.3544358 0.1697603 0.2946737 0.2960190 0.3064758 0.5015620 0.4660457 0.1924951 0.3035097 0.3432241 0.3183619 
MJM3360    0.3237271 0.3544358 0.0000000 0.3297282 0.2848674 0.2647184 0.3327638 0.3881805 0.4150291 0.3796510 0.3119133 0.3424958 0.2873957 
DrobinSFB  0.2651376 0.1697603 0.3297282 0.0000000 0.2143246 0.3011595 0.3132179 0.3874758 0.4033795 0.2055216 0.2320294 0.3484045 0.2379564 
Neam       0.2851465 0.2946737 0.2848674 0.2143246 0.0000000 0.2648347 0.2675636 0.4692198 0.4470214 0.3687004 0.0208411 0.2599193 0.2613659 
RuprSFB    0.2680283 0.2960190 0.2647184 0.3011595 0.2648347 0.0000000 0.2967572 0.3454377 0.3521409 0.3321338 0.2762376 0.3240582 0.2310460 
Retr       0.2740434 0.3064758 0.3327638 0.3132179 0.2675636 0.2967572 0.0000000 0.3064678 0.3336759 0.3561680 0.2857862 0.1931002 0.2489054 
Beta       0.4995625 0.5015620 0.3881805 0.3874758 0.4692198 0.3454377 0.3064678 0.0000000 0.1615159 0.5664746 0.4667533 0.3538195 0.4529102 
Spol       0.4799826 0.4660457 0.4150291 0.4033795 0.4470214 0.3521409 0.3336759 0.1615159 0.0000000 0.5173119 0.4365702 0.3586661 0.4528989 
MJM1652    0.3980090 0.1924951 0.3796510 0.2055216 0.3687004 0.3321338 0.3561680 0.5664746 0.5173119 0.0000000 0.3694569 0.3855414 0.3589667 
NepSFB     0.2837874 0.3035097 0.3119133 0.2320294 0.0208411 0.2762376 0.2857862 0.4667533 0.4365702 0.3694569 0.0000000 0.2661608 0.2607467 
WPYJ       0.3246728 0.3432241 0.3424958 0.3484045 0.2599193 0.3240582 0.1931002 0.3538195 0.3586661 0.3855414 0.2661608 0.0000000 0.3036821 
MJM2940    0.1833431 0.3183619 0.2873957 0.2379564 0.2613659 0.2310460 0.2489054 0.4529102 0.4528989 0.3589667 0.2607467 0.3036821 0.0000000 
