13
DrolusSFB  0.0000000 0.2975106 0.4043212 0.3836031 0.2890405 0.4051976 0.4060725 0.3897295 0.4126954 0.3759558 0.2937495 0.3683784 0.2201105 
Dino       0.2975106 0.0000000 0.3735816 0.2457269 0.2494594 0.3562038 0.4038604 0.4094767 0.4036406 0.2360999 0.2519635 0.3852164 0.2502525 
MJM3360    0.4043212 0.3735816 0.0000000 0.4180343 0.3424552 0.3101572 0.4091284 0.4504941 0.4439755 0.4447074 0.3498159 0.3977448 0.3474927 
DrobinSFB  0.3836031 0.2457269 0.4180343 0.0000000 0.3214694 0.4506081 0.4740520 0.4633237 0.4605189 0.2779876 0.3224925 0.4323997 0.3447159 
Neam       0.2890405 0.2494594 0.3424552 0.3214694 0.0000000 0.3697346 0.3686105 0.3756673 0.3795661 0.3238736 0.0093829 0.3663022 0.2346450 
RuprSFB    0.4051976 0.3562038 0.3101572 0.4506081 0.3697346 0.0000000 0.3992683 0.4288588 0.4416334 0.4449595 0.3704545 0.3952023 0.3458665 
Retr       0.4060725 0.4038604 0.4091284 0.4740520 0.3686105 0.3992683 0.0000000 0.4132542 0.4201046 0.4902797 0.3735687 0.2326181 0.3558397 
Beta       0.3897295 0.4094767 0.4504941 0.4633237 0.3756673 0.4288588 0.4132542 0.0000000 0.1455981 0.4708505 0.3819550 0.3809982 0.3715227 
Spol       0.4126954 0.4036406 0.4439755 0.4605189 0.3795661 0.4416334 0.4201046 0.1455981 0.0000000 0.4944381 0.3854620 0.3941992 0.3786769 
MJM1652    0.3759558 0.2360999 0.4447074 0.2779876 0.3238736 0.4449595 0.4902797 0.4708505 0.4944381 0.0000000 0.3297722 0.4475661 0.3236336 
NepSFB     0.2937495 0.2519635 0.3498159 0.3224925 0.0093829 0.3704545 0.3735687 0.3819550 0.3854620 0.3297722 0.0000000 0.3739418 0.2385572 
WPYJ       0.3683784 0.3852164 0.3977448 0.4323997 0.3663022 0.3952023 0.2326181 0.3809982 0.3941992 0.4475661 0.3739418 0.0000000 0.3662100 
MJM2940    0.2201105 0.2502525 0.3474927 0.3447159 0.2346450 0.3458665 0.3558397 0.3715227 0.3786769 0.3236336 0.2385572 0.3662100 0.0000000 
