13
DrolusSFB  0.0000000 0.3795666 0.4338098 0.4679727 0.3054513 0.4156288 0.4387349 0.3831349 0.3948943 0.4059457 0.3079304 0.4376540 0.2146254 
Dino       0.3795666 0.0000000 0.4818654 0.2672841 0.3080826 0.4376923 0.5789239 0.5510018 0.4659434 0.1928023 0.3161220 0.4810211 0.3007913 
MJM3360    0.4338098 0.4818654 0.0000000 0.5476812 0.3953113 0.3446098 0.4534885 0.4051832 0.4376515 0.5222191 0.3810751 0.5305977 0.3734534 
DrobinSFB  0.4679727 0.2672841 0.5476812 0.0000000 0.3917518 0.5540918 0.6114560 0.6117785 0.5615793 0.3222126 0.3932206 0.6020401 0.4409956 
Neam       0.3054513 0.3080826 0.3953113 0.3917518 0.0000000 0.3524899 0.4214561 0.3562515 0.3639980 0.3227261 0.0120385 0.4042024 0.2469455 
RuprSFB    0.4156288 0.4376923 0.3446098 0.5540918 0.3524899 0.0000000 0.3976649 0.4144999 0.3918896 0.4804543 0.3561614 0.3907163 0.3396941 
Retr       0.4387349 0.5789239 0.4534885 0.6114560 0.4214561 0.3976649 0.0000000 0.4254555 0.4529168 0.5913577 0.4186988 0.2370541 0.3210184 
Beta       0.3831349 0.5510018 0.4051832 0.6117785 0.3562515 0.4144999 0.4254555 0.0000000 0.1395731 0.5122134 0.3420025 0.5170694 0.3255138 
Spol       0.3948943 0.4659434 0.4376515 0.5615793 0.3639980 0.3918896 0.4529168 0.1395731 0.0000000 0.4766685 0.3656509 0.4454905 0.3362573 
MJM1652    0.4059457 0.1928023 0.5222191 0.3222126 0.3227261 0.4804543 0.5913577 0.5122134 0.4766685 0.0000000 0.3324128 0.5045797 0.3308541 
NepSFB     0.3079304 0.3161220 0.3810751 0.3932206 0.0120385 0.3561614 0.4186988 0.3420025 0.3656509 0.3324128 0.0000000 0.4056232 0.2481583 
WPYJ       0.4376540 0.4810211 0.5305977 0.6020401 0.4042024 0.3907163 0.2370541 0.5170694 0.4454905 0.5045797 0.4056232 0.0000000 0.3723262 
MJM2940    0.2146254 0.3007913 0.3734534 0.4409956 0.2469455 0.3396941 0.3210184 0.3255138 0.3362573 0.3308541 0.2481583 0.3723262 0.0000000 
