13
DrolusSFB  0.0000000 0.4036540 0.3370553 0.2839922 0.2325377 0.3002728 0.3113310 0.3267817 0.3229307 0.3146965 0.2682325 0.3579756 0.1690944 
Dino       0.4036540 0.0000000 0.4365226 0.1880324 0.3344923 0.3609070 0.3241213 0.4346158 0.3867210 0.1813756 0.3540915 0.3323049 0.3628119 
MJM3360    0.3370553 0.4365226 0.0000000 0.4060112 0.3524455 0.3039808 0.4197005 0.3518457 0.3360617 0.3632255 0.4048948 0.4580065 0.3329655 
DrobinSFB  0.2839922 0.1880324 0.4060112 0.0000000 0.2400934 0.3333584 0.3202098 0.3468674 0.3161321 0.1864464 0.2563184 0.3700325 0.2298877 
Neam       0.2325377 0.3344923 0.3524455 0.2400934 0.0000000 0.2845138 0.2683333 0.3343789 0.3046955 0.3043763 0.0080329 0.2917311 0.2083173 
RuprSFB    0.3002728 0.3609070 0.3039808 0.3333584 0.2845138 0.0000000 0.3543551 0.3207083 0.2999874 0.3506229 0.3120547 0.4193137 0.2700457 
Retr       0.3113310 0.3241213 0.4197005 0.3202098 0.2683333 0.3543551 0.0000000 0.3220317 0.2815729 0.3510676 0.2771784 0.1579248 0.2680839 
Beta       0.3267817 0.4346158 0.3518457 0.3468674 0.3343789 0.3207083 0.3220317 0.0000000 0.1428224 0.3498665 0.3954034 0.3776178 0.3255959 
Spol       0.3229307 0.3867210 0.3360617 0.3161321 0.3046955 0.2999874 0.2815729 0.1428224 0.0000000 0.3366552 0.3371562 0.3767869 0.3080398 
MJM1652    0.3146965 0.1813756 0.3632255 0.1864464 0.3043763 0.3506229 0.3510676 0.3498665 0.3366552 0.0000000 0.3704121 0.3941201 0.2988639 
NepSFB     0.2682325 0.3540915 0.4048948 0.2563184 0.0080329 0.3120547 0.2771784 0.3954034 0.3371562 0.3704121 0.0000000 0.3053161 0.2665910 
WPYJ       0.3579756 0.3323049 0.4580065 0.3700325 0.2917311 0.4193137 0.1579248 0.3776178 0.3767869 0.3941201 0.3053161 0.0000000 0.2737421 
MJM2940    0.1690944 0.3628119 0.3329655 0.2298877 0.2083173 0.2700457 0.2680839 0.3255959 0.3080398 0.2988639 0.2665910 0.2737421 0.0000000 
