13
DrolusSFB  0.0000000 0.3512624 0.3715069 0.3771473 0.2417888 0.3369981 0.3174350 0.3166322 0.3215054 0.3688646 0.2397933 0.3296354 0.1641232 
Dino       0.3512624 0.0000000 0.4087201 0.1641889 0.3241019 0.4130322 0.3860992 0.4249941 0.3981239 0.1940117 0.3241894 0.4221906 0.2984140 
MJM3360    0.3715069 0.4087201 0.0000000 0.3964984 0.3499994 0.2689095 0.3651004 0.3201936 0.3168161 0.4322027 0.3411410 0.3663403 0.3518544 
DrobinSFB  0.3771473 0.1641889 0.3964984 0.0000000 0.2987245 0.4014167 0.3845730 0.3907524 0.3952518 0.2067243 0.2934964 0.3978327 0.2985435 
Neam       0.2417888 0.3241019 0.3499994 0.2987245 0.0000000 0.3214414 0.3040417 0.2779504 0.2673975 0.3761543 0.0096655 0.3067444 0.1967730 
RuprSFB    0.3369981 0.4130322 0.2689095 0.4014167 0.3214414 0.0000000 0.3441550 0.3403464 0.3164235 0.4304268 0.3169980 0.3310059 0.2907198 
Retr       0.3174350 0.3860992 0.3651004 0.3845730 0.3040417 0.3441550 0.0000000 0.2951835 0.2909391 0.3964171 0.3037395 0.1394215 0.2890472 
Beta       0.3166322 0.4249941 0.3201936 0.3907524 0.2779504 0.3403464 0.2951835 0.0000000 0.1221066 0.4381511 0.2785888 0.3366475 0.2797014 
Spol       0.3215054 0.3981239 0.3168161 0.3952518 0.2673975 0.3164235 0.2909391 0.1221066 0.0000000 0.4117728 0.2657665 0.3306703 0.2906140 
MJM1652    0.3688646 0.1940117 0.4322027 0.2067243 0.3761543 0.4304268 0.3964171 0.4381511 0.4117728 0.0000000 0.3761043 0.4400107 0.3192400 
NepSFB     0.2397933 0.3241894 0.3411410 0.2934964 0.0096655 0.3169980 0.3037395 0.2785888 0.2657665 0.3761043 0.0000000 0.3146210 0.1920257 
WPYJ       0.3296354 0.4221906 0.3663403 0.3978327 0.3067444 0.3310059 0.1394215 0.3366475 0.3306703 0.4400107 0.3146210 0.0000000 0.3099047 
MJM2940    0.1641232 0.2984140 0.3518544 0.2985435 0.1967730 0.2907198 0.2890472 0.2797014 0.2906140 0.3192400 0.1920257 0.3099047 0.0000000 
