13
DrolusSFB  0.0000000 0.2775753 0.3422210 0.2587999 0.2329334 0.2831502 0.2980996 0.3285309 0.3368943 0.2778509 0.2221379 0.3277760 0.1703611 
Dino       0.2775753 0.0000000 0.3787275 0.1351587 0.2495122 0.3108320 0.3213731 0.3486246 0.3599321 0.1223711 0.2466033 0.3588516 0.2423248 
MJM3360    0.3422210 0.3787275 0.0000000 0.3414223 0.3169621 0.2850508 0.3371466 0.3626635 0.3855459 0.4032701 0.3108884 0.3530128 0.3213082 
DrobinSFB  0.2587999 0.1351587 0.3414223 0.0000000 0.2269598 0.2977536 0.2939241 0.3241254 0.3402077 0.1510377 0.2338147 0.3225861 0.2272812 
Neam       0.2329334 0.2495122 0.3169621 0.2269598 0.0000000 0.2516116 0.2715448 0.2776556 0.2938906 0.2491960 0.0096314 0.2918199 0.2021328 
RuprSFB    0.2831502 0.3108320 0.2850508 0.2977536 0.2516116 0.0000000 0.2768073 0.3064534 0.3008750 0.3099222 0.2482443 0.3034350 0.2695970 
Retr       0.2980996 0.3213731 0.3371466 0.2939241 0.2715448 0.2768073 0.0000000 0.3290365 0.3394259 0.3478053 0.2560479 0.1686144 0.2620599 
Beta       0.3285309 0.3486246 0.3626635 0.3241254 0.2776556 0.3064534 0.3290365 0.0000000 0.1092024 0.3400268 0.2776730 0.3405983 0.2886439 
Spol       0.3368943 0.3599321 0.3855459 0.3402077 0.2938906 0.3008750 0.3394259 0.1092024 0.0000000 0.3568548 0.2939382 0.3468483 0.3045760 
MJM1652    0.2778509 0.1223711 0.4032701 0.1510377 0.2491960 0.3099222 0.3478053 0.3400268 0.3568548 0.0000000 0.2381469 0.3778028 0.2572677 
NepSFB     0.2221379 0.2466033 0.3108884 0.2338147 0.0096314 0.2482443 0.2560479 0.2776730 0.2939382 0.2381469 0.0000000 0.2878804 0.1949492 
WPYJ       0.3277760 0.3588516 0.3530128 0.3225861 0.2918199 0.3034350 0.1686144 0.3405983 0.3468483 0.3778028 0.2878804 0.0000000 0.2902866 
MJM2940    0.1703611 0.2423248 0.3213082 0.2272812 0.2021328 0.2695970 0.2620599 0.2886439 0.3045760 0.2572677 0.1949492 0.2902866 0.0000000 
