13
DrolusSFB  0.0000000 0.2962839 0.4084057 0.3672173 0.2816403 0.3638419 0.4140494 0.4471497 0.4143517 0.3425250 0.2878052 0.4724072 0.2146338 
Dino       0.2962839 0.0000000 0.3647059 0.1627255 0.2234471 0.3203050 0.3618931 0.3721406 0.3775413 0.1949710 0.2263707 0.4482587 0.2164445 
MJM3360    0.4084057 0.3647059 0.0000000 0.4152640 0.3280466 0.2648328 0.4234651 0.3674761 0.3825652 0.4015816 0.3282181 0.5413762 0.2929118 
DrobinSFB  0.3672173 0.1627255 0.4152640 0.0000000 0.2611872 0.3683820 0.3949061 0.4405511 0.4535513 0.2560077 0.2738609 0.4823727 0.2598666 
Neam       0.2816403 0.2234471 0.3280466 0.2611872 0.0000000 0.2871130 0.3217979 0.3567914 0.3416422 0.2664588 0.0090338 0.3937961 0.1461768 
RuprSFB    0.3638419 0.3203050 0.2648328 0.3683820 0.2871130 0.0000000 0.3487654 0.3528786 0.3777954 0.3419011 0.2932257 0.4384786 0.2395901 
Retr       0.4140494 0.3618931 0.4234651 0.3949061 0.3217979 0.3487654 0.0000000 0.4127547 0.4156366 0.4355652 0.3243352 0.2056092 0.3156854 
Beta       0.4471497 0.3721406 0.3674761 0.4405511 0.3567914 0.3528786 0.4127547 0.0000000 0.1181217 0.4248510 0.3630759 0.5401834 0.3227027 
Spol       0.4143517 0.3775413 0.3825652 0.4535513 0.3416422 0.3777954 0.4156366 0.1181217 0.0000000 0.4119893 0.3505544 0.4736057 0.3158846 
MJM1652    0.3425250 0.1949710 0.4015816 0.2560077 0.2664588 0.3419011 0.4355652 0.4248510 0.4119893 0.0000000 0.2702746 0.5094738 0.2325635 
NepSFB     0.2878052 0.2263707 0.3282181 0.2738609 0.0090338 0.2932257 0.3243352 0.3630759 0.3505544 0.2702746 0.0000000 0.4016424 0.1517618 
WPYJ       0.4724072 0.4482587 0.5413762 0.4823727 0.3937961 0.4384786 0.2056092 0.5401834 0.4736057 0.5094738 0.4016424 0.0000000 0.3938855 
MJM2940    0.2146338 0.2164445 0.2929118 0.2598666 0.1461768 0.2395901 0.3156854 0.3227027 0.3158846 0.2325635 0.1517618 0.3938855 0.0000000 
