13
DrolusSFB  0.0000000 0.2711340 0.3078451 0.2726725 0.2261731 0.2689595 0.3062721 0.3095281 0.3322405 0.2535545 0.2314428 0.3215794 0.1752425 
Dino       0.2711340 0.0000000 0.3144878 0.1670233 0.2473103 0.3177033 0.3389100 0.3324347 0.3508252 0.1644222 0.2472829 0.3550262 0.2648806 
MJM3360    0.3078451 0.3144878 0.0000000 0.2733750 0.2682652 0.2381306 0.3039159 0.3180169 0.3645350 0.3123057 0.2729681 0.3732660 0.3037636 
DrobinSFB  0.2726725 0.1670233 0.2733750 0.0000000 0.2460657 0.2997723 0.3243300 0.3340096 0.3147335 0.1746183 0.2497525 0.3496523 0.2790569 
Neam       0.2261731 0.2473103 0.2682652 0.2460657 0.0000000 0.2443081 0.2703478 0.2880767 0.3003628 0.2473436 0.0128280 0.3010000 0.1789185 
RuprSFB    0.2689595 0.3177033 0.2381306 0.2997723 0.2443081 0.0000000 0.2946651 0.2794338 0.3138631 0.2983096 0.2489078 0.3202327 0.2583490 
Retr       0.3062721 0.3389100 0.3039159 0.3243300 0.2703478 0.2946651 0.0000000 0.3502685 0.3724440 0.3443434 0.2700783 0.1774709 0.2930207 
Beta       0.3095281 0.3324347 0.3180169 0.3340096 0.2880767 0.2794338 0.3502685 0.0000000 0.1282501 0.3219810 0.2926381 0.4372796 0.3243837 
Spol       0.3322405 0.3508252 0.3645350 0.3147335 0.3003628 0.3138631 0.3724440 0.1282501 0.0000000 0.3207657 0.3058646 0.4225402 0.3329330 
MJM1652    0.2535545 0.1644222 0.3123057 0.1746183 0.2473436 0.2983096 0.3443434 0.3219810 0.3207657 0.0000000 0.2444777 0.3508902 0.2525751 
NepSFB     0.2314428 0.2472829 0.2729681 0.2497525 0.0128280 0.2489078 0.2700783 0.2926381 0.3058646 0.2444777 0.0000000 0.2944638 0.1763772 
WPYJ       0.3215794 0.3550262 0.3732660 0.3496523 0.3010000 0.3202327 0.1774709 0.4372796 0.4225402 0.3508902 0.2944638 0.0000000 0.2873438 
MJM2940    0.1752425 0.2648806 0.3037636 0.2790569 0.1789185 0.2583490 0.2930207 0.3243837 0.3329330 0.2525751 0.1763772 0.2873438 0.0000000 
