13
DrolusSFB  0.0000000 0.3127823 0.3538315 0.3924157 0.2185869 0.3345292 0.2906314 0.3950848 0.3862542 0.3319350 0.2120915 0.3094096 0.1798907 
Dino       0.3127823 0.0000000 0.3424592 0.2273831 0.2312221 0.3474996 0.2714560 0.4103371 0.4155560 0.1519876 0.2256501 0.3650930 0.2624028 
MJM3360    0.3538315 0.3424592 0.0000000 0.4330994 0.3093807 0.2708643 0.2713220 0.3795992 0.3972094 0.3431400 0.3063474 0.3769877 0.2869808 
DrobinSFB  0.3924157 0.2273831 0.4330994 0.0000000 0.3207650 0.4481628 0.3168598 0.4490750 0.4836470 0.2239481 0.3100459 0.4020181 0.3192249 
Neam       0.2185869 0.2312221 0.3093807 0.3207650 0.0000000 0.3163813 0.2464179 0.3884388 0.3812490 0.2870840 0.0064101 0.3178911 0.1675202 
RuprSFB    0.3345292 0.3474996 0.2708643 0.4481628 0.3163813 0.0000000 0.2705704 0.3793780 0.3788488 0.3501640 0.3092551 0.3115294 0.2872277 
Retr       0.2906314 0.2714560 0.2713220 0.3168598 0.2464179 0.2705704 0.0000000 0.2708979 0.3049412 0.2844809 0.2359886 0.1747972 0.2423682 
Beta       0.3950848 0.4103371 0.3795992 0.4490750 0.3884388 0.3793780 0.2708979 0.0000000 0.1376594 0.4111794 0.3760006 0.3617812 0.3536833 
Spol       0.3862542 0.4155560 0.3972094 0.4836470 0.3812490 0.3788488 0.3049412 0.1376594 0.0000000 0.4443696 0.3734897 0.3416349 0.3485098 
MJM1652    0.3319350 0.1519876 0.3431400 0.2239481 0.2870840 0.3501640 0.2844809 0.4111794 0.4443696 0.0000000 0.2773116 0.4237210 0.2867204 
NepSFB     0.2120915 0.2256501 0.3063474 0.3100459 0.0064101 0.3092551 0.2359886 0.3760006 0.3734897 0.2773116 0.0000000 0.3096029 0.1634546 
WPYJ       0.3094096 0.3650930 0.3769877 0.4020181 0.3178911 0.3115294 0.1747972 0.3617812 0.3416349 0.4237210 0.3096029 0.0000000 0.2825714 
MJM2940    0.1798907 0.2624028 0.2869808 0.3192249 0.1675202 0.2872277 0.2423682 0.3536833 0.3485098 0.2867204 0.1634546 0.2825714 0.0000000 
