13
DrolusSFB  0.0000000 0.3215874 0.3425783 0.5206166 0.2480171 0.3327839 0.3683312 0.3789950 0.3163247 0.3414491 0.2624893 0.4282123 0.1953916 
Dino       0.3215874 0.0000000 0.4186515 0.3739992 0.2563531 0.4017817 0.4099557 0.4641540 0.4156240 0.1565770 0.2936236 0.4627897 0.2420739 
MJM3360    0.3425783 0.4186515 0.0000000 0.6229197 0.3336695 0.2864777 0.3799064 0.4528610 0.3550048 0.4034141 0.3365308 0.4199959 0.3282340 
DrobinSFB  0.5206166 0.3739992 0.6229197 0.0000000 0.4376784 0.6209513 0.5919815 0.6137592 0.5911534 0.3895650 0.4731257 0.6347698 0.4456250 
Neam       0.2480171 0.2563531 0.3336695 0.4376784 0.0000000 0.2970547 0.3350817 0.3309823 0.2747088 0.2872683 0.0103574 0.3831969 0.1881493 
RuprSFB    0.3327839 0.4017817 0.2864777 0.6209513 0.2970547 0.0000000 0.3668402 0.4125674 0.3718626 0.4269809 0.3214748 0.3947621 0.3110560 
Retr       0.3683312 0.4099557 0.3799064 0.5919815 0.3350817 0.3668402 0.0000000 0.4361302 0.4009585 0.4354856 0.3523464 0.2131258 0.3486891 
Beta       0.3789950 0.4641540 0.4528610 0.6137592 0.3309823 0.4125674 0.4361302 0.0000000 0.1940341 0.4589422 0.3634521 0.4874357 0.3738232 
Spol       0.3163247 0.4156240 0.3550048 0.5911534 0.2747088 0.3718626 0.4009585 0.1940341 0.0000000 0.3984682 0.3079617 0.4675478 0.3006942 
MJM1652    0.3414491 0.1565770 0.4034141 0.3895650 0.2872683 0.4269809 0.4354856 0.4589422 0.3984682 0.0000000 0.3264194 0.4892419 0.2723274 
NepSFB     0.2624893 0.2936236 0.3365308 0.4731257 0.0103574 0.3214748 0.3523464 0.3634521 0.3079617 0.3264194 0.0000000 0.4156524 0.1999433 
WPYJ       0.4282123 0.4627897 0.4199959 0.6347698 0.3831969 0.3947621 0.2131258 0.4874357 0.4675478 0.4892419 0.4156524 0.0000000 0.3794887 
MJM2940    0.1953916 0.2420739 0.3282340 0.4456250 0.1881493 0.3110560 0.3486891 0.3738232 0.3006942 0.2723274 0.1999433 0.3794887 0.0000000 
