13
DrolusSFB  0.0000000 0.2452684 0.3708938 0.2903338 0.2393505 0.3239814 0.3080324 0.3924562 0.4270885 0.3138832 0.2294400 0.3047199 0.1781595 
Dino       0.2452684 0.0000000 0.2809222 0.1078087 0.1768123 0.3176846 0.2758998 0.3401130 0.3634482 0.1665113 0.1710014 0.3206697 0.1889186 
MJM3360    0.3708938 0.2809222 0.0000000 0.3366766 0.2442923 0.2480775 0.3324094 0.3719114 0.3479139 0.3586065 0.2438299 0.3361556 0.2310714 
DrobinSFB  0.2903338 0.1078087 0.3366766 0.0000000 0.2209174 0.3610748 0.3369864 0.3730168 0.4357955 0.1906037 0.2163884 0.3759103 0.2610281 
Neam       0.2393505 0.1768123 0.2442923 0.2209174 0.0000000 0.2420393 0.2501140 0.2918863 0.3162664 0.2478911 0.0081714 0.2626158 0.1545458 
RuprSFB    0.3239814 0.3176846 0.2480775 0.3610748 0.2420393 0.0000000 0.2981439 0.3254728 0.2974079 0.4039681 0.2413306 0.2690896 0.2266237 
Retr       0.3080324 0.2758998 0.3324094 0.3369864 0.2501140 0.2981439 0.0000000 0.3278571 0.2667667 0.3390990 0.2377706 0.1886622 0.2355169 
Beta       0.3924562 0.3401130 0.3719114 0.3730168 0.2918863 0.3254728 0.3278571 0.0000000 0.1663811 0.3968412 0.2832937 0.2965047 0.2819893 
Spol       0.4270885 0.3634482 0.3479139 0.4357955 0.3162664 0.2974079 0.2667667 0.1663811 0.0000000 0.3948654 0.2926015 0.3036966 0.3061782 
MJM1652    0.3138832 0.1665113 0.3586065 0.1906037 0.2478911 0.4039681 0.3390990 0.3968412 0.3948654 0.0000000 0.2433609 0.3786323 0.2534762 
NepSFB     0.2294400 0.1710014 0.2438299 0.2163884 0.0081714 0.2413306 0.2377706 0.2832937 0.2926015 0.2433609 0.0000000 0.2424954 0.1515959 
WPYJ       0.3047199 0.3206697 0.3361556 0.3759103 0.2626158 0.2690896 0.1886622 0.2965047 0.3036966 0.3786323 0.2424954 0.0000000 0.2826968 
MJM2940    0.1781595 0.1889186 0.2310714 0.2610281 0.1545458 0.2266237 0.2355169 0.2819893 0.3061782 0.2534762 0.1515959 0.2826968 0.0000000 
