13
DrolusSFB  0.0000000 0.2281916 0.2563298 0.2877278 0.2303658 0.2552702 0.2880796 0.2730045 0.2607481 0.2583275 0.2269825 0.2937844 0.1391864 
Dino       0.2281916 0.0000000 0.2971160 0.1891405 0.1926817 0.3231899 0.2792105 0.2970863 0.2817598 0.1172875 0.1923927 0.3243861 0.2004950 
MJM3360    0.2563298 0.2971160 0.0000000 0.3641619 0.2938547 0.2469792 0.3123772 0.2869300 0.3008181 0.2825416 0.2937083 0.3056585 0.2562698 
DrobinSFB  0.2877278 0.1891405 0.3641619 0.0000000 0.2685510 0.4067209 0.3563308 0.3464585 0.3133489 0.2028834 0.2671429 0.3618121 0.2747181 
Neam       0.2303658 0.1926817 0.2938547 0.2685510 0.0000000 0.3011522 0.2681241 0.2566659 0.2455313 0.2293538 0.0096725 0.2978118 0.1679967 
RuprSFB    0.2552702 0.3231899 0.2469792 0.4067209 0.3011522 0.0000000 0.3212639 0.2769517 0.2731152 0.3107840 0.2973060 0.3374071 0.2815264 
Retr       0.2880796 0.2792105 0.3123772 0.3563308 0.2681241 0.3212639 0.0000000 0.2657114 0.2456422 0.3418642 0.2642513 0.1662335 0.2316674 
Beta       0.2730045 0.2970863 0.2869300 0.3464585 0.2566659 0.2769517 0.2657114 0.0000000 0.0990549 0.2948691 0.2562678 0.2693637 0.2398783 
Spol       0.2607481 0.2817598 0.3008181 0.3133489 0.2455313 0.2731152 0.2456422 0.0990549 0.0000000 0.2884093 0.2439681 0.2497232 0.2179141 
MJM1652    0.2583275 0.1172875 0.2825416 0.2028834 0.2293538 0.3107840 0.3418642 0.2948691 0.2884093 0.0000000 0.2293902 0.3539778 0.2235648 
NepSFB     0.2269825 0.1923927 0.2937083 0.2671429 0.0096725 0.2973060 0.2642513 0.2562678 0.2439681 0.2293902 0.0000000 0.2927489 0.1677554 
WPYJ       0.2937844 0.3243861 0.3056585 0.3618121 0.2978118 0.3374071 0.1662335 0.2693637 0.2497232 0.3539778 0.2927489 0.0000000 0.2642238 
MJM2940    0.1391864 0.2004950 0.2562698 0.2747181 0.1679967 0.2815264 0.2316674 0.2398783 0.2179141 0.2235648 0.1677554 0.2642238 0.0000000 
