13
DrolusSFB  0.0000000 0.3245582 0.3351567 0.3691406 0.2511693 0.3258312 0.3809203 0.3848750 0.3713111 0.3654103 0.2514024 0.4316907 0.1749311 
Dino       0.3245582 0.0000000 0.3367178 0.2328054 0.3484979 0.3991235 0.4721692 0.5755386 0.5382204 0.2145111 0.3463976 0.4686159 0.3358033 
MJM3360    0.3351567 0.3367178 0.0000000 0.3652403 0.2905150 0.2481294 0.3410560 0.3512265 0.3649911 0.3132288 0.2889633 0.3680291 0.2921808 
DrobinSFB  0.3691406 0.2328054 0.3652403 0.0000000 0.3420887 0.3547633 0.4930044 0.5255326 0.5072628 0.2689734 0.3352744 0.4360148 0.3681154 
Neam       0.2511693 0.3484979 0.2905150 0.3420887 0.0000000 0.3431132 0.3602894 0.4319314 0.4420655 0.4307544 0.0211250 0.3678369 0.2406402 
RuprSFB    0.3258312 0.3991235 0.2481294 0.3547633 0.3431132 0.0000000 0.3957370 0.3798426 0.3496060 0.3406064 0.3317086 0.4536182 0.2798610 
Retr       0.3809203 0.4721692 0.3410560 0.4930044 0.3602894 0.3957370 0.0000000 0.3776824 0.3802305 0.4754271 0.3642460 0.1953493 0.3504268 
Beta       0.3848750 0.5755386 0.3512265 0.5255326 0.4319314 0.3798426 0.3776824 0.0000000 0.1620530 0.5887207 0.4243315 0.3586763 0.3775034 
Spol       0.3713111 0.5382204 0.3649911 0.5072628 0.4420655 0.3496060 0.3802305 0.1620530 0.0000000 0.5936828 0.4463535 0.3411090 0.3591023 
MJM1652    0.3654103 0.2145111 0.3132288 0.2689734 0.4307544 0.3406064 0.4754271 0.5887207 0.5936828 0.0000000 0.4281949 0.4815173 0.3894709 
NepSFB     0.2514024 0.3463976 0.2889633 0.3352744 0.0211250 0.3317086 0.3642460 0.4243315 0.4463535 0.4281949 0.0000000 0.3745927 0.2348644 
WPYJ       0.4316907 0.4686159 0.3680291 0.4360148 0.3678369 0.4536182 0.1953493 0.3586763 0.3411090 0.4815173 0.3745927 0.0000000 0.3886560 
MJM2940    0.1749311 0.3358033 0.2921808 0.3681154 0.2406402 0.2798610 0.3504268 0.3775034 0.3591023 0.3894709 0.2348644 0.3886560 0.0000000 
