13
DrolusSFB  0.0000000 0.3528904 0.4315737 0.3913468 0.3179219 0.3541585 0.3408512 0.3709469 0.3814823 0.3910692 0.3164958 0.3775494 0.2120037 
Dino       0.3528904 0.0000000 0.3540246 0.1865407 0.2580600 0.3162597 0.2892405 0.3193117 0.3398861 0.1552773 0.2597899 0.3482027 0.2618923 
MJM3360    0.4315737 0.3540246 0.0000000 0.3973283 0.3192838 0.3436365 0.3372658 0.3789637 0.4093221 0.3624137 0.3150496 0.3887542 0.3396423 
DrobinSFB  0.3913468 0.1865407 0.3973283 0.0000000 0.3252725 0.3888074 0.3317116 0.3576446 0.4068653 0.2080682 0.3164373 0.4046056 0.3252712 
Neam       0.3179219 0.2580600 0.3192838 0.3252725 0.0000000 0.3098237 0.2887613 0.2930564 0.3383208 0.2902202 0.0115477 0.3146130 0.2359472 
RuprSFB    0.3541585 0.3162597 0.3436365 0.3888074 0.3098237 0.0000000 0.3165454 0.3456941 0.3680355 0.3742390 0.3046704 0.3678654 0.3013510 
Retr       0.3408512 0.2892405 0.3372658 0.3317116 0.2887613 0.3165454 0.0000000 0.3104777 0.3359210 0.3205312 0.2808538 0.1870805 0.2535830 
Beta       0.3709469 0.3193117 0.3789637 0.3576446 0.2930564 0.3456941 0.3104777 0.0000000 0.1301187 0.3638889 0.2972936 0.3693253 0.2908973 
Spol       0.3814823 0.3398861 0.4093221 0.4068653 0.3383208 0.3680355 0.3359210 0.1301187 0.0000000 0.3768815 0.3428745 0.4046992 0.3271511 
MJM1652    0.3910692 0.1552773 0.3624137 0.2080682 0.2902202 0.3742390 0.3205312 0.3638889 0.3768815 0.0000000 0.2930399 0.3579637 0.3003340 
NepSFB     0.3164958 0.2597899 0.3150496 0.3164373 0.0115477 0.3046704 0.2808538 0.2972936 0.3428745 0.2930399 0.0000000 0.3108967 0.2309857 
WPYJ       0.3775494 0.3482027 0.3887542 0.4046056 0.3146130 0.3678654 0.1870805 0.3693253 0.4046992 0.3579637 0.3108967 0.0000000 0.3043858 
MJM2940    0.2120037 0.2618923 0.3396423 0.3252712 0.2359472 0.3013510 0.2535830 0.2908973 0.3271511 0.3003340 0.2309857 0.3043858 0.0000000 
