13
DrolusSFB  0.0000000 0.1837910 0.2507013 0.2702175 0.1673090 0.2614971 0.2741934 0.2696757 0.2940579 0.1998805 0.1742197 0.2356167 0.1378455 
Dino       0.1837910 0.0000000 0.2796920 0.1637343 0.1564946 0.2418500 0.2478516 0.2709845 0.2804624 0.1130308 0.1595389 0.2377217 0.1450032 
MJM3360    0.2507013 0.2796920 0.0000000 0.3159208 0.2201339 0.2051053 0.2077890 0.2699123 0.2950218 0.2949394 0.2271566 0.2653442 0.2121883 
DrobinSFB  0.2702175 0.1637343 0.3159208 0.0000000 0.2157794 0.2860190 0.2848984 0.2998428 0.3033095 0.2129229 0.2152955 0.3245969 0.2210410 
Neam       0.1673090 0.1564946 0.2201339 0.2157794 0.0000000 0.2113227 0.1863405 0.2252959 0.2427155 0.1975772 0.0043843 0.2487183 0.1200322 
RuprSFB    0.2614971 0.2418500 0.2051053 0.2860190 0.2113227 0.0000000 0.2184410 0.2817366 0.2757072 0.2822436 0.2165999 0.2497194 0.2250391 
Retr       0.2741934 0.2478516 0.2077890 0.2848984 0.1863405 0.2184410 0.0000000 0.2329990 0.2158448 0.3009500 0.1964352 0.0435510 0.1820400 
Beta       0.2696757 0.2709845 0.2699123 0.2998428 0.2252959 0.2817366 0.2329990 0.0000000 0.1123126 0.2979540 0.2342173 0.2747595 0.2254218 
Spol       0.2940579 0.2804624 0.2950218 0.3033095 0.2427155 0.2757072 0.2158448 0.1123126 0.0000000 0.3277077 0.2458904 0.2758726 0.2340348 
MJM1652    0.1998805 0.1130308 0.2949394 0.2129229 0.1975772 0.2822436 0.3009500 0.2979540 0.3277077 0.0000000 0.2008590 0.2550675 0.1857382 
NepSFB     0.1742197 0.1595389 0.2271566 0.2152955 0.0043843 0.2165999 0.1964352 0.2342173 0.2458904 0.2008590 0.0000000 0.2520417 0.1272206 
WPYJ       0.2356167 0.2377217 0.2653442 0.3245969 0.2487183 0.2497194 0.0435510 0.2747595 0.2758726 0.2550675 0.2520417 0.0000000 0.2024739 
MJM2940    0.1378455 0.1450032 0.2121883 0.2210410 0.1200322 0.2250391 0.1820400 0.2254218 0.2340348 0.1857382 0.1272206 0.2024739 0.0000000 
