13
DrolusSFB  0.0000000 0.2993990 0.4278369 0.2586232 0.2110128 0.3371047 0.3622090 0.3309981 0.3283084 0.3357420 0.2026298 0.4181007 0.1584945 
Dino       0.2993990 0.0000000 0.4613634 0.2327519 0.2437019 0.3678352 0.3534426 0.3579412 0.3499218 0.1959773 0.2347002 0.3687360 0.2410500 
MJM3360    0.4278369 0.4613634 0.0000000 0.4358815 0.3713305 0.2885954 0.5036260 0.4344954 0.4183609 0.4897683 0.3755806 0.5887247 0.3709319 
DrobinSFB  0.2586232 0.2327519 0.4358815 0.0000000 0.2391231 0.3549589 0.4252816 0.3323794 0.3509642 0.2672412 0.2271692 0.4415629 0.2354732 
Neam       0.2110128 0.2437019 0.3713305 0.2391231 0.0000000 0.2615929 0.2890653 0.2801441 0.2749552 0.2573045 0.0115583 0.3371771 0.1487824 
RuprSFB    0.3371047 0.3678352 0.2885954 0.3549589 0.2615929 0.0000000 0.3684703 0.3778103 0.3657028 0.3795728 0.2411856 0.3859328 0.2890809 
Retr       0.3622090 0.3534426 0.5036260 0.4252816 0.2890653 0.3684703 0.0000000 0.3687437 0.3732999 0.3775326 0.3009622 0.2315970 0.3121208 
Beta       0.3309981 0.3579412 0.4344954 0.3323794 0.2801441 0.3778103 0.3687437 0.0000000 0.1171985 0.4029715 0.2830757 0.4620445 0.2919589 
Spol       0.3283084 0.3499218 0.4183609 0.3509642 0.2749552 0.3657028 0.3732999 0.1171985 0.0000000 0.3710360 0.2641175 0.4616380 0.2754299 
MJM1652    0.3357420 0.1959773 0.4897683 0.2672412 0.2573045 0.3795728 0.3775326 0.4029715 0.3710360 0.0000000 0.2231878 0.4587194 0.2708068 
NepSFB     0.2026298 0.2347002 0.3755806 0.2271692 0.0115583 0.2411856 0.3009622 0.2830757 0.2641175 0.2231878 0.0000000 0.3212096 0.1381601 
WPYJ       0.4181007 0.3687360 0.5887247 0.4415629 0.3371771 0.3859328 0.2315970 0.4620445 0.4616380 0.4587194 0.3212096 0.0000000 0.3461414 
MJM2940    0.1584945 0.2410500 0.3709319 0.2354732 0.1487824 0.2890809 0.3121208 0.2919589 0.2754299 0.2708068 0.1381601 0.3461414 0.0000000 
