13
DrolusSFB  0.0000000 0.2842005 0.3266814 0.3256765 0.2391753 0.2971747 1.5416051 0.2939675 0.2816760 0.4365450 0.2511742 0.3385467 0.1701645 
Dino       0.2842005 0.0000000 0.3798667 0.1441901 0.2564901 0.3475510 0.9559208 0.3227061 0.3420494 0.1968306 0.2697290 0.4115219 0.2512964 
MJM3360    0.3266814 0.3798667 0.0000000 0.4170191 0.3359993 0.2608902 1.7731879 0.3438936 0.3486590 0.5435581 0.3542537 0.3713316 0.3136410 
DrobinSFB  0.3256765 0.1441901 0.4170191 0.0000000 0.2917099 0.3620710 1.0417811 0.3754006 0.3790187 0.2483033 0.3095383 0.4209943 0.2955696 
Neam       0.2391753 0.2564901 0.3359993 0.2917099 0.0000000 0.2866566 1.5692199 0.2798562 0.2688506 0.4325914 0.0097684 0.3241267 0.1960259 
RuprSFB    0.2971747 0.3475510 0.2608902 0.3620710 0.2866566 0.0000000 1.5584391 0.3298916 0.3185157 0.5477537 0.2926092 0.3441524 0.2612505 
Retr       1.5416051 0.9559208 1.7731879 1.0417811 1.5692199 1.5584391 0.0000000 1.5521214 1.5735066 0.5550658 1.5715471 1.6017156 1.4626519 
Beta       0.2939675 0.3227061 0.3438936 0.3754006 0.2798562 0.3298916 1.5521214 0.0000000 0.1022630 0.4730756 0.2910060 0.3309645 0.2748272 
Spol       0.2816760 0.3420494 0.3486590 0.3790187 0.2688506 0.3185157 1.5735066 0.1022630 0.0000000 0.4681061 0.2760940 0.3380438 0.2747810 
MJM1652    0.4365450 0.1968306 0.5435581 0.2483033 0.4325914 0.5477537 0.5550658 0.4730756 0.4681061 0.0000000 0.4170386 0.5239090 0.4097653 
NepSFB     0.2511742 0.2697290 0.3542537 0.3095383 0.0097684 0.2926092 1.5715471 0.2910060 0.2760940 0.4170386 0.0000000 0.3306941 0.2087537 
WPYJ       0.3385467 0.4115219 0.3713316 0.4209943 0.3241267 0.3441524 1.6017156 0.3309645 0.3380438 0.5239090 0.3306941 0.0000000 0.3315697 
MJM2940    0.1701645 0.2512964 0.3136410 0.2955696 0.1960259 0.2612505 1.4626519 0.2748272 0.2747810 0.4097653 0.2087537 0.3315697 0.0000000 
