13
DrolusSFB  0.0000000 0.3251279 0.4494430 0.3844223 0.2625815 0.3937917 0.2826558 0.4017187 0.3938403 0.3751534 0.2660102 0.2789527 0.1903678 
Dino       0.3251279 0.0000000 0.4847332 0.1772779 0.2517447 0.4166685 0.2733368 0.4345790 0.4240510 0.1666944 0.2586093 0.2508912 0.2862748 
MJM3360    0.4494430 0.4847332 0.0000000 0.4993499 0.3949460 0.3138181 0.3133920 0.4911839 0.4747417 0.5047610 0.3970302 0.3164503 0.4094466 
DrobinSFB  0.3844223 0.1772779 0.4993499 0.0000000 0.3248050 0.4851357 0.3136074 0.5240520 0.5316833 0.2408868 0.3330937 0.3084780 0.3494022 
Neam       0.2625815 0.2517447 0.3949460 0.3248050 0.0000000 0.3292903 0.2547940 0.3589047 0.3486368 0.3300053 0.0108965 0.2718683 0.2164095 
RuprSFB    0.3937917 0.4166685 0.3138181 0.4851357 0.3292903 0.0000000 0.2783894 0.4128722 0.4027721 0.4613867 0.3374354 0.2669723 0.3641282 
Retr       0.2826558 0.2733368 0.3133920 0.3136074 0.2547940 0.2783894 0.0000000 0.3457899 0.3113894 0.2784684 0.2517878 0.1446953 0.2463253 
Beta       0.4017187 0.4345790 0.4911839 0.5240520 0.3589047 0.4128722 0.3457899 0.0000000 0.1213538 0.4802049 0.3615034 0.3230298 0.3695383 
Spol       0.3938403 0.4240510 0.4747417 0.5316833 0.3486368 0.4027721 0.3113894 0.1213538 0.0000000 0.4867995 0.3545378 0.3187446 0.3712147 
MJM1652    0.3751534 0.1666944 0.5047610 0.2408868 0.3300053 0.4613867 0.2784684 0.4802049 0.4867995 0.0000000 0.3374531 0.2684746 0.3619087 
NepSFB     0.2660102 0.2586093 0.3970302 0.3330937 0.0108965 0.3374354 0.2517878 0.3615034 0.3545378 0.3374531 0.0000000 0.2750340 0.2220920 
WPYJ       0.2789527 0.2508912 0.3164503 0.3084780 0.2718683 0.2669723 0.1446953 0.3230298 0.3187446 0.2684746 0.2750340 0.0000000 0.2543847 
MJM2940    0.1903678 0.2862748 0.4094466 0.3494022 0.2164095 0.3641282 0.2463253 0.3695383 0.3712147 0.3619087 0.2220920 0.2543847 0.0000000 
