13
DrolusSFB  0.0000000 0.3162361 0.3757916 0.3496780 0.2709000 0.3816379 0.2682306 0.3709607 0.3954871 0.2976877 0.2724837 0.3200916 0.1626208 
Dino       0.3162361 0.0000000 0.4032079 0.1811800 0.2716558 0.4026839 0.2628655 0.4041198 0.4160904 0.1198957 0.2694412 0.3869197 0.2016741 
MJM3360    0.3757916 0.4032079 0.0000000 0.4600071 0.3879669 0.3346539 0.3975514 0.4059726 0.4403216 0.4134650 0.3807065 0.4301399 0.3271319 
DrobinSFB  0.3496780 0.1811800 0.4600071 0.0000000 0.3132381 0.4459428 0.3068337 0.4245939 0.4617103 0.1743347 0.3143867 0.3762692 0.2245187 
Neam       0.2709000 0.2716558 0.3879669 0.3132381 0.0000000 0.3639001 0.2523822 0.3884391 0.4031550 0.2639348 0.0121863 0.3309182 0.1708729 
RuprSFB    0.3816379 0.4026839 0.3346539 0.4459428 0.3639001 0.0000000 0.3509808 0.4408574 0.4666725 0.3247323 0.3616455 0.3434320 0.2725153 
Retr       0.2682306 0.2628655 0.3975514 0.3068337 0.2523822 0.3509808 0.0000000 0.3281826 0.3923695 0.3163734 0.2453402 0.1908148 0.2344507 
Beta       0.3709607 0.4041198 0.4059726 0.4245939 0.3884391 0.4408574 0.3281826 0.0000000 0.1515024 0.3307029 0.3852761 0.3923380 0.3048247 
Spol       0.3954871 0.4160904 0.4403216 0.4617103 0.4031550 0.4666725 0.3923695 0.1515024 0.0000000 0.3486273 0.4013013 0.4546703 0.3542292 
MJM1652    0.2976877 0.1198957 0.4134650 0.1743347 0.2639348 0.3247323 0.3163734 0.3307029 0.3486273 0.0000000 0.2564618 0.4184243 0.2218703 
NepSFB     0.2724837 0.2694412 0.3807065 0.3143867 0.0121863 0.3616455 0.2453402 0.3852761 0.4013013 0.2564618 0.0000000 0.3260035 0.1665242 
WPYJ       0.3200916 0.3869197 0.4301399 0.3762692 0.3309182 0.3434320 0.1908148 0.3923380 0.4546703 0.4184243 0.3260035 0.0000000 0.3061376 
MJM2940    0.1626208 0.2016741 0.3271319 0.2245187 0.1708729 0.2725153 0.2344507 0.3048247 0.3542292 0.2218703 0.1665242 0.3061376 0.0000000 
