13
DrolusSFB  0.0000000 0.3511593 0.4066849 0.3558039 0.2741395 0.3397666 0.4063707 0.4016716 0.4167102 0.4017029 0.2795841 0.3677641 0.2072320 
Dino       0.3511593 0.0000000 0.3738120 0.2078393 0.3001883 0.3536921 0.3684339 0.3973878 0.4336295 0.1603664 0.2971260 0.3520102 0.2794958 
MJM3360    0.4066849 0.3738120 0.0000000 0.4324000 0.3547671 0.2616611 0.3969086 0.4350915 0.4656590 0.4224583 0.3554079 0.3820474 0.3426330 
DrobinSFB  0.3558039 0.2078393 0.4324000 0.0000000 0.3945323 0.4145576 0.4675705 0.4338229 0.4319250 0.2600387 0.3901783 0.4047227 0.3133957 
Neam       0.2741395 0.3001883 0.3547671 0.3945323 0.0000000 0.3254716 0.3295703 0.3862067 0.3940565 0.3476178 0.0118666 0.3403977 0.2205014 
RuprSFB    0.3397666 0.3536921 0.2616611 0.4145576 0.3254716 0.0000000 0.3590892 0.3844116 0.3959581 0.3783557 0.3158938 0.3706570 0.2977175 
Retr       0.4063707 0.3684339 0.3969086 0.4675705 0.3295703 0.3590892 0.0000000 0.4241157 0.4309245 0.4341763 0.3302396 0.2570403 0.3923117 
Beta       0.4016716 0.3973878 0.4350915 0.4338229 0.3862067 0.3844116 0.4241157 0.0000000 0.1279169 0.4555603 0.4008508 0.4041306 0.3631289 
Spol       0.4167102 0.4336295 0.4656590 0.4319250 0.3940565 0.3959581 0.4309245 0.1279169 0.0000000 0.4578527 0.3977939 0.4367095 0.3738708 
MJM1652    0.4017029 0.1603664 0.4224583 0.2600387 0.3476178 0.3783557 0.4341763 0.4555603 0.4578527 0.0000000 0.3414396 0.3902680 0.2989642 
NepSFB     0.2795841 0.2971260 0.3554079 0.3901783 0.0118666 0.3158938 0.3302396 0.4008508 0.3977939 0.3414396 0.0000000 0.3373298 0.2210172 
WPYJ       0.3677641 0.3520102 0.3820474 0.4047227 0.3403977 0.3706570 0.2570403 0.4041306 0.4367095 0.3902680 0.3373298 0.0000000 0.3312530 
MJM2940    0.2072320 0.2794958 0.3426330 0.3133957 0.2205014 0.2977175 0.3923117 0.3631289 0.3738708 0.2989642 0.2210172 0.3312530 0.0000000 
