13
DrolusSFB  0.0000000 0.3485710 0.3523652 0.3700674 0.2616661 0.3245257 0.3426395 0.3286765 0.2920362 0.3921678 0.2669917 0.3680570 0.1935813 
Dino       0.3485710 0.0000000 0.3810220 0.1965730 0.3456318 0.3698268 0.3505945 0.3171703 0.3410865 0.2249685 0.3570286 0.3756292 0.2764652 
MJM3360    0.3523652 0.3810220 0.0000000 0.3927157 0.3380119 0.2739205 0.3795955 0.3296146 0.3418641 0.4394986 0.3484013 0.3885586 0.3184573 
DrobinSFB  0.3700674 0.1965730 0.3927157 0.0000000 0.3506515 0.3559387 0.3519967 0.3499507 0.3446267 0.2673079 0.3593375 0.4070692 0.3246464 
Neam       0.2616661 0.3456318 0.3380119 0.3506515 0.0000000 0.2741560 0.2653193 0.3113690 0.2957889 0.4643952 0.0132585 0.3266992 0.2227708 
RuprSFB    0.3245257 0.3698268 0.2739205 0.3559387 0.2741560 0.0000000 0.3167682 0.3141101 0.2626803 0.3956565 0.2811985 0.3182893 0.2930968 
Retr       0.3426395 0.3505945 0.3795955 0.3519967 0.2653193 0.3167682 0.0000000 0.3193770 0.2814997 0.3681501 0.2739025 0.1621536 0.2763136 
Beta       0.3286765 0.3171703 0.3296146 0.3499507 0.3113690 0.3141101 0.3193770 0.0000000 0.1741374 0.3841296 0.3159774 0.3416773 0.2913972 
Spol       0.2920362 0.3410865 0.3418641 0.3446267 0.2957889 0.2626803 0.2814997 0.1741374 0.0000000 0.3835630 0.3053091 0.3521460 0.2435724 
MJM1652    0.3921678 0.2249685 0.4394986 0.2673079 0.4643952 0.3956565 0.3681501 0.3841296 0.3835630 0.0000000 0.4761943 0.3984556 0.3556089 
NepSFB     0.2669917 0.3570286 0.3484013 0.3593375 0.0132585 0.2811985 0.2739025 0.3159774 0.3053091 0.4761943 0.0000000 0.3270253 0.2246276 
WPYJ       0.3680570 0.3756292 0.3885586 0.4070692 0.3266992 0.3182893 0.1621536 0.3416773 0.3521460 0.3984556 0.3270253 0.0000000 0.3216284 
MJM2940    0.1935813 0.2764652 0.3184573 0.3246464 0.2227708 0.2930968 0.2763136 0.2913972 0.2435724 0.3556089 0.2246276 0.3216284 0.0000000 
