13
DrolusSFB  0.0000000 0.4152409 0.2698071 0.4354235 0.3158484 0.3705481 0.4156037 0.4458489 0.5067299 0.4374954 0.3007523 0.4435355 0.2204324 
Dino       0.4152409 0.0000000 0.3451415 0.2587809 0.3486946 0.4440927 0.4657755 0.4699171 0.5379650 0.2864920 0.3198238 0.5009112 0.3444111 
MJM3360    0.2698071 0.3451415 0.0000000 0.4076740 0.2526397 0.2129885 0.2973520 0.3038083 0.2956013 0.3371788 0.2561988 0.2707035 0.2517881 
DrobinSFB  0.4354235 0.2587809 0.4076740 0.0000000 0.4066394 0.4525334 0.4813581 0.5466253 0.5753480 0.3026437 0.3760218 0.5472479 0.3703526 
Neam       0.3158484 0.3486946 0.2526397 0.4066394 0.0000000 0.3364463 0.3561933 0.4073016 0.4739515 0.3375228 0.0172699 0.3911099 0.2042450 
RuprSFB    0.3705481 0.4440927 0.2129885 0.4525334 0.3364463 0.0000000 0.3995329 0.4118415 0.4305746 0.3961989 0.3345753 0.3918158 0.3284567 
Retr       0.4156037 0.4657755 0.2973520 0.4813581 0.3561933 0.3995329 0.0000000 0.4449720 0.4949881 0.4617323 0.3378194 0.2220408 0.3333594 
Beta       0.4458489 0.4699171 0.3038083 0.5466253 0.4073016 0.4118415 0.4449720 0.0000000 0.1506762 0.5208528 0.3953326 0.4661917 0.3686276 
Spol       0.5067299 0.5379650 0.2956013 0.5753480 0.4739515 0.4305746 0.4949881 0.1506762 0.0000000 0.5782470 0.4454369 0.5115267 0.4418784 
MJM1652    0.4374954 0.2864920 0.3371788 0.3026437 0.3375228 0.3961989 0.4617323 0.5208528 0.5782470 0.0000000 0.3175799 0.4901978 0.3244924 
NepSFB     0.3007523 0.3198238 0.2561988 0.3760218 0.0172699 0.3345753 0.3378194 0.3953326 0.4454369 0.3175799 0.0000000 0.3828170 0.2009090 
WPYJ       0.4435355 0.5009112 0.2707035 0.5472479 0.3911099 0.3918158 0.2220408 0.4661917 0.5115267 0.4901978 0.3828170 0.0000000 0.3830993 
MJM2940    0.2204324 0.3444111 0.2517881 0.3703526 0.2042450 0.3284567 0.3333594 0.3686276 0.4418784 0.3244924 0.2009090 0.3830993 0.0000000 
