13
DrolusSFB  0.0000000 0.2828761 0.4074511 0.3420695 0.2808292 0.3513553 0.3474510 0.3823756 0.4033046 0.3308909 0.2805360 0.4035228 0.1787887 
Dino       0.2828761 0.0000000 0.3744519 0.1898943 0.2633918 0.3309764 0.3147872 0.3412015 0.3628577 0.1394635 0.2626387 0.3766268 0.2113473 
MJM3360    0.4074511 0.3744519 0.0000000 0.4704437 0.3987289 0.3351477 0.3686951 0.4680426 0.4518086 0.4571627 0.3953508 0.4884121 0.3598340 
DrobinSFB  0.3420695 0.1898943 0.4704437 0.0000000 0.3127598 0.4015190 0.3912324 0.4713940 0.4821728 0.2329275 0.3130529 0.5028347 0.3011185 
Neam       0.2808292 0.2633918 0.3987289 0.3127598 0.0000000 0.3510691 0.3001295 0.3803876 0.4015047 0.3123747 0.0131505 0.4159022 0.2169475 
RuprSFB    0.3513553 0.3309764 0.3351477 0.4015190 0.3510691 0.0000000 0.3840659 0.4460891 0.4363565 0.3815763 0.3513299 0.4492485 0.3251341 
Retr       0.3474510 0.3147872 0.3686951 0.3912324 0.3001295 0.3840659 0.0000000 0.3218788 0.3502062 0.3301954 0.3044436 0.1982650 0.3220499 
Beta       0.3823756 0.3412015 0.4680426 0.4713940 0.3803876 0.4460891 0.3218788 0.0000000 0.1545773 0.4209781 0.3835403 0.4603604 0.3412375 
Spol       0.4033046 0.3628577 0.4518086 0.4821728 0.4015047 0.4363565 0.3502062 0.1545773 0.0000000 0.4498887 0.4027394 0.4521529 0.3730866 
MJM1652    0.3308909 0.1394635 0.4571627 0.2329275 0.3123747 0.3815763 0.3301954 0.4209781 0.4498887 0.0000000 0.3149651 0.4436485 0.2792632 
NepSFB     0.2805360 0.2626387 0.3953508 0.3130529 0.0131505 0.3513299 0.3044436 0.3835403 0.4027394 0.3149651 0.0000000 0.4195798 0.2170921 
WPYJ       0.4035228 0.3766268 0.4884121 0.5028347 0.4159022 0.4492485 0.1982650 0.4603604 0.4521529 0.4436485 0.4195798 0.0000000 0.3661328 
MJM2940    0.1787887 0.2113473 0.3598340 0.3011185 0.2169475 0.3251341 0.3220499 0.3412375 0.3730866 0.2792632 0.2170921 0.3661328 0.0000000 
