13
DrolusSFB  0.0000000 0.2394606 0.3134470 0.2422759 0.2130092 0.2619163 0.2851250 0.2915520 0.3151715 0.2344278 0.3450210 0.3300077 0.1575646 
Dino       0.2394606 0.0000000 0.3311145 0.1539168 0.2279529 0.2842460 0.2809514 0.3160987 0.3239302 0.1483867 0.3740428 0.3392558 0.2160325 
MJM3360    0.3134470 0.3311145 0.0000000 0.3429203 0.3314034 0.2372239 0.3201157 0.3582886 0.3697832 0.3338792 0.4761345 0.3770059 0.2936818 
DrobinSFB  0.2422759 0.1539168 0.3429203 0.0000000 0.2268519 0.2940514 0.3010733 0.3051441 0.3125725 0.1408847 0.3690443 0.3572050 0.2167947 
Neam       0.2130092 0.2279529 0.3314034 0.2268519 0.0000000 0.2718522 0.2554421 0.3191743 0.3208686 0.2253421 0.1719172 0.3034271 0.1969153 
RuprSFB    0.2619163 0.2842460 0.2372239 0.2940514 0.2718522 0.0000000 0.2914041 0.3167695 0.3088628 0.2795755 0.4337164 0.3643789 0.2505089 
Retr       0.2851250 0.2809514 0.3201157 0.3010733 0.2554421 0.2914041 0.0000000 0.3021830 0.2942203 0.2814212 0.4291657 0.1567229 0.2517987 
Beta       0.2915520 0.3160987 0.3582886 0.3051441 0.3191743 0.3167695 0.3021830 0.0000000 0.1110859 0.3100573 0.4649998 0.3575048 0.2827074 
Spol       0.3151715 0.3239302 0.3697832 0.3125725 0.3208686 0.3088628 0.2942203 0.1110859 0.0000000 0.3264306 0.4710929 0.3367581 0.3012020 
MJM1652    0.2344278 0.1483867 0.3338792 0.1408847 0.2253421 0.2795755 0.2814212 0.3100573 0.3264306 0.0000000 0.3590055 0.3382533 0.2022586 
NepSFB     0.3450210 0.3740428 0.4761345 0.3690443 0.1719172 0.4337164 0.4291657 0.4649998 0.4710929 0.3590055 0.0000000 0.4887131 0.2949275 
WPYJ       0.3300077 0.3392558 0.3770059 0.3572050 0.3034271 0.3643789 0.1567229 0.3575048 0.3367581 0.3382533 0.4887131 0.0000000 0.3018765 
MJM2940    0.1575646 0.2160325 0.2936818 0.2167947 0.1969153 0.2505089 0.2517987 0.2827074 0.3012020 0.2022586 0.2949275 0.3018765 0.0000000 
