13
DrolusSFB  0.0000000 0.3622931 0.4496250 0.3565172 0.2710799 0.3907475 0.5036960 0.4395710 0.4477204 0.4048875 0.2737374 0.4600678 0.2129055 
Dino       0.3622931 0.0000000 0.4647570 0.1831575 0.2779940 0.3944538 0.3353784 0.4135900 0.4243882 0.1593343 0.2712102 0.4767216 0.2867936 
MJM3360    0.4496250 0.4647570 0.0000000 0.4904700 0.3931127 0.3029136 0.4081454 0.4392144 0.4506936 0.5008341 0.3990021 0.4994139 0.3974385 
DrobinSFB  0.3565172 0.1831575 0.4904700 0.0000000 0.3143500 0.4346209 0.2193021 0.4594571 0.4376471 0.2199210 0.3167514 0.5178790 0.3513868 
Neam       0.2710799 0.2779940 0.3931127 0.3143500 0.0000000 0.3411069 0.2933294 0.3730337 0.3633619 0.3077852 0.0094550 0.3916376 0.2103967 
RuprSFB    0.3907475 0.3944538 0.3029136 0.4346209 0.3411069 0.0000000 0.3496447 0.4145161 0.4215063 0.4417008 0.3357487 0.4352036 0.3343855 
Retr       0.5036960 0.3353784 0.4081454 0.2193021 0.2933294 0.3496447 0.0000000 0.3661769 0.3616116 0.3694534 0.2999607 0.2130839 0.2663052 
Beta       0.4395710 0.4135900 0.4392144 0.4594571 0.3730337 0.4145161 0.3661769 0.0000000 0.1461801 0.4697005 0.3639832 0.4639982 0.3627076 
Spol       0.4477204 0.4243882 0.4506936 0.4376471 0.3633619 0.4215063 0.3616116 0.1461801 0.0000000 0.4759506 0.3538531 0.4424824 0.3788456 
MJM1652    0.4048875 0.1593343 0.5008341 0.2199210 0.3077852 0.4417008 0.3694534 0.4697005 0.4759506 0.0000000 0.3015942 0.5085922 0.3323633 
NepSFB     0.2737374 0.2712102 0.3990021 0.3167514 0.0094550 0.3357487 0.2999607 0.3639832 0.3538531 0.3015942 0.0000000 0.3937204 0.2144792 
WPYJ       0.4600678 0.4767216 0.4994139 0.5178790 0.3916376 0.4352036 0.2130839 0.4639982 0.4424824 0.5085922 0.3937204 0.0000000 0.4034956 
MJM2940    0.2129055 0.2867936 0.3974385 0.3513868 0.2103967 0.3343855 0.2663052 0.3627076 0.3788456 0.3323633 0.2144792 0.4034956 0.0000000 
