13
DrolusSFB  0.0000000 0.3518796 0.2621012 0.3972948 0.2435707 0.2826887 0.2659474 0.3204454 0.3045660 0.3766132 0.2474138 0.3191347 0.1683986 
Dino       0.3518796 0.0000000 0.3495155 0.2310535 0.2464378 0.3155714 0.3196719 0.3597883 0.3771624 0.1534262 0.2551695 0.3411004 0.3428152 
MJM3360    0.2621012 0.3495155 0.0000000 0.3739564 0.2641116 0.2448990 0.2797709 0.3046673 0.2665306 0.3609547 0.2708630 0.3004357 0.2607967 
DrobinSFB  0.3972948 0.2310535 0.3739564 0.0000000 0.3314712 0.3707476 0.3712397 0.3717790 0.3778456 0.2101382 0.3273504 0.4169737 0.3959268 
Neam       0.2435707 0.2464378 0.2641116 0.3314712 0.0000000 0.2586745 0.2425419 0.2856876 0.2925018 0.2971573 0.0108914 0.3243883 0.2095344 
RuprSFB    0.2826887 0.3155714 0.2448990 0.3707476 0.2586745 0.0000000 0.2781333 0.2827853 0.3006705 0.3086565 0.2645206 0.2888964 0.2649317 
Retr       0.2659474 0.3196719 0.2797709 0.3712397 0.2425419 0.2781333 0.0000000 0.3053808 0.3192056 0.3547864 0.2488064 0.1528398 0.2634455 
Beta       0.3204454 0.3597883 0.3046673 0.3717790 0.2856876 0.2827853 0.3053808 0.0000000 0.0970597 0.3356220 0.2884873 0.3158181 0.2752240 
Spol       0.3045660 0.3771624 0.2665306 0.3778456 0.2925018 0.3006705 0.3192056 0.0970597 0.0000000 0.3452143 0.2953691 0.3024326 0.2775650 
MJM1652    0.3766132 0.1534262 0.3609547 0.2101382 0.2971573 0.3086565 0.3547864 0.3356220 0.3452143 0.0000000 0.3048887 0.3913488 0.3997224 
NepSFB     0.2474138 0.2551695 0.2708630 0.3273504 0.0108914 0.2645206 0.2488064 0.2884873 0.2953691 0.3048887 0.0000000 0.3273908 0.2151499 
WPYJ       0.3191347 0.3411004 0.3004357 0.4169737 0.3243883 0.2888964 0.1528398 0.3158181 0.3024326 0.3913488 0.3273908 0.0000000 0.3129911 
MJM2940    0.1683986 0.3428152 0.2607967 0.3959268 0.2095344 0.2649317 0.2634455 0.2752240 0.2775650 0.3997224 0.2151499 0.3129911 0.0000000 
