13
DrolusSFB  0.0000000 0.2481746 0.2980631 0.2987670 0.2360548 0.2906534 0.2970393 0.2849990 0.3135755 0.2971367 0.2394956 0.2645028 0.1657936 
Dino       0.2481746 0.0000000 0.2763613 0.1421509 0.2465572 0.2890739 0.2995424 0.2884053 0.3135425 0.1245340 0.2480971 0.2490825 0.2412891 
MJM3360    0.2980631 0.2763613 0.0000000 0.3052650 0.2798075 0.2284225 0.2937919 0.2831528 0.3126442 0.3045598 0.2758604 0.2747649 0.2523842 
DrobinSFB  0.2987670 0.1421509 0.3052650 0.0000000 0.2896480 0.3162669 0.3478137 0.3316708 0.3365870 0.1742515 0.2878662 0.2801552 0.2775879 
Neam       0.2360548 0.2465572 0.2798075 0.2896480 0.0000000 0.2730754 0.2817342 0.2812169 0.2928005 0.2761888 0.0147693 0.2309012 0.1972126 
RuprSFB    0.2906534 0.2890739 0.2284225 0.3162669 0.2730754 0.0000000 0.2758957 0.2736437 0.2901199 0.2984579 0.2727794 0.2752141 0.2590489 
Retr       0.2970393 0.2995424 0.2937919 0.3478137 0.2817342 0.2758957 0.0000000 0.2857770 0.2871481 0.3428625 0.2834718 0.1335452 0.2839282 
Beta       0.2849990 0.2884053 0.2831528 0.3316708 0.2812169 0.2736437 0.2857770 0.0000000 0.1312914 0.3128708 0.2822603 0.2324780 0.2406757 
Spol       0.3135755 0.3135425 0.3126442 0.3365870 0.2928005 0.2901199 0.2871481 0.1312914 0.0000000 0.3400291 0.2934792 0.2606264 0.2590194 
MJM1652    0.2971367 0.1245340 0.3045598 0.1742515 0.2761888 0.2984579 0.3428625 0.3128708 0.3400291 0.0000000 0.2778504 0.2644434 0.2761122 
NepSFB     0.2394956 0.2480971 0.2758604 0.2878662 0.0147693 0.2727794 0.2834718 0.2822603 0.2934792 0.2778504 0.0000000 0.2421311 0.1962792 
WPYJ       0.2645028 0.2490825 0.2747649 0.2801552 0.2309012 0.2752141 0.1335452 0.2324780 0.2606264 0.2644434 0.2421311 0.0000000 0.2285519 
MJM2940    0.1657936 0.2412891 0.2523842 0.2775879 0.1972126 0.2590489 0.2839282 0.2406757 0.2590194 0.2761122 0.1962792 0.2285519 0.0000000 
