13
DrolusSFB  0.0000000 0.1897609 0.2717576 0.2083215 0.1781292 0.2341284 0.2327440 0.2916778 0.2706238 0.2455444 0.1658946 0.2643959 0.1458203 
Dino       0.1897609 0.0000000 0.3139483 0.1420626 0.2027040 0.2903433 0.2218660 0.3103705 0.3046512 0.1459144 0.2018672 0.2937013 0.1978857 
MJM3360    0.2717576 0.3139483 0.0000000 0.3115854 0.2453577 0.2849101 0.2293576 0.1997148 0.2105789 0.2583351 0.2455108 0.2756008 0.2326554 
DrobinSFB  0.2083215 0.1420626 0.3115854 0.0000000 0.1893321 0.3374746 0.2865864 0.3349535 0.3223965 0.1658210 0.1885337 0.3047129 0.2087778 
Neam       0.1781292 0.2027040 0.2453577 0.1893321 0.0000000 0.2578827 0.2126081 0.2924295 0.2367327 0.1980572 0.0144729 0.2754361 0.1505518 
RuprSFB    0.2341284 0.2903433 0.2849101 0.3374746 0.2578827 0.0000000 0.2857195 0.3337607 0.3475263 0.3010780 0.2552809 0.3187310 0.2536396 
Retr       0.2327440 0.2218660 0.2293576 0.2865864 0.2126081 0.2857195 0.0000000 0.2497665 0.2988051 0.2839663 0.2034412 0.1299080 0.2077847 
Beta       0.2916778 0.3103705 0.1997148 0.3349535 0.2924295 0.3337607 0.2497665 0.0000000 0.1502821 0.3132914 0.2774976 0.3258932 0.2418343 
Spol       0.2706238 0.3046512 0.2105789 0.3223965 0.2367327 0.3475263 0.2988051 0.1502821 0.0000000 0.3334956 0.2344727 0.3055033 0.2579340 
MJM1652    0.2455444 0.1459144 0.2583351 0.1658210 0.1980572 0.3010780 0.2839663 0.3132914 0.3334956 0.0000000 0.2033245 0.3270334 0.2268969 
NepSFB     0.1658946 0.2018672 0.2455108 0.1885337 0.0144729 0.2552809 0.2034412 0.2774976 0.2344727 0.2033245 0.0000000 0.2644843 0.1412759 
WPYJ       0.2643959 0.2937013 0.2756008 0.3047129 0.2754361 0.3187310 0.1299080 0.3258932 0.3055033 0.3270334 0.2644843 0.0000000 0.3019474 
MJM2940    0.1458203 0.1978857 0.2326554 0.2087778 0.1505518 0.2536396 0.2077847 0.2418343 0.2579340 0.2268969 0.1412759 0.3019474 0.0000000 
