13
DrolusSFB  0.0000000 0.3752318 0.3081757 0.3555208 0.3072151 0.3080924 0.2996853 0.4165290 0.4626993 0.4502390 0.3068454 0.2910704 0.1938273 
Dino       0.3752318 0.0000000 0.3059866 0.1963355 0.2939557 0.2764766 0.2892661 0.4221528 0.4115724 0.1604964 0.2962776 0.3019574 0.3037178 
MJM3360    0.3081757 0.3059866 0.0000000 0.4062814 0.2972782 0.2553837 0.3157088 0.2904820 0.3376002 0.3429209 0.3087669 0.2770108 0.2429631 
DrobinSFB  0.3555208 0.1963355 0.4062814 0.0000000 0.3155152 0.3783621 0.3919591 0.4561282 0.4278502 0.2601704 0.3239272 0.3728237 0.2917125 
Neam       0.3072151 0.2939557 0.2972782 0.3155152 0.0000000 0.3086210 0.2710508 0.4101091 0.4045107 0.3621643 0.0097538 0.3081963 0.2516082 
RuprSFB    0.3080924 0.2764766 0.2553837 0.3783621 0.3086210 0.0000000 0.3356752 0.3365617 0.3262728 0.3165675 0.3114332 0.2917153 0.2450606 
Retr       0.2996853 0.2892661 0.3157088 0.3919591 0.2710508 0.3356752 0.0000000 0.2943699 0.3054217 0.3619734 0.2737640 0.1992425 0.2628935 
Beta       0.4165290 0.4221528 0.2904820 0.4561282 0.4101091 0.3365617 0.2943699 0.0000000 0.1607192 0.4493516 0.4022059 0.3164928 0.3387726 
Spol       0.4626993 0.4115724 0.3376002 0.4278502 0.4045107 0.3262728 0.3054217 0.1607192 0.0000000 0.4592913 0.4004191 0.3074161 0.3669482 
MJM1652    0.4502390 0.1604964 0.3429209 0.2601704 0.3621643 0.3165675 0.3619734 0.4493516 0.4592913 0.0000000 0.3623447 0.3200956 0.3297160 
NepSFB     0.3068454 0.2962776 0.3087669 0.3239272 0.0097538 0.3114332 0.2737640 0.4022059 0.4004191 0.3623447 0.0000000 0.3086942 0.2513167 
WPYJ       0.2910704 0.3019574 0.2770108 0.3728237 0.3081963 0.2917153 0.1992425 0.3164928 0.3074161 0.3200956 0.3086942 0.0000000 0.2452756 
MJM2940    0.1938273 0.3037178 0.2429631 0.2917125 0.2516082 0.2450606 0.2628935 0.3387726 0.3669482 0.3297160 0.2513167 0.2452756 0.0000000 
