13
DrolusSFB  0.0000000 0.4128213 0.4205200 0.3655486 0.2940307 0.3426229 0.3845809 0.3778150 0.4013530 0.2926621 0.2851359 0.3594991 0.2059668 
Dino       0.4128213 0.0000000 0.3909762 0.2703361 0.2855391 0.3632602 9.0000000 0.4223007 0.4500355 0.0245007 0.2790102 0.1141352 0.3013461 
MJM3360    0.4205200 0.3909762 0.0000000 0.4105252 0.3469401 0.3138542 0.4171794 0.4384789 0.4336877 0.3519638 0.3423531 0.4825811 0.3576340 
DrobinSFB  0.3655486 0.2703361 0.4105252 0.0000000 0.3672296 0.3781708 0.3891758 0.4085844 0.4369566 0.1788623 0.3532995 0.4129242 0.3001288 
Neam       0.2940307 0.2855391 0.3469401 0.3672296 0.0000000 0.2707822 9.0000000 0.3371347 0.3573239 0.1940000 0.0082560 0.1682842 0.2232387 
RuprSFB    0.3426229 0.3632602 0.3138542 0.3781708 0.2707822 0.0000000 0.3505109 0.3911084 0.4172042 0.3108538 0.2654319 0.3486163 0.3067273 
Retr       0.3845809 9.0000000 0.4171794 0.3891758 9.0000000 0.3505109 0.0000000 0.3789437 0.3901486 0.3920444 9.0000000 0.1866291 0.3344960 
Beta       0.3778150 0.4223007 0.4384789 0.4085844 0.3371347 0.3911084 0.3789437 0.0000000 0.1226973 0.3343483 0.3188668 0.3538748 0.3023292 
Spol       0.4013530 0.4500355 0.4336877 0.4369566 0.3573239 0.4172042 0.3901486 0.1226973 0.0000000 0.3782269 0.3481567 0.3916648 0.3348259 
MJM1652    0.2926621 0.0245007 0.3519638 0.1788623 0.1940000 0.3108538 0.3920444 0.3343483 0.3782269 0.0000000 0.1944833 0.4243254 0.2383289 
NepSFB     0.2851359 0.2790102 0.3423531 0.3532995 0.0082560 0.2654319 9.0000000 0.3188668 0.3481567 0.1944833 0.0000000 0.1700041 0.2165091 
WPYJ       0.3594991 0.1141352 0.4825811 0.4129242 0.1682842 0.3486163 0.1866291 0.3538748 0.3916648 0.4243254 0.1700041 0.0000000 0.3451279 
MJM2940    0.2059668 0.3013461 0.3576340 0.3001288 0.2232387 0.3067273 0.3344960 0.3023292 0.3348259 0.2383289 0.2165091 0.3451279 0.0000000 
