13
DrolusSFB  0.0000000 0.2589030 0.3058488 0.2581405 0.1624457 0.2840314 0.3263614 0.2991918 0.3257257 0.2789875 0.1926607 0.3882169 0.1554545 
Dino       0.2589030 0.0000000 0.3449425 0.1760826 0.1997133 0.2918753 0.3419273 0.3029852 0.3579901 0.1385940 0.2407349 0.3989476 0.2246471 
MJM3360    0.3058488 0.3449425 0.0000000 0.3445005 0.2326231 0.2822086 0.3909900 0.2849438 0.3071312 0.3535211 0.2618585 0.4074221 0.2873396 
DrobinSFB  0.2581405 0.1760826 0.3445005 0.0000000 0.1787698 0.2938869 0.3264713 0.3028161 0.3645709 0.2021051 0.2213329 0.4078011 0.2158528 
Neam       0.1624457 0.1997133 0.2326231 0.1787698 0.0000000 0.2002685 0.2411294 0.1915936 0.2605690 0.1981314 0.0116152 0.3353199 0.1257879 
RuprSFB    0.2840314 0.2918753 0.2822086 0.2938869 0.2002685 0.0000000 0.3442150 0.3171455 0.3536461 0.2911153 0.2379301 0.3904106 0.2542792 
Retr       0.3263614 0.3419273 0.3909900 0.3264713 0.2411294 0.3442150 0.0000000 0.3442591 0.3761659 0.3714028 0.2555967 0.1897098 0.3166598 
Beta       0.2991918 0.3029852 0.2849438 0.3028161 0.1915936 0.3171455 0.3442591 0.0000000 0.1256412 0.3152584 0.2210467 0.4129669 0.2697774 
Spol       0.3257257 0.3579901 0.3071312 0.3645709 0.2605690 0.3536461 0.3761659 0.1256412 0.0000000 0.3930572 0.2753829 0.4255286 0.2968390 
MJM1652    0.2789875 0.1385940 0.3535211 0.2021051 0.1981314 0.2911153 0.3714028 0.3152584 0.3930572 0.0000000 0.2360089 0.4254825 0.2320615 
NepSFB     0.1926607 0.2407349 0.2618585 0.2213329 0.0116152 0.2379301 0.2555967 0.2210467 0.2753829 0.2360089 0.0000000 0.3587208 0.1557230 
WPYJ       0.3882169 0.3989476 0.4074221 0.4078011 0.3353199 0.3904106 0.1897098 0.4129669 0.4255286 0.4254825 0.3587208 0.0000000 0.3459048 
MJM2940    0.1554545 0.2246471 0.2873396 0.2158528 0.1257879 0.2542792 0.3166598 0.2697774 0.2968390 0.2320615 0.1557230 0.3459048 0.0000000 
