13
DrolusSFB  0.0000000 0.2762649 0.3552704 0.3226335 0.2502164 0.3412939 0.3692330 0.3915130 0.4010844 0.3034721 0.2547365 0.3844500 0.1904155 
Dino       0.2762649 0.0000000 0.3478906 0.1469785 0.2070677 0.3215799 0.3326999 0.3610415 0.3904302 0.1280985 0.2129672 0.3596717 0.1883468 
MJM3360    0.3552704 0.3478906 0.0000000 0.3700218 0.3447523 0.2711692 0.3587019 0.4432948 0.4631995 0.4012035 0.3492737 0.3768358 0.2941517 
DrobinSFB  0.3226335 0.1469785 0.3700218 0.0000000 0.2820394 0.3628581 0.3651670 0.3858194 0.4528635 0.1808346 0.2853387 0.4182081 0.2475619 
Neam       0.2502164 0.2070677 0.3447523 0.2820394 0.0000000 0.3045525 0.3243591 0.3560055 0.3993099 0.2210293 0.0119304 0.3702243 0.1619417 
RuprSFB    0.3412939 0.3215799 0.2711692 0.3628581 0.3045525 0.0000000 0.3345806 0.3844279 0.4267827 0.3399020 0.3112340 0.3352933 0.2816964 
Retr       0.3692330 0.3326999 0.3587019 0.3651670 0.3243591 0.3345806 0.0000000 0.3777433 0.4027560 0.3296295 0.3286112 0.2143460 0.2872667 
Beta       0.3915130 0.3610415 0.4432948 0.3858194 0.3560055 0.3844279 0.3777433 0.0000000 0.1634741 0.3664865 0.3609669 0.4150401 0.3041838 
Spol       0.4010844 0.3904302 0.4631995 0.4528635 0.3993099 0.4267827 0.4027560 0.1634741 0.0000000 0.3895014 0.3988792 0.4212146 0.3336780 
MJM1652    0.3034721 0.1280985 0.4012035 0.1808346 0.2210293 0.3399020 0.3296295 0.3664865 0.3895014 0.0000000 0.2227448 0.3572781 0.2009646 
NepSFB     0.2547365 0.2129672 0.3492737 0.2853387 0.0119304 0.3112340 0.3286112 0.3609669 0.3988792 0.2227448 0.0000000 0.3707610 0.1646218 
WPYJ       0.3844500 0.3596717 0.3768358 0.4182081 0.3702243 0.3352933 0.2143460 0.4150401 0.4212146 0.3572781 0.3707610 0.0000000 0.3311603 
MJM2940    0.1904155 0.1883468 0.2941517 0.2475619 0.1619417 0.2816964 0.2872667 0.3041838 0.3336780 0.2009646 0.1646218 0.3311603 0.0000000 
