13
DrolusSFB  0.0000000 0.4975871 0.4526178 0.5221039 0.2998604 0.4174729 0.5312138 0.4649258 0.4974706 0.5846181 0.3014794 0.5394788 0.2213532 
Dino       0.4975871 0.0000000 0.5602676 0.2692582 0.3405745 0.4697450 0.5334896 0.5753954 0.5990440 0.2214244 0.3458395 0.5084678 0.3453763 
MJM3360    0.4526178 0.5602676 0.0000000 0.5539214 0.3550717 0.2923416 0.4821093 0.4906314 0.4857589 0.6068659 0.3729100 0.5590306 0.3789799 
DrobinSFB  0.5221039 0.2692582 0.5539214 0.0000000 0.3742783 0.5269149 0.6413706 0.5687830 0.6010627 0.3421947 0.3879769 0.5616447 0.4257167 
Neam       0.2998604 0.3405745 0.3550717 0.3742783 0.0000000 0.3453302 0.4101516 0.4312527 0.4230621 0.4063600 0.0169196 0.4190192 0.1788994 
RuprSFB    0.4174729 0.4697450 0.2923416 0.5269149 0.3453302 0.0000000 0.4133404 0.4148676 0.4260519 0.5489586 0.3403904 0.4465879 0.3254172 
Retr       0.5312138 0.5334896 0.4821093 0.6413706 0.4101516 0.4133404 0.0000000 0.5591547 0.5351744 0.6360316 0.4253629 0.2568552 0.4171042 
Beta       0.4649258 0.5753954 0.4906314 0.5687830 0.4312527 0.4148676 0.5591547 0.0000000 0.1911270 0.6678981 0.4345845 0.5333587 0.3689149 
Spol       0.4974706 0.5990440 0.4857589 0.6010627 0.4230621 0.4260519 0.5351744 0.1911270 0.0000000 0.6593151 0.4227730 0.5556607 0.3777396 
MJM1652    0.5846181 0.2214244 0.6068659 0.3421947 0.4063600 0.5489586 0.6360316 0.6678981 0.6593151 0.0000000 0.4044670 0.5293822 0.4644181 
NepSFB     0.3014794 0.3458395 0.3729100 0.3879769 0.0169196 0.3403904 0.4253629 0.4345845 0.4227730 0.4044670 0.0000000 0.4343660 0.1860406 
WPYJ       0.5394788 0.5084678 0.5590306 0.5616447 0.4190192 0.4465879 0.2568552 0.5333587 0.5556607 0.5293822 0.4343660 0.0000000 0.4175012 
MJM2940    0.2213532 0.3453763 0.3789799 0.4257167 0.1788994 0.3254172 0.4171042 0.3689149 0.3777396 0.4644181 0.1860406 0.4175012 0.0000000 
