13
DrolusSFB  0.0000000 0.2176655 0.2724829 0.2814407 0.1893156 0.2112217 0.1900806 0.2327859 0.2624890 0.2355797 0.1873066 0.2855758 0.1237362 
Dino       0.2176655 0.0000000 0.2528432 0.1682355 0.1778467 0.1928174 0.2354218 0.2839507 0.2954158 0.0886472 0.1810640 0.2687324 0.2034287 
MJM3360    0.2724829 0.2528432 0.0000000 0.3258427 0.2289108 0.2086864 0.2942608 0.2944467 0.3000720 0.2620138 0.2318446 0.2901572 0.2552311 
DrobinSFB  0.2814407 0.1682355 0.3258427 0.0000000 0.2502743 0.2687371 0.3173185 0.3491804 0.3586767 0.1829776 0.2510831 0.3457295 0.2689267 
Neam       0.1893156 0.1778467 0.2289108 0.2502743 0.0000000 0.1816031 0.2110842 0.2330423 0.2349676 0.1866660 0.0062617 0.2657603 0.1598837 
RuprSFB    0.2112217 0.1928174 0.2086864 0.2687371 0.1816031 0.0000000 0.2204543 0.2541597 0.2653194 0.2228224 0.1826580 0.2628802 0.1997492 
Retr       0.1900806 0.2354218 0.2942608 0.3173185 0.2110842 0.2204543 0.0000000 0.2745343 0.2736636 0.2907009 0.2230434 0.1298969 0.2053630 
Beta       0.2327859 0.2839507 0.2944467 0.3491804 0.2330423 0.2541597 0.2745343 0.0000000 0.1034306 0.2906211 0.2326040 0.3040238 0.2415732 
Spol       0.2624890 0.2954158 0.3000720 0.3586767 0.2349676 0.2653194 0.2736636 0.1034306 0.0000000 0.3223384 0.2397162 0.3393961 0.2593287 
MJM1652    0.2355797 0.0886472 0.2620138 0.1829776 0.1866660 0.2228224 0.2907009 0.2906211 0.3223384 0.0000000 0.1935391 0.2916342 0.2222108 
NepSFB     0.1873066 0.1810640 0.2318446 0.2510831 0.0062617 0.1826580 0.2230434 0.2326040 0.2397162 0.1935391 0.0000000 0.2736692 0.1690006 
WPYJ       0.2855758 0.2687324 0.2901572 0.3457295 0.2657603 0.2628802 0.1298969 0.3040238 0.3393961 0.2916342 0.2736692 0.0000000 0.2984063 
MJM2940    0.1237362 0.2034287 0.2552311 0.2689267 0.1598837 0.1997492 0.2053630 0.2415732 0.2593287 0.2222108 0.1690006 0.2984063 0.0000000 
