13
DrolusSFB  0.0000000 0.3017733 0.3660673 0.3415490 0.2441814 0.3312208 0.3765793 0.3800110 0.3832179 0.3485274 0.2479340 0.3930669 0.1665932 
Dino       0.3017733 0.0000000 0.3586321 0.1556596 0.2257872 0.3184281 0.3476353 0.3516881 0.3735084 0.1277342 0.2217526 0.3952200 0.2409767 
MJM3360    0.3660673 0.3586321 0.0000000 0.4281518 0.3333419 0.3489554 0.3795371 0.4074143 0.4392546 0.3665568 0.3293396 0.4657384 0.3149219 
DrobinSFB  0.3415490 0.1556596 0.4281518 0.0000000 0.2808515 0.3552855 0.3902571 0.3668376 0.3717685 0.1954553 0.2713125 0.4696266 0.2806187 
Neam       0.2441814 0.2257872 0.3333419 0.2808515 0.0000000 0.2736993 0.3099371 0.3179612 0.3327845 0.2693698 0.0099938 0.3486278 0.1724360 
RuprSFB    0.3312208 0.3184281 0.3489554 0.3552855 0.2736993 0.0000000 0.3449759 0.3871612 0.3872218 0.3317726 0.2627326 0.4196121 0.2809086 
Retr       0.3765793 0.3476353 0.3795371 0.3902571 0.3099371 0.3449759 0.0000000 0.3657169 0.3773410 0.3628928 0.3017713 0.2180265 0.2999910 
Beta       0.3800110 0.3516881 0.4074143 0.3668376 0.3179612 0.3871612 0.3657169 0.0000000 0.1304432 0.3833275 0.3091008 0.4489376 0.3184344 
Spol       0.3832179 0.3735084 0.4392546 0.3717685 0.3327845 0.3872218 0.3773410 0.1304432 0.0000000 0.4036992 0.3307598 0.4515361 0.3169053 
MJM1652    0.3485274 0.1277342 0.3665568 0.1954553 0.2693698 0.3317726 0.3628928 0.3833275 0.4036992 0.0000000 0.2635054 0.4152658 0.2726601 
NepSFB     0.2479340 0.2217526 0.3293396 0.2713125 0.0099938 0.2627326 0.3017713 0.3091008 0.3307598 0.2635054 0.0000000 0.3463558 0.1760717 
WPYJ       0.3930669 0.3952200 0.4657384 0.4696266 0.3486278 0.4196121 0.2180265 0.4489376 0.4515361 0.4152658 0.3463558 0.0000000 0.3426224 
MJM2940    0.1665932 0.2409767 0.3149219 0.2806187 0.1724360 0.2809086 0.2999910 0.3184344 0.3169053 0.2726601 0.1760717 0.3426224 0.0000000 
