13
DrolusSFB  0.0000000 0.2936234 0.3958025 0.3175883 0.2726717 0.3429453 0.2034996 0.4871429 0.4412517 0.3941997 0.2729454 0.3248259 0.1953516 
Dino       0.2936234 0.0000000 0.3653638 0.1889947 0.2502609 0.3341763 0.1894857 0.4821388 0.4421047 0.2028713 0.2699598 0.3277226 0.2510462 
MJM3360    0.3958025 0.3653638 0.0000000 0.4121250 0.3677061 0.3187830 0.2244402 0.4670915 0.4318061 0.4454194 0.3853930 0.4113764 0.3376187 
DrobinSFB  0.3175883 0.1889947 0.4121250 0.0000000 0.2652404 0.3439010 0.2106323 0.4343445 0.4127984 0.2469675 0.2715586 0.3521546 0.2830794 
Neam       0.2726717 0.2502609 0.3677061 0.2652404 0.0000000 0.2884826 0.1609686 0.3957028 0.4170493 0.3214697 0.0474369 0.2871759 0.2139503 
RuprSFB    0.3429453 0.3341763 0.3187830 0.3439010 0.2884826 0.0000000 0.1456438 0.4161605 0.3657826 0.4021574 0.3085044 0.3404843 0.2707979 
Retr       0.2034996 0.1894857 0.2244402 0.2106323 0.1609686 0.1456438 0.0000000 0.2378871 0.2499246 0.2404900 0.1983123 0.1286446 0.1817677 
Beta       0.4871429 0.4821388 0.4670915 0.4343445 0.3957028 0.4161605 0.2378871 0.0000000 0.1523719 0.5629704 0.4054480 0.3641012 0.4118680 
Spol       0.4412517 0.4421047 0.4318061 0.4127984 0.4170493 0.3657826 0.2499246 0.1523719 0.0000000 0.5238449 0.4332203 0.3510219 0.3758916 
MJM1652    0.3941997 0.2028713 0.4454194 0.2469675 0.3214697 0.4021574 0.2404900 0.5629704 0.5238449 0.0000000 0.3386362 0.3530882 0.3370674 
NepSFB     0.2729454 0.2699598 0.3853930 0.2715586 0.0474369 0.3085044 0.1983123 0.4054480 0.4332203 0.3386362 0.0000000 0.2930739 0.2046449 
WPYJ       0.3248259 0.3277226 0.4113764 0.3521546 0.2871759 0.3404843 0.1286446 0.3641012 0.3510219 0.3530882 0.2930739 0.0000000 0.2868891 
MJM2940    0.1953516 0.2510462 0.3376187 0.2830794 0.2139503 0.2707979 0.1817677 0.4118680 0.3758916 0.3370674 0.2046449 0.2868891 0.0000000 
