13
DrolusSFB  0.0000000 0.3219106 0.2959075 0.3288467 0.2349612 0.2981678 0.3149309 0.4295394 0.4179078 0.3919691 0.2731522 0.2916158 0.1952426 
Dino       0.3219106 0.0000000 0.3258103 0.2165339 0.2142150 0.3169782 0.3718161 0.5045990 0.4636450 0.2088982 0.2897751 0.3228783 0.3050835 
MJM3360    0.2959075 0.3258103 0.0000000 0.3357867 0.2843133 0.2588500 0.3647240 0.3546968 0.3902362 0.3697185 0.2950743 0.3224952 0.2933290 
DrobinSFB  0.3288467 0.2165339 0.3357867 0.0000000 0.2485807 0.3238802 0.3541281 0.4022836 0.4310719 0.2364289 0.2686164 0.3311110 0.2638237 
Neam       0.2349612 0.2142150 0.2843133 0.2485807 0.0000000 0.2371852 0.3083429 0.3554197 0.3544732 0.3186178 0.0136111 0.2992214 0.1587388 
RuprSFB    0.2981678 0.3169782 0.2588500 0.3238802 0.2371852 0.0000000 0.2843879 0.3561035 0.3653542 0.3744944 0.2380958 0.2927093 0.2387451 
Retr       0.3149309 0.3718161 0.3647240 0.3541281 0.3083429 0.2843879 0.0000000 0.3910022 0.3897379 0.4031399 0.3049392 0.1539941 0.2763334 
Beta       0.4295394 0.5045990 0.3546968 0.4022836 0.3554197 0.3561035 0.3910022 0.0000000 0.1946234 0.5770535 0.4568564 0.3574419 0.4114587 
Spol       0.4179078 0.4636450 0.3902362 0.4310719 0.3544732 0.3653542 0.3897379 0.1946234 0.0000000 0.5348341 0.4306641 0.3585875 0.4000801 
MJM1652    0.3919691 0.2088982 0.3697185 0.2364289 0.3186178 0.3744944 0.4031399 0.5770535 0.5348341 0.0000000 0.4057734 0.3700181 0.3945766 
NepSFB     0.2731522 0.2897751 0.2950743 0.2686164 0.0136111 0.2380958 0.3049392 0.4568564 0.4306641 0.4057734 0.0000000 0.2943176 0.1923309 
WPYJ       0.2916158 0.3228783 0.3224952 0.3311110 0.2992214 0.2927093 0.1539941 0.3574419 0.3585875 0.3700181 0.2943176 0.0000000 0.2833720 
MJM2940    0.1952426 0.3050835 0.2933290 0.2638237 0.1587388 0.2387451 0.2763334 0.4114587 0.4000801 0.3945766 0.1923309 0.2833720 0.0000000 
