13
DrolusSFB  0.0000000 0.2983804 0.3490293 0.3233171 0.2400029 0.3723281 0.3630478 0.3372792 0.3307405 0.3349272 0.2449806 0.3794477 0.1669130 
Dino       0.2983804 0.0000000 0.3145599 0.1582832 0.2637693 0.3258597 0.3592575 0.3459441 0.3450773 0.1628961 0.2644080 0.3900598 0.2248243 
MJM3360    0.3490293 0.3145599 0.0000000 0.3561327 0.2894541 0.2604672 0.3467503 0.3470129 0.3197640 0.3353980 0.3008330 0.3411087 0.2826321 
DrobinSFB  0.3233171 0.1582832 0.3561327 0.0000000 0.2671372 0.3555167 0.3698416 0.3497171 0.3420675 0.2167414 0.2689798 0.4438329 0.2723453 
Neam       0.2400029 0.2637693 0.2894541 0.2671372 0.0000000 0.3167992 0.3300372 0.2926532 0.2862669 0.2861122 0.0092738 0.3132105 0.2038437 
RuprSFB    0.3723281 0.3258597 0.2604672 0.3555167 0.3167992 0.0000000 0.3256592 0.3367242 0.3202126 0.3655761 0.3354936 0.3339489 0.2987192 
Retr       0.3630478 0.3592575 0.3467503 0.3698416 0.3300372 0.3256592 0.0000000 0.3392820 0.3420924 0.4148922 0.3335669 0.1890693 0.3089688 
Beta       0.3372792 0.3459441 0.3470129 0.3497171 0.2926532 0.3367242 0.3392820 0.0000000 0.1286124 0.3539150 0.2947190 0.3510426 0.3125335 
Spol       0.3307405 0.3450773 0.3197640 0.3420675 0.2862669 0.3202126 0.3420924 0.1286124 0.0000000 0.3558657 0.2849204 0.3555994 0.3018365 
MJM1652    0.3349272 0.1628961 0.3353980 0.2167414 0.2861122 0.3655761 0.4148922 0.3539150 0.3558657 0.0000000 0.2902516 0.4195197 0.2671392 
NepSFB     0.2449806 0.2644080 0.3008330 0.2689798 0.0092738 0.3354936 0.3335669 0.2947190 0.2849204 0.2902516 0.0000000 0.3214644 0.2056154 
WPYJ       0.3794477 0.3900598 0.3411087 0.4438329 0.3132105 0.3339489 0.1890693 0.3510426 0.3555994 0.4195197 0.3214644 0.0000000 0.3200025 
MJM2940    0.1669130 0.2248243 0.2826321 0.2723453 0.2038437 0.2987192 0.3089688 0.3125335 0.3018365 0.2671392 0.2056154 0.3200025 0.0000000 
