13
DrolusSFB  0.0000000 0.3221259 0.4566845 0.3445362 0.2872856 0.3781015 0.3386690 0.3948647 0.4158940 0.3738500 0.2969844 0.4021910 0.1800286 
Dino       0.3221259 0.0000000 0.4582443 0.2616681 0.2979844 0.3992048 0.3838006 0.4694389 0.4521351 0.1721199 0.3057931 0.4890131 0.3037589 
MJM3360    0.4566845 0.4582443 0.0000000 0.5072324 0.4141780 0.3333094 0.4098325 0.4930021 0.4512381 0.5372608 0.4479898 0.5183833 0.4515681 
DrobinSFB  0.3445362 0.2616681 0.5072324 0.0000000 0.3432777 0.4389851 0.4171481 0.4441491 0.4456871 0.3387747 0.3452229 0.4623849 0.3493126 
Neam       0.2872856 0.2979844 0.4141780 0.3432777 0.0000000 0.3140918 0.3503007 0.4137329 0.3909392 0.3595702 0.0131305 0.4296167 0.2601719 
RuprSFB    0.3781015 0.3992048 0.3333094 0.4389851 0.3140918 0.0000000 0.3191408 0.4060598 0.3920575 0.4234227 0.3363259 0.4331550 0.3415620 
Retr       0.3386690 0.3838006 0.4098325 0.4171481 0.3503007 0.3191408 0.0000000 0.4087949 0.4188158 0.4432154 0.3405633 0.1753446 0.2872644 
Beta       0.3948647 0.4694389 0.4930021 0.4441491 0.4137329 0.4060598 0.4087949 0.0000000 0.2005941 0.4716928 0.4184696 0.5748268 0.3928171 
Spol       0.4158940 0.4521351 0.4512381 0.4456871 0.3909392 0.3920575 0.4188158 0.2005941 0.0000000 0.5070637 0.4059546 0.5419205 0.4134942 
MJM1652    0.3738500 0.1721199 0.5372608 0.3387747 0.3595702 0.4234227 0.4432154 0.4716928 0.5070637 0.0000000 0.3605801 0.5531498 0.3553955 
NepSFB     0.2969844 0.3057931 0.4479898 0.3452229 0.0131305 0.3363259 0.3405633 0.4184696 0.4059546 0.3605801 0.0000000 0.4125850 0.2629331 
WPYJ       0.4021910 0.4890131 0.5183833 0.4623849 0.4296167 0.4331550 0.1753446 0.5748268 0.5419205 0.5531498 0.4125850 0.0000000 0.3591079 
MJM2940    0.1800286 0.3037589 0.4515681 0.3493126 0.2601719 0.3415620 0.2872644 0.3928171 0.4134942 0.3553955 0.2629331 0.3591079 0.0000000 
