13
DrolusSFB  0.0000000 0.3331266 0.5022887 0.4546061 0.2815543 0.3572620 0.3887138 0.4130077 0.4096789 0.4093035 0.2880114 0.4071193 0.2009926 
Dino       0.3331266 0.0000000 0.4424527 0.2530423 0.2951752 0.3757225 0.4328569 0.4867218 0.4952773 0.2007330 0.3047802 0.4232003 0.3277630 
MJM3360    0.5022887 0.4424527 0.0000000 0.5176085 0.4643877 0.3927058 0.5027800 0.5027776 0.5401744 0.5093293 0.4764372 0.5316624 0.4159025 
DrobinSFB  0.4546061 0.2530423 0.5176085 0.0000000 0.4324200 0.4880994 0.5856301 0.5517680 0.5576671 0.3173997 0.4349167 0.5296883 0.4465223 
Neam       0.2815543 0.2951752 0.4643877 0.4324200 0.0000000 0.3238938 0.3950983 0.4371861 0.4449468 0.3851461 0.0078178 0.4011856 0.2310067 
RuprSFB    0.3572620 0.3757225 0.3927058 0.4880994 0.3238938 0.0000000 0.4164336 0.4173044 0.4501764 0.4739837 0.3320209 0.4185061 0.3416698 
Retr       0.3887138 0.4328569 0.5027800 0.5856301 0.3950983 0.4164336 0.0000000 0.4559687 0.4927516 0.5113477 0.4097348 0.2334297 0.3837292 
Beta       0.4130077 0.4867218 0.5027776 0.5517680 0.4371861 0.4173044 0.4559687 0.0000000 0.1831622 0.5610030 0.4476088 0.4553347 0.3865374 
Spol       0.4096789 0.4952773 0.5401744 0.5576671 0.4449468 0.4501764 0.4927516 0.1831622 0.0000000 0.5448085 0.4556793 0.4772191 0.4343779 
MJM1652    0.4093035 0.2007330 0.5093293 0.3173997 0.3851461 0.4739837 0.5113477 0.5610030 0.5448085 0.0000000 0.3987644 0.4946653 0.4120993 
NepSFB     0.2880114 0.3047802 0.4764372 0.4349167 0.0078178 0.3320209 0.4097348 0.4476088 0.4556793 0.3987644 0.0000000 0.4126763 0.2360970 
WPYJ       0.4071193 0.4232003 0.5316624 0.5296883 0.4011856 0.4185061 0.2334297 0.4553347 0.4772191 0.4946653 0.4126763 0.0000000 0.4100963 
MJM2940    0.2009926 0.3277630 0.4159025 0.4465223 0.2310067 0.3416698 0.3837292 0.3865374 0.4343779 0.4120993 0.2360970 0.4100963 0.0000000 
