13
DrolusSFB  0.0000000 0.2112143 0.2715270 0.2432798 0.1808880 0.2542772 0.2836095 0.2927289 0.3246686 0.2314481 0.1817425 0.3391135 0.1604791 
Dino       0.2112143 0.0000000 0.2835975 0.1315309 0.1465460 0.2544122 0.2743945 0.2879839 0.3084709 0.1346489 0.1695052 0.3219638 0.1822160 
MJM3360    0.2715270 0.2835975 0.0000000 0.2967857 0.2353611 0.2279780 0.2870890 0.3194692 0.3262542 0.2718239 0.2547677 0.3411947 0.2532305 
DrobinSFB  0.2432798 0.1315309 0.2967857 0.0000000 0.1908745 0.2757793 0.3103508 0.3047258 0.3185479 0.1697819 0.2060584 0.3552624 0.2194790 
Neam       0.1808880 0.1465460 0.2353611 0.1908745 0.0000000 0.2172578 0.2436271 0.2812778 0.2984650 0.1561512 0.0053411 0.2786322 0.1308006 
RuprSFB    0.2542772 0.2544122 0.2279780 0.2757793 0.2172578 0.0000000 0.2638427 0.2861915 0.2979661 0.2517084 0.2158105 0.3178876 0.2163692 
Retr       0.2836095 0.2743945 0.2870890 0.3103508 0.2436271 0.2638427 0.0000000 0.3187277 0.3515270 0.2717936 0.2409328 0.1687350 0.2608235 
Beta       0.2927289 0.2879839 0.3194692 0.3047258 0.2812778 0.2861915 0.3187277 0.0000000 0.1315391 0.2868746 0.2686774 0.3472540 0.2775563 
Spol       0.3246686 0.3084709 0.3262542 0.3185479 0.2984650 0.2979661 0.3515270 0.1315391 0.0000000 0.3103543 0.2934460 0.3625032 0.2965924 
MJM1652    0.2314481 0.1346489 0.2718239 0.1697819 0.1561512 0.2517084 0.2717936 0.2868746 0.3103543 0.0000000 0.1729377 0.3254996 0.1980144 
NepSFB     0.1817425 0.1695052 0.2547677 0.2060584 0.0053411 0.2158105 0.2409328 0.2686774 0.2934460 0.1729377 0.0000000 0.2919437 0.1388946 
WPYJ       0.3391135 0.3219638 0.3411947 0.3552624 0.2786322 0.3178876 0.1687350 0.3472540 0.3625032 0.3254996 0.2919437 0.0000000 0.3184010 
MJM2940    0.1604791 0.1822160 0.2532305 0.2194790 0.1308006 0.2163692 0.2608235 0.2775563 0.2965924 0.1980144 0.1388946 0.3184010 0.0000000 
