13
DrolusSFB  0.0000000 0.3568929 0.3693741 0.3901677 0.2643618 0.2794200 0.3305253 0.3400961 0.3371196 0.3676763 0.2651817 0.3551001 0.1795056 
Dino       0.3568929 0.0000000 0.4234489 0.2291321 0.2623899 0.3347054 0.3606246 0.3960994 0.3931394 0.1855889 0.2738091 0.3743385 0.2949666 
MJM3360    0.3693741 0.4234489 0.0000000 0.5096746 0.3470369 0.3008193 0.4459808 0.4016185 0.4215558 0.4883025 0.3494214 0.4088129 0.3422258 
DrobinSFB  0.3901677 0.2291321 0.5096746 0.0000000 0.3529859 0.4166332 0.4679350 0.4722447 0.4748273 0.2644074 0.3598163 0.4402507 0.3451774 
Neam       0.2643618 0.2623899 0.3470369 0.3529859 0.0000000 0.2364532 0.2407251 0.2987336 0.3028904 0.3018545 0.0191028 0.2895869 0.2088185 
RuprSFB    0.2794200 0.3347054 0.3008193 0.4166332 0.2364532 0.0000000 0.2917356 0.3291222 0.3307191 0.3782990 0.2326145 0.3208608 0.2308123 
Retr       0.3305253 0.3606246 0.4459808 0.4679350 0.2407251 0.2917356 0.0000000 0.3312177 0.3611380 0.4628223 0.2515252 0.2145955 0.2803813 
Beta       0.3400961 0.3960994 0.4016185 0.4722447 0.2987336 0.3291222 0.3312177 0.0000000 0.1509925 0.4260194 0.3074628 0.3642325 0.3017914 
Spol       0.3371196 0.3931394 0.4215558 0.4748273 0.3028904 0.3307191 0.3611380 0.1509925 0.0000000 0.4534323 0.3068148 0.3655528 0.3064998 
MJM1652    0.3676763 0.1855889 0.4883025 0.2644074 0.3018545 0.3782990 0.4628223 0.4260194 0.4534323 0.0000000 0.3068740 0.4081633 0.3156658 
NepSFB     0.2651817 0.2738091 0.3494214 0.3598163 0.0191028 0.2326145 0.2515252 0.3074628 0.3068148 0.3068740 0.0000000 0.3060538 0.2126171 
WPYJ       0.3551001 0.3743385 0.4088129 0.4402507 0.2895869 0.3208608 0.2145955 0.3642325 0.3655528 0.4081633 0.3060538 0.0000000 0.2994532 
MJM2940    0.1795056 0.2949666 0.3422258 0.3451774 0.2088185 0.2308123 0.2803813 0.3017914 0.3064998 0.3156658 0.2126171 0.2994532 0.0000000 
