13
DrolusSFB  0.0000000 0.2895336 0.3569269 0.3474452 0.3041560 0.3345430 0.3005366 0.3764479 0.3683529 0.2928050 0.2916299 0.2561768 0.1766505 
Dino       0.2895336 0.0000000 0.4355798 0.2869414 0.2686905 0.3318429 0.3276021 0.3652067 0.3821317 0.1682856 0.2667159 0.3133675 0.2497507 
MJM3360    0.3569269 0.4355798 0.0000000 0.4460772 0.4270012 0.3072698 0.3911778 0.3924596 0.3942743 0.3949943 0.3868111 0.3195783 0.3720782 
DrobinSFB  0.3474452 0.2869414 0.4460772 0.0000000 0.3569705 0.3868542 0.4092898 0.4202252 0.4354310 0.2678240 0.3398463 0.3237851 0.3598657 
Neam       0.3041560 0.2686905 0.4270012 0.3569705 0.0000000 0.3245073 0.3274216 0.3826122 0.3641035 0.2962875 0.0884094 0.3074335 0.2474904 
RuprSFB    0.3345430 0.3318429 0.3072698 0.3868542 0.3245073 0.0000000 0.3219858 0.3554250 0.3674074 0.3203594 0.3219215 0.2206949 0.3192863 
Retr       0.3005366 0.3276021 0.3911778 0.4092898 0.3274216 0.3219858 0.0000000 0.2961182 0.3119460 0.3315062 0.3156158 0.1294818 0.2706971 
Beta       0.3764479 0.3652067 0.3924596 0.4202252 0.3826122 0.3554250 0.2961182 0.0000000 0.1257094 0.3913954 0.3658446 0.2858464 0.3419069 
Spol       0.3683529 0.3821317 0.3942743 0.4354310 0.3641035 0.3674074 0.3119460 0.1257094 0.0000000 0.4065840 0.3636511 0.2725420 0.3455882 
MJM1652    0.2928050 0.1682856 0.3949943 0.2678240 0.2962875 0.3203594 0.3315062 0.3913954 0.4065840 0.0000000 0.2920867 0.2932869 0.2657195 
NepSFB     0.2916299 0.2667159 0.3868111 0.3398463 0.0884094 0.3219215 0.3156158 0.3658446 0.3636511 0.2920867 0.0000000 0.3110160 0.2366692 
WPYJ       0.2561768 0.3133675 0.3195783 0.3237851 0.3074335 0.2206949 0.1294818 0.2858464 0.2725420 0.2932869 0.3110160 0.0000000 0.2227904 
MJM2940    0.1766505 0.2497507 0.3720782 0.3598657 0.2474904 0.3192863 0.2706971 0.3419069 0.3455882 0.2657195 0.2366692 0.2227904 0.0000000 
