13
DrolusSFB  0.0000000 0.3228252 0.3755337 0.3695187 0.2556808 0.3219798 0.3871731 0.3366594 0.3216834 0.3399685 0.2596946 0.5131068 0.1789020 
Dino       0.3228252 0.0000000 0.4159454 0.2197285 0.2892377 0.3437529 0.4403017 0.4075846 0.3791337 0.1547178 0.2722721 0.5338834 0.2958126 
MJM3360    0.3755337 0.4159454 0.0000000 0.4450254 0.3562908 0.2831439 0.4342030 0.4170867 0.4190802 0.4458769 0.3483088 0.4767887 0.3510341 
DrobinSFB  0.3695187 0.2197285 0.4450254 0.0000000 0.3303438 0.4115357 0.4544141 0.4810625 0.4576577 0.2230786 0.3234731 0.5298660 0.3895971 
Neam       0.2556808 0.2892377 0.3562908 0.3303438 0.0000000 0.3015077 0.3443127 0.3044113 0.3157906 0.3264291 0.0109782 0.4489984 0.2073749 
RuprSFB    0.3219798 0.3437529 0.2831439 0.4115357 0.3015077 0.0000000 0.3537588 0.3252877 0.3639479 0.3790962 0.2892402 0.4381084 0.2803370 
Retr       0.3871731 0.4403017 0.4342030 0.4544141 0.3443127 0.3537588 0.0000000 0.4244830 0.4183238 0.4545482 0.3462515 0.2179061 0.3373610 
Beta       0.3366594 0.4075846 0.4170867 0.4810625 0.3044113 0.3252877 0.4244830 0.0000000 0.1674277 0.4360370 0.3109415 0.4963871 0.3163075 
Spol       0.3216834 0.3791337 0.4190802 0.4576577 0.3157906 0.3639479 0.4183238 0.1674277 0.0000000 0.4157351 0.3225069 0.4383445 0.3170426 
MJM1652    0.3399685 0.1547178 0.4458769 0.2230786 0.3264291 0.3790962 0.4545482 0.4360370 0.4157351 0.0000000 0.3182584 0.5422829 0.3212535 
NepSFB     0.2596946 0.2722721 0.3483088 0.3234731 0.0109782 0.2892402 0.3462515 0.3109415 0.3225069 0.3182584 0.0000000 0.4569054 0.2128449 
WPYJ       0.5131068 0.5338834 0.4767887 0.5298660 0.4489984 0.4381084 0.2179061 0.4963871 0.4383445 0.5422829 0.4569054 0.0000000 0.4477872 
MJM2940    0.1789020 0.2958126 0.3510341 0.3895971 0.2073749 0.2803370 0.3373610 0.3163075 0.3170426 0.3212535 0.2128449 0.4477872 0.0000000 
