13
DrolusSFB  0.0000000 0.3079345 0.3339293 0.5018500 0.2229984 0.3087805 0.3487372 0.3805834 0.3705298 0.3496271 0.2156813 0.5050136 0.1491884 
Dino       0.3079345 0.0000000 0.3423415 0.3413853 0.2530888 0.3807942 0.3647730 0.4062144 0.3741261 0.1741915 0.2545597 0.4499926 0.2532223 
MJM3360    0.3339293 0.3423415 0.0000000 0.5118350 0.3063333 0.2905063 0.3727533 0.3929750 0.4170599 0.4094322 0.3106745 0.5092197 0.3124555 
DrobinSFB  0.5018500 0.3413853 0.5118350 0.0000000 0.4639202 0.5370575 0.5015500 0.5461544 0.5369602 0.3909763 0.4676796 0.6675997 0.4382491 
Neam       0.2229984 0.2530888 0.3063333 0.4639202 0.0000000 0.2710225 0.2760454 0.3176699 0.3407526 0.2854703 0.0066819 0.3840196 0.1605649 
RuprSFB    0.3087805 0.3807942 0.2905063 0.5370575 0.2710225 0.0000000 0.3431340 0.3529810 0.3986445 0.4115935 0.2668178 0.4932966 0.2883474 
Retr       0.3487372 0.3647730 0.3727533 0.5015500 0.2760454 0.3431340 0.0000000 0.4180383 0.3795171 0.3941929 0.2719282 0.2418473 0.3143583 
Beta       0.3805834 0.4062144 0.3929750 0.5461544 0.3176699 0.3529810 0.4180383 0.0000000 0.1855252 0.4353787 0.3174450 0.4327090 0.3376045 
Spol       0.3705298 0.3741261 0.4170599 0.5369602 0.3407526 0.3986445 0.3795171 0.1855252 0.0000000 0.4493173 0.3373015 0.3816374 0.3403726 
MJM1652    0.3496271 0.1741915 0.4094322 0.3909763 0.2854703 0.4115935 0.3941929 0.4353787 0.4493173 0.0000000 0.2870828 0.4483196 0.3117952 
NepSFB     0.2156813 0.2545597 0.3106745 0.4676796 0.0066819 0.2668178 0.2719282 0.3174450 0.3373015 0.2870828 0.0000000 0.3867777 0.1573083 
WPYJ       0.5050136 0.4499926 0.5092197 0.6675997 0.3840196 0.4932966 0.2418473 0.4327090 0.3816374 0.4483196 0.3867777 0.0000000 0.4495169 
MJM2940    0.1491884 0.2532223 0.3124555 0.4382491 0.1605649 0.2883474 0.3143583 0.3376045 0.3403726 0.3117952 0.1573083 0.4495169 0.0000000 
