13
DrolusSFB  0.0000000 0.3149370 0.3468760 0.3463299 0.2314380 0.2820091 0.3167754 0.3210045 0.2919966 0.3184176 0.2228814 0.3604697 0.1477711 
Dino       0.3149370 0.0000000 0.3956089 0.1686923 0.2716692 0.3050371 0.3547796 0.3737852 0.3120525 0.1289343 0.2360984 0.3877529 0.2116736 
MJM3360    0.3468760 0.3956089 0.0000000 0.4300228 0.3356038 0.2515163 0.3765705 0.3928724 0.3398496 0.4052249 0.3241695 0.3931921 0.2917258 
DrobinSFB  0.3463299 0.1686923 0.4300228 0.0000000 0.3033754 0.3320815 0.3917861 0.3783037 0.3412040 0.1995339 0.2866958 0.4041946 0.2804846 
Neam       0.2314380 0.2716692 0.3356038 0.3033754 0.0000000 0.2597230 0.2640597 0.2952460 0.2440008 0.2757773 0.0076571 0.3624699 0.1457746 
RuprSFB    0.2820091 0.3050371 0.2515163 0.3320815 0.2597230 0.0000000 0.3043655 0.3340272 0.3129788 0.3130257 0.2143520 0.3596074 0.2043473 
Retr       0.3167754 0.3547796 0.3765705 0.3917861 0.2640597 0.3043655 0.0000000 0.3218334 0.3062498 0.3468104 0.2473550 0.1950140 0.2605359 
Beta       0.3210045 0.3737852 0.3928724 0.3783037 0.2952460 0.3340272 0.3218334 0.0000000 0.1037719 0.3863420 0.2402103 0.4107884 0.2234776 
Spol       0.2919966 0.3120525 0.3398496 0.3412040 0.2440008 0.3129788 0.3062498 0.1037719 0.0000000 0.3173225 0.2273573 0.4234638 0.2233000 
MJM1652    0.3184176 0.1289343 0.4052249 0.1995339 0.2757773 0.3130257 0.3468104 0.3863420 0.3173225 0.0000000 0.2206127 0.3985587 0.2307953 
NepSFB     0.2228814 0.2360984 0.3241695 0.2866958 0.0076571 0.2143520 0.2473550 0.2402103 0.2273573 0.2206127 0.0000000 0.1027685 0.1530775 
WPYJ       0.3604697 0.3877529 0.3931921 0.4041946 0.3624699 0.3596074 0.1950140 0.4107884 0.4234638 0.3985587 0.1027685 0.0000000 0.2664681 
MJM2940    0.1477711 0.2116736 0.2917258 0.2804846 0.1457746 0.2043473 0.2605359 0.2234776 0.2233000 0.2307953 0.1530775 0.2664681 0.0000000 
