13
DrolusSFB  0.0000000 0.2932279 0.3623915 0.2936962 0.2639231 0.3645775 0.2990169 0.3798296 0.4199953 0.3316955 0.3030843 0.3031955 0.1755710 
Dino       0.2932279 0.0000000 0.3531851 0.2168467 0.2455131 0.3258233 0.3153712 0.3606259 0.4120048 0.1628594 0.2533894 0.3222078 0.2510586 
MJM3360    0.3623915 0.3531851 0.0000000 0.3747559 0.3364277 0.2759680 0.3579422 0.3817892 0.4177422 0.3688376 0.2848890 0.4079293 0.3431929 
DrobinSFB  0.2936962 0.2168467 0.3747559 0.0000000 0.2761930 0.3521818 0.2963182 0.3434174 0.3725781 0.2111150 0.2869888 0.3453267 0.2901249 
Neam       0.2639231 0.2455131 0.3364277 0.2761930 0.0000000 0.3006250 0.2857665 0.3306041 0.3879043 0.2859237 0.0139916 0.2851447 0.2073039 
RuprSFB    0.3645775 0.3258233 0.2759680 0.3521818 0.3006250 0.0000000 0.3297352 0.3561652 0.3889933 0.3439268 0.2691357 0.3580039 0.2979991 
Retr       0.2990169 0.3153712 0.3579422 0.2963182 0.2857665 0.3297352 0.0000000 0.3276767 0.3456695 0.3517069 0.2851501 0.1898801 0.2792587 
Beta       0.3798296 0.3606259 0.3817892 0.3434174 0.3306041 0.3561652 0.3276767 0.0000000 0.1481314 0.3959132 0.3307581 0.3476332 0.3668624 
Spol       0.4199953 0.4120048 0.4177422 0.3725781 0.3879043 0.3889933 0.3456695 0.1481314 0.0000000 0.4632525 0.3998493 0.3780079 0.4071661 
MJM1652    0.3316955 0.1628594 0.3688376 0.2111150 0.2859237 0.3439268 0.3517069 0.3959132 0.4632525 0.0000000 0.2975515 0.3553195 0.3042326 
NepSFB     0.3030843 0.2533894 0.2848890 0.2869888 0.0139916 0.2691357 0.2851501 0.3307581 0.3998493 0.2975515 0.0000000 0.2764696 0.2366335 
WPYJ       0.3031955 0.3222078 0.4079293 0.3453267 0.2851447 0.3580039 0.1898801 0.3476332 0.3780079 0.3553195 0.2764696 0.0000000 0.3018157 
MJM2940    0.1755710 0.2510586 0.3431929 0.2901249 0.2073039 0.2979991 0.2792587 0.3668624 0.4071661 0.3042326 0.2366335 0.3018157 0.0000000 
