13
DrolusSFB  0.0000000 0.2559498 0.4127686 0.3187904 0.2252615 0.4300056 0.3594125 0.3342655 0.3364672 0.2925450 0.2241960 0.3744179 0.1743244 
Dino       0.2559498 0.0000000 0.4101169 0.2945397 0.3347376 0.4437858 0.3430737 0.5794701 0.5836415 0.2019103 0.3240369 0.3922190 0.3601559 
MJM3360    0.4127686 0.4101169 0.0000000 0.4219782 0.3723945 0.4576374 0.3977248 0.4415080 0.4426585 0.4426960 0.3710535 0.4588338 0.3620983 
DrobinSFB  0.3187904 0.2945397 0.4219782 0.0000000 0.4044345 0.4999185 0.3948711 0.6536216 0.6301104 0.3453424 0.4007808 0.4124251 0.4213349 
Neam       0.2252615 0.3347376 0.3723945 0.4044345 0.0000000 0.3977788 0.3115705 0.5034914 0.4812448 0.4017448 0.0085332 0.3608240 0.2540753 
RuprSFB    0.4300056 0.4437858 0.4576374 0.4999185 0.3977788 0.0000000 0.4436080 0.4387167 0.4368884 0.4397926 0.3947973 0.4786654 0.3983898 
Retr       0.3594125 0.3430737 0.3977248 0.3948711 0.3115705 0.4436080 0.0000000 0.3148719 0.3281552 0.4021785 0.3080295 0.2126501 0.2840532 
Beta       0.3342655 0.5794701 0.4415080 0.6536216 0.5034914 0.4387167 0.3148719 0.0000000 0.1546201 0.6006615 0.4800686 0.3764100 0.4878818 
Spol       0.3364672 0.5836415 0.4426585 0.6301104 0.4812448 0.4368884 0.3281552 0.1546201 0.0000000 0.5923759 0.4665127 0.3592426 0.4725524 
MJM1652    0.2925450 0.2019103 0.4426960 0.3453424 0.4017448 0.4397926 0.4021785 0.6006615 0.5923759 0.0000000 0.3960896 0.4325081 0.4058776 
NepSFB     0.2241960 0.3240369 0.3710535 0.4007808 0.0085332 0.3947973 0.3080295 0.4800686 0.4665127 0.3960896 0.0000000 0.3566136 0.2393373 
WPYJ       0.3744179 0.3922190 0.4588338 0.4124251 0.3608240 0.4786654 0.2126501 0.3764100 0.3592426 0.4325081 0.3566136 0.0000000 0.3289839 
MJM2940    0.1743244 0.3601559 0.3620983 0.4213349 0.2540753 0.3983898 0.2840532 0.4878818 0.4725524 0.4058776 0.2393373 0.3289839 0.0000000 
