13
DrolusSFB  0.0000000 0.3034599 0.3627479 0.3296747 0.2206446 0.2864835 0.2914891 0.3708844 0.3685022 0.3047624 0.2130419 0.2707066 0.1451006 
Dino       0.3034599 0.0000000 0.3748052 0.2095889 0.2545546 0.3387643 0.3319281 0.3840309 0.4036435 0.1442380 0.2527354 0.2918863 0.2481325 
MJM3360    0.3627479 0.3748052 0.0000000 0.3681817 0.4012964 0.3041302 0.3657442 0.4366941 0.4772255 0.3708116 0.4060542 0.2812806 0.2662697 
DrobinSFB  0.3296747 0.2095889 0.3681817 0.0000000 0.2956925 0.3884891 0.3564672 0.3949461 0.4216917 0.2197881 0.3033693 0.3980576 0.3005571 
Neam       0.2206446 0.2545546 0.4012964 0.2956925 0.0000000 0.3020232 0.2976918 0.3577263 0.3673130 0.2724753 0.0060331 0.2699338 0.1673926 
RuprSFB    0.2864835 0.3387643 0.3041302 0.3884891 0.3020232 0.0000000 0.2758418 0.4551258 0.4584852 0.3477138 0.2950208 0.3268276 0.2647882 
Retr       0.2914891 0.3319281 0.3657442 0.3564672 0.2976918 0.2758418 0.0000000 0.3484550 0.3627080 0.3421960 0.3038459 0.2017575 0.2396531 
Beta       0.3708844 0.3840309 0.4366941 0.3949461 0.3577263 0.4551258 0.3484550 0.0000000 0.1085059 0.3753040 0.3580444 0.4310276 0.3352721 
Spol       0.3685022 0.4036435 0.4772255 0.4216917 0.3673130 0.4584852 0.3627080 0.1085059 0.0000000 0.3912002 0.3649861 0.4577826 0.3459837 
MJM1652    0.3047624 0.1442380 0.3708116 0.2197881 0.2724753 0.3477138 0.3421960 0.3753040 0.3912002 0.0000000 0.2703831 0.3681897 0.2433327 
NepSFB     0.2130419 0.2527354 0.4060542 0.3033693 0.0060331 0.2950208 0.3038459 0.3580444 0.3649861 0.2703831 0.0000000 0.2768120 0.1656329 
WPYJ       0.2707066 0.2918863 0.2812806 0.3980576 0.2699338 0.3268276 0.2017575 0.4310276 0.4577826 0.3681897 0.2768120 0.0000000 0.2500431 
MJM2940    0.1451006 0.2481325 0.2662697 0.3005571 0.1673926 0.2647882 0.2396531 0.3352721 0.3459837 0.2433327 0.1656329 0.2500431 0.0000000 
