13
DrolusSFB  0.0000000 0.2461469 0.2876453 0.2727214 0.1929779 0.2476344 0.3198562 0.2960876 0.3626509 0.2479611 0.1958603 0.3514045 0.1399451 
Dino       0.2461469 0.0000000 0.2656437 0.1752186 0.1946413 0.2761382 0.3619266 0.3259266 0.3673157 0.1539745 0.1961663 0.3699066 0.2029673 
MJM3360    0.2876453 0.2656437 0.0000000 0.3592622 0.2377976 0.2005503 0.3927327 0.3124122 0.3801973 0.3264728 0.2436950 0.3571873 0.2660908 
DrobinSFB  0.2727214 0.1752186 0.3592622 0.0000000 0.2257731 0.2924365 0.4237962 0.3363429 0.3773345 0.1898303 0.2314159 0.3910065 0.2594970 
Neam       0.1929779 0.1946413 0.2377976 0.2257731 0.0000000 0.2257702 0.3048084 0.2586998 0.3102494 0.2245821 0.0080198 0.3274503 0.1395171 
RuprSFB    0.2476344 0.2761382 0.2005503 0.2924365 0.2257702 0.0000000 0.3259615 0.3299949 0.3647051 0.2879062 0.2321424 0.2919730 0.2411613 
Retr       0.3198562 0.3619266 0.3927327 0.4237962 0.3048084 0.3259615 0.0000000 0.3405245 0.4239914 0.3738682 0.3005327 0.1856056 0.2821429 
Beta       0.2960876 0.3259266 0.3124122 0.3363429 0.2586998 0.3299949 0.3405245 0.0000000 0.1361852 0.3714214 0.2565958 0.3501162 0.2588916 
Spol       0.3626509 0.3673157 0.3801973 0.3773345 0.3102494 0.3647051 0.4239914 0.1361852 0.0000000 0.4434885 0.3107582 0.3899456 0.2943234 
MJM1652    0.2479611 0.1539745 0.3264728 0.1898303 0.2245821 0.2879062 0.3738682 0.3714214 0.4434885 0.0000000 0.2309623 0.3898116 0.2195419 
NepSFB     0.1958603 0.1961663 0.2436950 0.2314159 0.0080198 0.2321424 0.3005327 0.2565958 0.3107582 0.2309623 0.0000000 0.3285089 0.1460858 
WPYJ       0.3514045 0.3699066 0.3571873 0.3910065 0.3274503 0.2919730 0.1856056 0.3501162 0.3899456 0.3898116 0.3285089 0.0000000 0.3402732 
MJM2940    0.1399451 0.2029673 0.2660908 0.2594970 0.1395171 0.2411613 0.2821429 0.2588916 0.2943234 0.2195419 0.1460858 0.3402732 0.0000000 
