13
DrolusSFB  0.0000000 0.3866556 0.4482067 0.4668427 0.2991240 0.4298998 0.4444384 0.4146671 0.4590472 0.4494364 0.3021331 0.4211723 0.2165471 
Dino       0.3866556 0.0000000 0.4190364 0.2259870 0.3010482 0.3964205 0.4707808 0.4396674 0.5029757 0.1806872 0.3124494 0.4646130 0.2963509 
MJM3360    0.4482067 0.4190364 0.0000000 0.4821575 0.3614005 0.2945992 0.4491216 0.4078808 0.4756301 0.4553257 0.3677326 0.4551584 0.3623334 
DrobinSFB  0.4668427 0.2259870 0.4821575 0.0000000 0.3702600 0.4885233 0.5214585 0.5300357 0.5898134 0.2943747 0.3738411 0.5486061 0.3672286 
Neam       0.2991240 0.3010482 0.3614005 0.3702600 0.0000000 0.3429506 0.3934055 0.3542147 0.3987487 0.3557655 0.0108471 0.3789882 0.2098722 
RuprSFB    0.4298998 0.3964205 0.2945992 0.4885233 0.3429506 0.0000000 0.4169607 0.3594725 0.4255937 0.4805610 0.3502718 0.4497740 0.3274206 
Retr       0.4444384 0.4707808 0.4491216 0.5214585 0.3934055 0.4169607 0.0000000 0.4334456 0.4873556 0.5286614 0.4023282 0.2699509 0.3655148 
Beta       0.4146671 0.4396674 0.4078808 0.5300357 0.3542147 0.3594725 0.4334456 0.0000000 0.1613678 0.4865781 0.3627073 0.4811757 0.3240321 
Spol       0.4590472 0.5029757 0.4756301 0.5898134 0.3987487 0.4255937 0.4873556 0.1613678 0.0000000 0.5473598 0.4119941 0.5330095 0.3724241 
MJM1652    0.4494364 0.1806872 0.4553257 0.2943747 0.3557655 0.4805610 0.5286614 0.4865781 0.5473598 0.0000000 0.3577914 0.4765672 0.3538293 
NepSFB     0.3021331 0.3124494 0.3677326 0.3738411 0.0108471 0.3502718 0.4023282 0.3627073 0.4119941 0.3577914 0.0000000 0.3815367 0.2160271 
WPYJ       0.4211723 0.4646130 0.4551584 0.5486061 0.3789882 0.4497740 0.2699509 0.4811757 0.5330095 0.4765672 0.3815367 0.0000000 0.4041224 
MJM2940    0.2165471 0.2963509 0.3623334 0.3672286 0.2098722 0.3274206 0.3655148 0.3240321 0.3724241 0.3538293 0.2160271 0.4041224 0.0000000 
