13
DrolusSFB  0.0000000 0.1890436 0.4368483 0.3822213 0.3557316 0.3296573 0.3290125 0.4032212 0.4337111 0.3599090 0.3623899 0.4438172 0.2107478 
Dino       0.1890436 0.0000000 0.3840525 0.1679133 0.2218135 0.2537015 0.3042911 0.3407080 0.3603653 0.1128067 0.2154200 0.2069064 0.2166303 
MJM3360    0.4368483 0.3840525 0.0000000 0.4572228 0.3707342 0.3223366 0.3812505 0.4287238 0.4310897 0.4486194 0.3816066 0.4512303 0.3550340 
DrobinSFB  0.3822213 0.1679133 0.4572228 0.0000000 0.3488774 0.3882182 0.4025655 0.4723077 0.5126576 0.2135566 0.3545138 0.4629057 0.3474011 
Neam       0.3557316 0.2218135 0.3707342 0.3488774 0.0000000 0.3102206 0.3314096 0.4403359 0.4496042 0.3394811 0.0179635 0.4570556 0.2619231 
RuprSFB    0.3296573 0.2537015 0.3223366 0.3882182 0.3102206 0.0000000 0.3003172 0.3802373 0.3955206 0.3477171 0.3138434 0.3900250 0.2759117 
Retr       0.3290125 0.3042911 0.3812505 0.4025655 0.3314096 0.3003172 0.0000000 0.3787433 0.3941922 0.3801657 0.3418777 0.2132611 0.2984349 
Beta       0.4032212 0.3407080 0.4287238 0.4723077 0.4403359 0.3802373 0.3787433 0.0000000 0.1367796 0.4228798 0.4412249 0.4539664 0.3859848 
Spol       0.4337111 0.3603653 0.4310897 0.5126576 0.4496042 0.3955206 0.3941922 0.1367796 0.0000000 0.4686558 0.4590550 0.5076613 0.3968620 
MJM1652    0.3599090 0.1128067 0.4486194 0.2135566 0.3394811 0.3477171 0.3801657 0.4228798 0.4686558 0.0000000 0.3459486 0.3666514 0.3074036 
NepSFB     0.3623899 0.2154200 0.3816066 0.3545138 0.0179635 0.3138434 0.3418777 0.4412249 0.4590550 0.3459486 0.0000000 0.4748250 0.2775667 
WPYJ       0.4438172 0.2069064 0.4512303 0.4629057 0.4570556 0.3900250 0.2132611 0.4539664 0.5076613 0.3666514 0.4748250 0.0000000 0.3557230 
MJM2940    0.2107478 0.2166303 0.3550340 0.3474011 0.2619231 0.2759117 0.2984349 0.3859848 0.3968620 0.3074036 0.2775667 0.3557230 0.0000000 
