13
DrolusSFB  0.0000000 0.2869619 0.3827078 0.3952645 0.2556547 0.4303246 0.3047706 0.3734512 0.3760143 0.3008750 0.2685597 0.3923986 0.1577468 
Dino       0.2869619 0.0000000 0.3635944 0.1906134 0.2631561 0.4343993 0.2930944 0.3454662 0.3595783 0.1340409 0.2734212 0.3862297 0.2414257 
MJM3360    0.3827078 0.3635944 0.0000000 0.4584910 0.3203670 0.3441965 0.3733631 0.3768484 0.3488674 0.3604501 0.3359343 0.4766579 0.3099190 
DrobinSFB  0.3952645 0.1906134 0.4584910 0.0000000 0.3776282 0.4912866 0.3464669 0.4232968 0.4364917 0.2248058 0.3913139 0.4291058 0.3219583 
Neam       0.2556547 0.2631561 0.3203670 0.3776282 0.0000000 0.3737899 0.2608478 0.3288643 0.3521509 0.2496252 0.0127594 0.3659414 0.1825781 
RuprSFB    0.4303246 0.4343993 0.3441965 0.4912866 0.3737899 0.0000000 0.3839200 0.4556599 0.4342810 0.4075825 0.3815084 0.5047583 0.3429867 
Retr       0.3047706 0.2930944 0.3733631 0.3464669 0.2608478 0.3839200 0.0000000 0.2831945 0.3215561 0.2506302 0.2536861 0.1857250 0.2176456 
Beta       0.3734512 0.3454662 0.3768484 0.4232968 0.3288643 0.4556599 0.2831945 0.0000000 0.1412310 0.3649196 0.3439048 0.3551004 0.3292180 
Spol       0.3760143 0.3595783 0.3488674 0.4364917 0.3521509 0.4342810 0.3215561 0.1412310 0.0000000 0.3833697 0.3656764 0.3754925 0.3477163 
MJM1652    0.3008750 0.1340409 0.3604501 0.2248058 0.2496252 0.4075825 0.2506302 0.3649196 0.3833697 0.0000000 0.2569150 0.3687624 0.2559770 
NepSFB     0.2685597 0.2734212 0.3359343 0.3913139 0.0127594 0.3815084 0.2536861 0.3439048 0.3656764 0.2569150 0.0000000 0.3712345 0.1864017 
WPYJ       0.3923986 0.3862297 0.4766579 0.4291058 0.3659414 0.5047583 0.1857250 0.3551004 0.3754925 0.3687624 0.3712345 0.0000000 0.3458817 
MJM2940    0.1577468 0.2414257 0.3099190 0.3219583 0.1825781 0.3429867 0.2176456 0.3292180 0.3477163 0.2559770 0.1864017 0.3458817 0.0000000 
