13
DrolusSFB  0.0000000 0.2965050 0.3220611 0.3004618 0.2606350 0.2954413 0.2948343 0.3978889 0.3818422 0.2703350 0.2541780 0.3064984 0.1624598 
Dino       0.2965050 0.0000000 0.3140278 0.1962160 0.2484237 0.3094011 0.3341005 0.4638887 0.4387927 0.1607392 0.2443671 0.3126195 0.2445150 
MJM3360    0.3220611 0.3140278 0.0000000 0.3237311 0.3059091 0.2738305 0.3792998 0.4114445 0.4151431 0.2965896 0.3016533 0.3338960 0.3046168 
DrobinSFB  0.3004618 0.1962160 0.3237311 0.0000000 0.2667882 0.3265460 0.3024548 0.4057739 0.4114465 0.1958741 0.2548477 0.2913747 0.2717950 
Neam       0.2606350 0.2484237 0.3059091 0.2667882 0.0000000 0.2668462 0.3108701 0.4161763 0.3866958 0.2624407 0.0207240 0.2991525 0.1978072 
RuprSFB    0.2954413 0.3094011 0.2738305 0.3265460 0.2668462 0.0000000 0.3064388 0.3817750 0.3776059 0.2577468 0.2616999 0.2546427 0.2433203 
Retr       0.2948343 0.3341005 0.3792998 0.3024548 0.3108701 0.3064388 0.0000000 0.3458775 0.3742329 0.2984432 0.3185079 0.2310225 0.2832287 
Beta       0.3978889 0.4638887 0.4114445 0.4057739 0.4161763 0.3817750 0.3458775 0.0000000 0.1672678 0.4296402 0.4149667 0.3169591 0.3304517 
Spol       0.3818422 0.4387927 0.4151431 0.4114465 0.3866958 0.3776059 0.3742329 0.1672678 0.0000000 0.4256790 0.3791848 0.3515755 0.3221891 
MJM1652    0.2703350 0.1607392 0.2965896 0.1958741 0.2624407 0.2577468 0.2984432 0.4296402 0.4256790 0.0000000 0.2640928 0.2841604 0.2333381 
NepSFB     0.2541780 0.2443671 0.3016533 0.2548477 0.0207240 0.2616999 0.3185079 0.4149667 0.3791848 0.2640928 0.0000000 0.3023864 0.1903148 
WPYJ       0.3064984 0.3126195 0.3338960 0.2913747 0.2991525 0.2546427 0.2310225 0.3169591 0.3515755 0.2841604 0.3023864 0.0000000 0.2711173 
MJM2940    0.1624598 0.2445150 0.3046168 0.2717950 0.1978072 0.2433203 0.2832287 0.3304517 0.3221891 0.2333381 0.1903148 0.2711173 0.0000000 
