13
DrolusSFB  0.0000000 0.3149105 0.3604784 0.3799671 0.2788002 0.3161846 0.3067570 0.3559523 0.3338598 0.3381227 0.2803945 0.3817226 0.1899697 
Dino       0.3149105 0.0000000 0.4018246 0.2042033 0.2772865 0.3375850 0.3540226 0.3767660 0.3520447 0.1522926 0.2907397 0.4125148 0.2543251 
MJM3360    0.3604784 0.4018246 0.0000000 0.4650297 0.3860092 0.2891974 0.3968785 0.4324305 0.4080633 0.4145730 0.3845296 0.4708879 0.3163718 
DrobinSFB  0.3799671 0.2042033 0.4650297 0.0000000 0.4016291 0.4110968 0.4215249 0.3969287 0.3913209 0.2449045 0.4011370 0.4595006 0.3310152 
Neam       0.2788002 0.2772865 0.3860092 0.4016291 0.0000000 0.3138076 0.3252367 0.4020665 0.3499604 0.3202037 0.0096964 0.3960752 0.2228748 
RuprSFB    0.3161846 0.3375850 0.2891974 0.4110968 0.3138076 0.0000000 0.3283872 0.3990668 0.3376762 0.3623342 0.3181459 0.3947560 0.2796598 
Retr       0.3067570 0.3540226 0.3968785 0.4215249 0.3252367 0.3283872 0.0000000 0.4054056 0.3596980 0.3746568 0.3153543 0.2409751 0.2768644 
Beta       0.3559523 0.3767660 0.4324305 0.3969287 0.4020665 0.3990668 0.4054056 0.0000000 0.1199940 0.4010776 0.3998767 0.4507698 0.3281187 
Spol       0.3338598 0.3520447 0.4080633 0.3913209 0.3499604 0.3376762 0.3596980 0.1199940 0.0000000 0.3594306 0.3523966 0.3948733 0.3013698 
MJM1652    0.3381227 0.1522926 0.4145730 0.2449045 0.3202037 0.3623342 0.3746568 0.4010776 0.3594306 0.0000000 0.3200856 0.4337201 0.2883099 
NepSFB     0.2803945 0.2907397 0.3845296 0.4011370 0.0096964 0.3181459 0.3153543 0.3998767 0.3523966 0.3200856 0.0000000 0.3910348 0.2279102 
WPYJ       0.3817226 0.4125148 0.4708879 0.4595006 0.3960752 0.3947560 0.2409751 0.4507698 0.3948733 0.4337201 0.3910348 0.0000000 0.3509469 
MJM2940    0.1899697 0.2543251 0.3163718 0.3310152 0.2228748 0.2796598 0.2768644 0.3281187 0.3013698 0.2883099 0.2279102 0.3509469 0.0000000 
