13
DrolusSFB  0.0000000 0.2552376 0.3919687 0.3202599 0.2252298 0.3571394 0.3335958 0.3710460 0.4058750 0.2689416 0.2393950 0.3602136 0.1498582 
Dino       0.2552376 0.0000000 0.4127384 0.2026400 0.2078783 0.3705965 0.3294118 0.3970941 0.4230856 0.1293580 0.2040955 0.3790851 0.2102035 
MJM3360    0.3919687 0.4127384 0.0000000 0.4499591 0.3745753 0.3200666 0.3910544 0.4269592 0.5309081 0.3832953 0.3819204 0.4175345 0.3936812 
DrobinSFB  0.3202599 0.2026400 0.4499591 0.0000000 0.2705288 0.4033399 0.3499379 0.3963735 0.4226314 0.2135527 0.2684501 0.4361466 0.2746311 
Neam       0.2252298 0.2078783 0.3745753 0.2705288 0.0000000 0.3251636 0.3125590 0.3479941 0.3909948 0.2336696 0.0236086 0.3171043 0.1872678 
RuprSFB    0.3571394 0.3705965 0.3200666 0.4033399 0.3251636 0.0000000 0.4125724 0.4345852 0.5009879 0.3446383 0.3322960 0.4019681 0.3283278 
Retr       0.3335958 0.3294118 0.3910544 0.3499379 0.3125590 0.4125724 0.0000000 0.3562095 0.4755596 0.3625366 0.3031012 0.1757477 0.3069036 
Beta       0.3710460 0.3970941 0.4269592 0.3963735 0.3479941 0.4345852 0.3562095 0.0000000 0.1256351 0.4235120 0.3835363 0.3774090 0.3054189 
Spol       0.4058750 0.4230856 0.5309081 0.4226314 0.3909948 0.5009879 0.4755596 0.1256351 0.0000000 0.4436158 0.4183182 0.4867424 0.3383557 
MJM1652    0.2689416 0.1293580 0.3832953 0.2135527 0.2336696 0.3446383 0.3625366 0.4235120 0.4436158 0.0000000 0.2347885 0.3858060 0.2171722 
NepSFB     0.2393950 0.2040955 0.3819204 0.2684501 0.0236086 0.3322960 0.3031012 0.3835363 0.4183182 0.2347885 0.0000000 0.3204466 0.1968410 
WPYJ       0.3602136 0.3790851 0.4175345 0.4361466 0.3171043 0.4019681 0.1757477 0.3774090 0.4867424 0.3858060 0.3204466 0.0000000 0.3360455 
MJM2940    0.1498582 0.2102035 0.3936812 0.2746311 0.1872678 0.3283278 0.3069036 0.3054189 0.3383557 0.2171722 0.1968410 0.3360455 0.0000000 
