13
DrolusSFB  0.0000000 0.2636638 0.3907515 0.3006722 0.2207964 0.2996482 0.4448354 0.3750538 0.3988407 0.3293851 0.2327458 0.3658253 0.1979815 
Dino       0.2636638 0.0000000 0.3688085 0.1655038 0.2100876 0.2928694 0.4262228 0.3646191 0.3793217 0.1465491 0.2127649 0.3969564 0.2134190 
MJM3360    0.3907515 0.3688085 0.0000000 0.4134574 0.3369089 0.3092478 0.4847669 0.4695554 0.5005563 0.4441412 0.3481173 0.4493340 0.3561080 
DrobinSFB  0.3006722 0.1655038 0.4134574 0.0000000 0.2445782 0.3199691 0.4921600 0.4454834 0.4356567 0.2316461 0.2579813 0.4440086 0.2644409 
Neam       0.2207964 0.2100876 0.3369089 0.2445782 0.0000000 0.2456375 0.3651633 0.3340104 0.3709451 0.2586276 0.0507706 0.3789702 0.1739978 
RuprSFB    0.2996482 0.2928694 0.3092478 0.3199691 0.2456375 0.0000000 0.3952472 0.3965208 0.3828966 0.3440990 0.2616723 0.3856436 0.2588480 
Retr       0.4448354 0.4262228 0.4847669 0.4921600 0.3651633 0.3952472 0.0000000 0.5105332 0.5587467 0.4754095 0.4025822 0.2724268 0.4053438 
Beta       0.3750538 0.3646191 0.4695554 0.4454834 0.3340104 0.3965208 0.5105332 0.0000000 0.1339804 0.4023770 0.3363392 0.4629556 0.3568439 
Spol       0.3988407 0.3793217 0.5005563 0.4356567 0.3709451 0.3828966 0.5587467 0.1339804 0.0000000 0.4121465 0.3736736 0.5089860 0.3766918 
MJM1652    0.3293851 0.1465491 0.4441412 0.2316461 0.2586276 0.3440990 0.4754095 0.4023770 0.4121465 0.0000000 0.2704567 0.4354589 0.2520408 
NepSFB     0.2327458 0.2127649 0.3481173 0.2579813 0.0507706 0.2616723 0.4025822 0.3363392 0.3736736 0.2704567 0.0000000 0.3884431 0.1892942 
WPYJ       0.3658253 0.3969564 0.4493340 0.4440086 0.3789702 0.3856436 0.2724268 0.4629556 0.5089860 0.4354589 0.3884431 0.0000000 0.3657076 
MJM2940    0.1979815 0.2134190 0.3561080 0.2644409 0.1739978 0.2588480 0.4053438 0.3568439 0.3766918 0.2520408 0.1892942 0.3657076 0.0000000 
