13
DrolusSFB  0.0000000 0.3480750 0.4405479 0.3609304 0.3226526 0.4369640 0.5458549 0.4122524 0.4589821 0.3487029 0.3189074 0.2899814 0.2411663 
Dino       0.3480750 0.0000000 0.5084035 0.1998924 0.3285663 0.4653900 0.4757593 0.4891855 0.4988933 0.1690458 0.3318603 0.3376183 0.3096904 
MJM3360    0.4405479 0.5084035 0.0000000 0.5014064 0.4701878 0.4174877 0.5766862 0.5061855 0.4979734 0.5011479 0.4713114 0.3970547 0.4314916 
DrobinSFB  0.3609304 0.1998924 0.5014064 0.0000000 0.3515000 0.5175368 0.4694613 0.5031333 0.5325102 0.2188310 0.3472080 0.2945112 0.3245688 
Neam       0.3226526 0.3285663 0.4701878 0.3515000 0.0000000 0.4011498 0.4401581 0.4086793 0.4351273 0.3272822 0.0093696 0.2594548 0.2117006 
RuprSFB    0.4369640 0.4653900 0.4174877 0.5175368 0.4011498 0.0000000 0.5554596 0.5041629 0.5172966 0.4867518 0.4073334 0.3559490 0.3721799 
Retr       0.5458549 0.4757593 0.5766862 0.4694613 0.4401581 0.5554596 0.0000000 0.4677891 0.4951831 0.5102765 0.4417865 0.1817317 0.4181838 
Beta       0.4122524 0.4891855 0.5061855 0.5031333 0.4086793 0.5041629 0.4677891 0.0000000 0.1506883 0.4940010 0.4002710 0.3524305 0.3567392 
Spol       0.4589821 0.4988933 0.4979734 0.5325102 0.4351273 0.5172966 0.4951831 0.1506883 0.0000000 0.5202922 0.4338890 0.3261660 0.3884671 
MJM1652    0.3487029 0.1690458 0.5011479 0.2188310 0.3272822 0.4867518 0.5102765 0.4940010 0.5202922 0.0000000 0.3299649 0.2811709 0.3219273 
NepSFB     0.3189074 0.3318603 0.4713114 0.3472080 0.0093696 0.4073334 0.4417865 0.4002710 0.4338890 0.3299649 0.0000000 0.2594821 0.2101864 
WPYJ       0.2899814 0.3376183 0.3970547 0.2945112 0.2594548 0.3559490 0.1817317 0.3524305 0.3261660 0.2811709 0.2594821 0.0000000 0.2572410 
MJM2940    0.2411663 0.3096904 0.4314916 0.3245688 0.2117006 0.3721799 0.4181838 0.3567392 0.3884671 0.3219273 0.2101864 0.2572410 0.0000000 
