13
DrolusSFB  0.0000000 0.3067339 0.2791005 0.3411220 0.2358901 0.2772553 0.2967979 0.3287877 0.3384433 0.3499432 0.2398615 0.3552440 0.1606994 
Dino       0.3067339 0.0000000 0.2925451 0.1621364 0.2311332 0.3026023 0.3278473 0.3709487 0.4117061 0.1426005 0.2370342 0.4013186 0.2121520 
MJM3360    0.2791005 0.2925451 0.0000000 0.3089072 0.2688047 0.2506895 0.2920968 0.2834320 0.2960483 0.3498358 0.2711142 0.3352072 0.2385328 
DrobinSFB  0.3411220 0.1621364 0.3089072 0.0000000 0.2747892 0.3234656 0.3584542 0.3926170 0.4080205 0.2313044 0.2809170 0.3886452 0.2527076 
Neam       0.2358901 0.2311332 0.2688047 0.2747892 0.0000000 0.2866130 0.3249977 0.3353816 0.3397896 0.2963449 0.0075237 0.3795068 0.1649650 
RuprSFB    0.2772553 0.3026023 0.2506895 0.3234656 0.2866130 0.0000000 0.2892468 0.3016846 0.3378703 0.3379659 0.2943781 0.3356932 0.2551763 
Retr       0.2967979 0.3278473 0.2920968 0.3584542 0.3249977 0.2892468 0.0000000 0.3174938 0.3435270 0.3706191 0.3389986 0.1888167 0.2463792 
Beta       0.3287877 0.3709487 0.2834320 0.3926170 0.3353816 0.3016846 0.3174938 0.0000000 0.1351999 0.3962673 0.3406316 0.3547186 0.2709773 
Spol       0.3384433 0.4117061 0.2960483 0.4080205 0.3397896 0.3378703 0.3435270 0.1351999 0.0000000 0.4574445 0.3432442 0.4189592 0.3006201 
MJM1652    0.3499432 0.1426005 0.3498358 0.2313044 0.2963449 0.3379659 0.3706191 0.3962673 0.4574445 0.0000000 0.3076713 0.4360830 0.2549059 
NepSFB     0.2398615 0.2370342 0.2711142 0.2809170 0.0075237 0.2943781 0.3389986 0.3406316 0.3432442 0.3076713 0.0000000 0.3826705 0.1728606 
WPYJ       0.3552440 0.4013186 0.3352072 0.3886452 0.3795068 0.3356932 0.1888167 0.3547186 0.4189592 0.4360830 0.3826705 0.0000000 0.2744576 
MJM2940    0.1606994 0.2121520 0.2385328 0.2527076 0.1649650 0.2551763 0.2463792 0.2709773 0.3006201 0.2549059 0.1728606 0.2744576 0.0000000 
