13
DrolusSFB  0.0000000 0.2857226 0.4494434 0.3020581 0.2767670 0.3545423 0.3477945 0.3847773 0.3375102 0.3164706 0.2776601 0.3921334 0.1982720 
Dino       0.2857226 0.0000000 0.3923447 0.1995496 0.3070732 0.3667535 0.3469115 0.3568122 0.3435706 0.1577462 0.3110142 0.3488622 0.2227661 
MJM3360    0.4494434 0.3923447 0.0000000 0.3689683 0.3775190 0.3158671 0.4570376 0.4061343 0.3936824 0.3778923 0.3941255 0.4164302 0.3629706 
DrobinSFB  0.3020581 0.1995496 0.3689683 0.0000000 0.2683407 0.3400296 0.3765680 0.3667027 0.3781245 0.2091508 0.2791603 0.3578661 0.2599380 
Neam       0.2767670 0.3070732 0.3775190 0.2683407 0.0000000 0.3349292 0.3528207 0.3568408 0.3399893 0.3133508 0.0098976 0.3327114 0.2188954 
RuprSFB    0.3545423 0.3667535 0.3158671 0.3400296 0.3349292 0.0000000 0.3443372 0.3694713 0.3569282 0.3432778 0.3440624 0.3249728 0.2681354 
Retr       0.3477945 0.3469115 0.4570376 0.3765680 0.3528207 0.3443372 0.0000000 0.3926680 0.3751756 0.3595852 0.3595532 0.2070340 0.3155727 
Beta       0.3847773 0.3568122 0.4061343 0.3667027 0.3568408 0.3694713 0.3926680 0.0000000 0.1168318 0.3577403 0.3717354 0.3411524 0.3374923 
Spol       0.3375102 0.3435706 0.3936824 0.3781245 0.3399893 0.3569282 0.3751756 0.1168318 0.0000000 0.3485489 0.3465239 0.3767423 0.2961535 
MJM1652    0.3164706 0.1577462 0.3778923 0.2091508 0.3133508 0.3432778 0.3595852 0.3577403 0.3485489 0.0000000 0.3202581 0.3345628 0.2530168 
NepSFB     0.2776601 0.3110142 0.3941255 0.2791603 0.0098976 0.3440624 0.3595532 0.3717354 0.3465239 0.3202581 0.0000000 0.3354411 0.2254696 
WPYJ       0.3921334 0.3488622 0.4164302 0.3578661 0.3327114 0.3249728 0.2070340 0.3411524 0.3767423 0.3345628 0.3354411 0.0000000 0.3096604 
MJM2940    0.1982720 0.2227661 0.3629706 0.2599380 0.2188954 0.2681354 0.3155727 0.3374923 0.2961535 0.2530168 0.2254696 0.3096604 0.0000000 
