13
DrolusSFB  0.0000000 0.2382271 0.3050980 0.2540366 0.2227621 0.2826201 0.3593589 0.3327268 0.3479164 0.2620487 0.2301707 0.3578355 0.1374424 
Dino       0.2382271 0.0000000 0.2987935 0.1675392 0.2200053 0.2873250 0.3161902 0.3107566 0.3388812 0.1130729 0.2196915 0.3440899 0.1898734 
MJM3360    0.3050980 0.2987935 0.0000000 0.3208907 0.3211572 0.2358438 0.4336347 0.3390360 0.3398608 0.3247934 0.3155305 0.3597157 0.2859805 
DrobinSFB  0.2540366 0.1675392 0.3208907 0.0000000 0.2411095 0.3007511 0.3659479 0.3347611 0.3635967 0.1893922 0.2463351 0.3639409 0.2179218 
Neam       0.2227621 0.2200053 0.3211572 0.2411095 0.0000000 0.2771562 0.3269346 0.2978968 0.3157678 0.2364852 0.0164998 0.3641429 0.1877606 
RuprSFB    0.2826201 0.2873250 0.2358438 0.3007511 0.2771562 0.0000000 0.3685093 0.3044597 0.2917292 0.3469773 0.2881388 0.3283508 0.2557370 
Retr       0.3593589 0.3161902 0.4336347 0.3659479 0.3269346 0.3685093 0.0000000 0.3805039 0.3754179 0.3783189 0.3429372 0.1713206 0.3294384 
Beta       0.3327268 0.3107566 0.3390360 0.3347611 0.2978968 0.3044597 0.3805039 0.0000000 0.1362309 0.3231622 0.2965791 0.3808757 0.2908406 
Spol       0.3479164 0.3388812 0.3398608 0.3635967 0.3157678 0.2917292 0.3754179 0.1362309 0.0000000 0.3398189 0.3112993 0.3831211 0.2930002 
MJM1652    0.2620487 0.1130729 0.3247934 0.1893922 0.2364852 0.3469773 0.3783189 0.3231622 0.3398189 0.0000000 0.2400419 0.3854944 0.2129877 
NepSFB     0.2301707 0.2196915 0.3155305 0.2463351 0.0164998 0.2881388 0.3429372 0.2965791 0.3112993 0.2400419 0.0000000 0.3687409 0.1952108 
WPYJ       0.3578355 0.3440899 0.3597157 0.3639409 0.3641429 0.3283508 0.1713206 0.3808757 0.3831211 0.3854944 0.3687409 0.0000000 0.3286057 
MJM2940    0.1374424 0.1898734 0.2859805 0.2179218 0.1877606 0.2557370 0.3294384 0.2908406 0.2930002 0.2129877 0.1952108 0.3286057 0.0000000 
