13
DrolusSFB  0.0000000 0.3355529 0.4849547 0.4423537 0.2936766 0.3938839 0.4840955 0.3530080 0.3912950 0.4089172 0.2947149 0.3708398 0.2197802 
Dino       0.3355529 0.0000000 0.4848036 0.2202898 0.2457446 0.3899373 0.3732611 0.3462006 0.3631272 0.1960383 0.2350081 0.3572624 0.2696324 
MJM3360    0.4849547 0.4848036 0.0000000 0.5260186 0.4347365 0.3305704 0.5204924 0.4279950 0.4001341 0.4940600 0.4432537 0.4704955 0.4624414 
DrobinSFB  0.4423537 0.2202898 0.5260186 0.0000000 0.3348929 0.4442957 0.4996287 0.4424191 0.4433125 0.2970129 0.3314749 0.4279408 0.3408592 
Neam       0.2936766 0.2457446 0.4347365 0.3348929 0.0000000 0.3023738 0.4297720 0.3310256 0.3072747 0.3226584 0.0164532 0.3133219 0.2015186 
RuprSFB    0.3938839 0.3899373 0.3305704 0.4442957 0.3023738 0.0000000 0.4111972 0.3792408 0.3706398 0.4067931 0.3050246 0.4026590 0.3511165 
Retr       0.4840955 0.3732611 0.5204924 0.4996287 0.4297720 0.4111972 0.0000000 0.4262543 0.4455829 0.4539031 0.4345207 0.1558632 0.4591944 
Beta       0.3530080 0.3462006 0.4279950 0.4424191 0.3310256 0.3792408 0.4262543 0.0000000 0.1513910 0.4084429 0.3334613 0.3862097 0.3147193 
Spol       0.3912950 0.3631272 0.4001341 0.4433125 0.3072747 0.3706398 0.4455829 0.1513910 0.0000000 0.4118385 0.3120818 0.3907599 0.3263207 
MJM1652    0.4089172 0.1960383 0.4940600 0.2970129 0.3226584 0.4067931 0.4539031 0.4084429 0.4118385 0.0000000 0.3158706 0.4285609 0.3177572 
NepSFB     0.2947149 0.2350081 0.4432537 0.3314749 0.0164532 0.3050246 0.4345207 0.3334613 0.3120818 0.3158706 0.0000000 0.3123757 0.2067517 
WPYJ       0.3708398 0.3572624 0.4704955 0.4279408 0.3133219 0.4026590 0.1558632 0.3862097 0.3907599 0.4285609 0.3123757 0.0000000 0.3250569 
MJM2940    0.2197802 0.2696324 0.4624414 0.3408592 0.2015186 0.3511165 0.4591944 0.3147193 0.3263207 0.3177572 0.2067517 0.3250569 0.0000000 
