13
DrolusSFB  0.0000000 0.2722474 0.4047087 0.2955210 0.2401293 0.4303052 0.3259790 0.3814513 0.3425027 0.2943443 0.2454454 0.3306868 0.1598236 
Dino       0.2722474 0.0000000 0.3792523 0.1528352 0.1826039 0.3553155 0.3327156 0.3379278 0.2843810 0.1159797 0.1829287 0.3434046 0.2196272 
MJM3360    0.4047087 0.3792523 0.0000000 0.4023117 0.3380329 0.2455885 0.3317039 0.3815746 0.3468961 0.4121989 0.3432661 0.3647219 0.3712645 
DrobinSFB  0.2955210 0.1528352 0.4023117 0.0000000 0.2101647 0.3950486 0.3220348 0.3467591 0.3352596 0.1790663 0.2092423 0.3782030 0.2531062 
Neam       0.2401293 0.1826039 0.3380329 0.2101647 0.0000000 0.3470788 0.2782515 0.3179542 0.2805171 0.2279646 0.0025451 0.3038081 0.1778095 
RuprSFB    0.4303052 0.3553155 0.2455885 0.3950486 0.3470788 0.0000000 0.3114714 0.3522490 0.3430746 0.3982440 0.3486297 0.3231773 0.3756759 
Retr       0.3259790 0.3327156 0.3317039 0.3220348 0.2782515 0.3114714 0.0000000 0.2313759 0.2540120 0.3361932 0.2770585 0.1669246 0.2774699 
Beta       0.3814513 0.3379278 0.3815746 0.3467591 0.3179542 0.3522490 0.2313759 0.0000000 0.1305096 0.3664960 0.3130176 0.2771081 0.3197773 
Spol       0.3425027 0.2843810 0.3468961 0.3352596 0.2805171 0.3430746 0.2540120 0.1305096 0.0000000 0.3245557 0.2832346 0.2890833 0.2945362 
MJM1652    0.2943443 0.1159797 0.4121989 0.1790663 0.2279646 0.3982440 0.3361932 0.3664960 0.3245557 0.0000000 0.2252755 0.3786728 0.2605624 
NepSFB     0.2454454 0.1829287 0.3432661 0.2092423 0.0025451 0.3486297 0.2770585 0.3130176 0.2832346 0.2252755 0.0000000 0.3006833 0.1823778 
WPYJ       0.3306868 0.3434046 0.3647219 0.3782030 0.3038081 0.3231773 0.1669246 0.2771081 0.2890833 0.3786728 0.3006833 0.0000000 0.3137006 
MJM2940    0.1598236 0.2196272 0.3712645 0.2531062 0.1778095 0.3756759 0.2774699 0.3197773 0.2945362 0.2605624 0.1823778 0.3137006 0.0000000 
