13
DrolusSFB  0.0000000 0.3255908 0.3704943 0.3824478 0.2661178 0.3648379 0.3624553 0.3833337 0.4689928 0.3112788 0.2648673 0.4184836 0.2097543 
Dino       0.3255908 0.0000000 0.3853772 0.2162333 0.2685676 0.3940252 0.3742831 0.4070398 0.4368508 0.1463498 0.2736835 0.4455258 0.2556824 
MJM3360    0.3704943 0.3853772 0.0000000 0.4114116 0.2901107 0.2696331 0.3258420 0.3554211 0.3929524 0.3657068 0.2999806 0.4006629 0.2976874 
DrobinSFB  0.3824478 0.2162333 0.4114116 0.0000000 0.2975235 0.4310884 0.4181665 0.3978316 0.4217471 0.2188832 0.2995102 0.4576414 0.3177346 
Neam       0.2661178 0.2685676 0.2901107 0.2975235 0.0000000 0.3014485 0.2879649 0.3071354 0.3668625 0.2427278 0.0047394 0.3675784 0.1964545 
RuprSFB    0.3648379 0.3940252 0.2696331 0.4310884 0.3014485 0.0000000 0.3345462 0.3470653 0.4126299 0.3609220 0.3044001 0.4140981 0.2974265 
Retr       0.3624553 0.3742831 0.3258420 0.4181665 0.2879649 0.3345462 0.0000000 0.3374303 0.3593621 0.3560330 0.2934756 0.2183058 0.3147949 
Beta       0.3833337 0.4070398 0.3554211 0.3978316 0.3071354 0.3470653 0.3374303 0.0000000 0.1518133 0.3953928 0.3145830 0.4163351 0.3256997 
Spol       0.4689928 0.4368508 0.3929524 0.4217471 0.3668625 0.4126299 0.3593621 0.1518133 0.0000000 0.4169141 0.3703791 0.4231599 0.3604653 
MJM1652    0.3112788 0.1463498 0.3657068 0.2188832 0.2427278 0.3609220 0.3560330 0.3953928 0.4169141 0.0000000 0.2474946 0.4018418 0.2548225 
NepSFB     0.2648673 0.2736835 0.2999806 0.2995102 0.0047394 0.3044001 0.2934756 0.3145830 0.3703791 0.2474946 0.0000000 0.3754739 0.1980449 
WPYJ       0.4184836 0.4455258 0.4006629 0.4576414 0.3675784 0.4140981 0.2183058 0.4163351 0.4231599 0.4018418 0.3754739 0.0000000 0.3788364 
MJM2940    0.2097543 0.2556824 0.2976874 0.3177346 0.1964545 0.2974265 0.3147949 0.3256997 0.3604653 0.2548225 0.1980449 0.3788364 0.0000000 
