13
DrolusSFB  0.0000000 0.3170343 0.3866529 0.3362155 0.2241797 0.3403115 0.2343921 0.4629273 0.4106471 0.3397583 0.2309270 0.2815673 0.1271142 
Dino       0.3170343 0.0000000 0.4426300 0.2427096 0.2224448 0.3851451 0.3575597 0.5419190 0.4481741 0.1813050 0.2241585 0.3404724 0.2213080 
MJM3360    0.3866529 0.4426300 0.0000000 0.3629199 0.3410543 0.2980915 0.3192830 0.4271939 0.4477219 0.3925962 0.3264489 0.3322551 0.3015359 
DrobinSFB  0.3362155 0.2427096 0.3629199 0.0000000 0.2196112 0.3753740 0.3225926 0.4596211 0.4587897 0.2006144 0.2176885 0.3268059 0.2306010 
Neam       0.2241797 0.2224448 0.3410543 0.2196112 0.0000000 0.3461221 0.2788020 0.3944215 0.3702405 0.2255906 0.0078593 0.3175742 0.1879497 
RuprSFB    0.3403115 0.3851451 0.2980915 0.3753740 0.3461221 0.0000000 0.3623641 0.3754409 0.3780924 0.4301286 0.3394760 0.3778849 0.2634045 
Retr       0.2343921 0.3575597 0.3192830 0.3225926 0.2788020 0.3623641 0.0000000 0.3968644 0.3762004 0.3587835 0.2864655 0.1590667 0.2474760 
Beta       0.4629273 0.5419190 0.4271939 0.4596211 0.3944215 0.3754409 0.3968644 0.0000000 0.1651056 0.5434520 0.3980220 0.3993634 0.3539506 
Spol       0.4106471 0.4481741 0.4477219 0.4587897 0.3702405 0.3780924 0.3762004 0.1651056 0.0000000 0.5130142 0.3489047 0.4011744 0.3300370 
MJM1652    0.3397583 0.1813050 0.3925962 0.2006144 0.2255906 0.4301286 0.3587835 0.5434520 0.5130142 0.0000000 0.2236072 0.3595907 0.2416636 
NepSFB     0.2309270 0.2241585 0.3264489 0.2176885 0.0078593 0.3394760 0.2864655 0.3980220 0.3489047 0.2236072 0.0000000 0.3303895 0.1943786 
WPYJ       0.2815673 0.3404724 0.3322551 0.3268059 0.3175742 0.3778849 0.1590667 0.3993634 0.4011744 0.3595907 0.3303895 0.0000000 0.2972736 
MJM2940    0.1271142 0.2213080 0.3015359 0.2306010 0.1879497 0.2634045 0.2474760 0.3539506 0.3300370 0.2416636 0.1943786 0.2972736 0.0000000 
