13
DrolusSFB  0.0000000 0.2945917 0.3347524 0.3082766 0.2278318 0.3025607 0.3281338 0.3437618 0.3647819 0.3139529 0.2251172 0.3477953 0.1758130 
Dino       0.2945917 0.0000000 0.3717646 0.1586167 0.2591550 0.3345205 0.3820753 0.3534805 0.3931303 0.1593025 0.2587711 0.3884670 0.2622133 
MJM3360    0.3347524 0.3717646 0.0000000 0.3944554 0.3186162 0.3037145 0.3798721 0.3691095 0.3995644 0.3818166 0.3133610 0.3828875 0.3203465 
DrobinSFB  0.3082766 0.1586167 0.3944554 0.0000000 0.2894013 0.3832317 0.3835892 0.3611317 0.3861504 0.1965854 0.2913313 0.4100430 0.2788244 
Neam       0.2278318 0.2591550 0.3186162 0.2894013 0.0000000 0.2856045 0.3083451 0.3275254 0.3713862 0.2908107 0.0074157 0.3164664 0.1908999 
RuprSFB    0.3025607 0.3345205 0.3037145 0.3832317 0.2856045 0.0000000 0.3512277 0.3419242 0.3863805 0.3555511 0.2797752 0.3602045 0.2740439 
Retr       0.3281338 0.3820753 0.3798721 0.3835892 0.3083451 0.3512277 0.0000000 0.3801434 0.4048205 0.4032050 0.3072661 0.2046325 0.2960517 
Beta       0.3437618 0.3534805 0.3691095 0.3611317 0.3275254 0.3419242 0.3801434 0.0000000 0.1577710 0.4275924 0.3257697 0.3780665 0.3336855 
Spol       0.3647819 0.3931303 0.3995644 0.3861504 0.3713862 0.3863805 0.4048205 0.1577710 0.0000000 0.4293180 0.3714235 0.4110538 0.3657202 
MJM1652    0.3139529 0.1593025 0.3818166 0.1965854 0.2908107 0.3555511 0.4032050 0.4275924 0.4293180 0.0000000 0.2935681 0.4002762 0.2890441 
NepSFB     0.2251172 0.2587711 0.3133610 0.2913313 0.0074157 0.2797752 0.3072661 0.3257697 0.3714235 0.2935681 0.0000000 0.3174751 0.1916341 
WPYJ       0.3477953 0.3884670 0.3828875 0.4100430 0.3164664 0.3602045 0.2046325 0.3780665 0.4110538 0.4002762 0.3174751 0.0000000 0.3116336 
MJM2940    0.1758130 0.2622133 0.3203465 0.2788244 0.1908999 0.2740439 0.2960517 0.3336855 0.3657202 0.2890441 0.1916341 0.3116336 0.0000000 
