13
DrolusSFB  0.0000000 0.2791153 0.3043355 0.2425468 0.2546754 0.2653287 0.3535531 0.3655092 0.2934954 0.3333200 0.2475468 0.3339549 0.1657155 
Dino       0.2791153 0.0000000 0.3120795 0.1523419 0.2665534 0.2738735 0.4159911 0.3083134 0.2870470 0.1466071 0.2604160 0.3745876 0.2444724 
MJM3360    0.3043355 0.3120795 0.0000000 0.3117847 0.3290936 0.2864185 0.3295271 0.3307573 0.3275320 0.3436985 0.3220107 0.3005225 0.3081761 
DrobinSFB  0.2425468 0.1523419 0.3117847 0.0000000 0.2265765 0.2841410 0.3279194 0.2866769 0.2810294 0.1672966 0.2208186 0.2785315 0.1982584 
Neam       0.2546754 0.2665534 0.3290936 0.2265765 0.0000000 0.2747452 0.4055337 0.3179490 0.2606700 0.3204275 0.0093672 0.3867925 0.1950873 
RuprSFB    0.2653287 0.2738735 0.2864185 0.2841410 0.2747452 0.0000000 0.3351177 0.3062392 0.3128522 0.2886155 0.2649534 0.3002224 0.2286896 
Retr       0.3535531 0.4159911 0.3295271 0.3279194 0.4055337 0.3351177 0.0000000 0.3762487 0.3568224 0.4702173 0.3938784 0.2179917 0.3244109 
Beta       0.3655092 0.3083134 0.3307573 0.2866769 0.3179490 0.3062392 0.3762487 0.0000000 0.1080052 0.3515920 0.3145567 0.3027090 0.2911668 
Spol       0.2934954 0.2870470 0.3275320 0.2810294 0.2606700 0.3128522 0.3568224 0.1080052 0.0000000 0.3224182 0.2644038 0.2893021 0.2532231 
MJM1652    0.3333200 0.1466071 0.3436985 0.1672966 0.3204275 0.2886155 0.4702173 0.3515920 0.3224182 0.0000000 0.3152999 0.3968726 0.2663313 
NepSFB     0.2475468 0.2604160 0.3220107 0.2208186 0.0093672 0.2649534 0.3938784 0.3145567 0.2644038 0.3152999 0.0000000 0.3839759 0.1903625 
WPYJ       0.3339549 0.3745876 0.3005225 0.2785315 0.3867925 0.3002224 0.2179917 0.3027090 0.2893021 0.3968726 0.3839759 0.0000000 0.2710291 
MJM2940    0.1657155 0.2444724 0.3081761 0.1982584 0.1950873 0.2286896 0.3244109 0.2911668 0.2532231 0.2663313 0.1903625 0.2710291 0.0000000 
