13
DrolusSFB  0.0000000 0.3645998 0.3829281 0.4009453 0.2658198 0.3542182 0.3721194 0.4136585 0.4101885 0.4217867 0.2721945 0.4235478 0.2020474 
Dino       0.3645998 0.0000000 0.4423344 0.2365235 0.3246677 0.4172031 0.4050477 0.5330609 0.5305992 0.2027150 0.3254796 0.4602955 0.3605701 
MJM3360    0.3829281 0.4423344 0.0000000 0.4538042 0.3340476 0.3145581 0.3842618 0.4308315 0.4271585 0.4650113 0.3359686 0.3982391 0.3739481 
DrobinSFB  0.4009453 0.2365235 0.4538042 0.0000000 0.3263060 0.4026257 0.4125870 0.4993152 0.5120151 0.2739822 0.3336014 0.4406512 0.3675712 
Neam       0.2658198 0.3246677 0.3340476 0.3263060 0.0000000 0.3030043 0.2988403 0.4168664 0.4133874 0.3407228 0.0114469 0.3617734 0.2277160 
RuprSFB    0.3542182 0.4172031 0.3145581 0.4026257 0.3030043 0.0000000 0.3485666 0.3919978 0.4036778 0.4429272 0.3106475 0.3990078 0.3302743 
Retr       0.3721194 0.4050477 0.3842618 0.4125870 0.2988403 0.3485666 0.0000000 0.4599520 0.4213551 0.4295980 0.3027105 0.2247834 0.3727239 
Beta       0.4136585 0.5330609 0.4308315 0.4993152 0.4168664 0.3919978 0.4599520 0.0000000 0.1682965 0.5380556 0.4185539 0.4554918 0.4497913 
Spol       0.4101885 0.5305992 0.4271585 0.5120151 0.4133874 0.4036778 0.4213551 0.1682965 0.0000000 0.5384401 0.4132135 0.4488219 0.4637958 
MJM1652    0.4217867 0.2027150 0.4650113 0.2739822 0.3407228 0.4429272 0.4295980 0.5380556 0.5384401 0.0000000 0.3466071 0.4932040 0.4217719 
NepSFB     0.2721945 0.3254796 0.3359686 0.3336014 0.0114469 0.3106475 0.3027105 0.4185539 0.4132135 0.3466071 0.0000000 0.3699724 0.2274590 
WPYJ       0.4235478 0.4602955 0.3982391 0.4406512 0.3617734 0.3990078 0.2247834 0.4554918 0.4488219 0.4932040 0.3699724 0.0000000 0.4010135 
MJM2940    0.2020474 0.3605701 0.3739481 0.3675712 0.2277160 0.3302743 0.3727239 0.4497913 0.4637958 0.4217719 0.2274590 0.4010135 0.0000000 
