13
DrolusSFB  0.0000000 0.4129662 0.4142354 0.4409005 0.2953849 0.3999031 0.3814373 0.3499922 0.3635578 0.3990772 0.3078816 0.3591026 0.2185520 
Dino       0.4129662 0.0000000 0.4369698 0.3306290 0.3119461 0.3829661 0.4017602 0.4109404 0.3892937 0.2020822 0.3224637 0.2740330 0.2992431 
MJM3360    0.4142354 0.4369698 0.0000000 0.5065048 0.3946569 0.3053954 0.4279577 0.3817416 0.4060795 0.4372225 0.3988169 0.3778109 0.3522208 
DrobinSFB  0.4409005 0.3306290 0.5065048 0.0000000 0.4213815 0.4941377 0.4502426 0.4826789 0.4911785 0.3514867 0.4333153 0.4263792 0.3855071 
Neam       0.2953849 0.3119461 0.3946569 0.4213815 0.0000000 0.3376479 0.3500585 0.3434169 0.3408234 0.3502024 0.0195956 0.3600996 0.2327619 
RuprSFB    0.3999031 0.3829661 0.3053954 0.4941377 0.3376479 0.0000000 0.3465907 0.3964576 0.3866870 0.4174107 0.3461840 0.3424021 0.3175942 
Retr       0.3814373 0.4017602 0.4279577 0.4502426 0.3500585 0.3465907 0.0000000 0.3437441 0.3607192 0.4468089 0.3552755 0.1923239 0.3544052 
Beta       0.3499922 0.4109404 0.3817416 0.4826789 0.3434169 0.3964576 0.3437441 0.0000000 0.1360253 0.4285590 0.3511021 0.3619091 0.3200583 
Spol       0.3635578 0.3892937 0.4060795 0.4911785 0.3408234 0.3866870 0.3607192 0.1360253 0.0000000 0.4377002 0.3496548 0.3991392 0.3226356 
MJM1652    0.3990772 0.2020822 0.4372225 0.3514867 0.3502024 0.4174107 0.4468089 0.4285590 0.4377002 0.0000000 0.3563306 0.4083649 0.3428280 
NepSFB     0.3078816 0.3224637 0.3988169 0.4333153 0.0195956 0.3461840 0.3552755 0.3511021 0.3496548 0.3563306 0.0000000 0.3583249 0.2368653 
WPYJ       0.3591026 0.2740330 0.3778109 0.4263792 0.3600996 0.3424021 0.1923239 0.3619091 0.3991392 0.4083649 0.3583249 0.0000000 0.3277225 
MJM2940    0.2185520 0.2992431 0.3522208 0.3855071 0.2327619 0.3175942 0.3544052 0.3200583 0.3226356 0.3428280 0.2368653 0.3277225 0.0000000 
