13
DrolusSFB  0.0000000 0.3487293 0.4222262 0.3475943 0.2727493 0.3686116 0.3819094 0.4443383 0.4543826 0.4270383 0.3074391 0.3873722 0.2045044 
Dino       0.3487293 0.0000000 0.4118963 0.1929064 0.3254179 0.3731474 0.4114063 0.4912336 0.4782826 0.1778125 0.3550976 0.4232368 0.2936986 
MJM3360    0.4222262 0.4118963 0.0000000 0.4175272 0.3798050 0.2977938 0.4760572 0.4380615 0.4259592 0.4534575 0.3829374 0.4037425 0.3626274 
DrobinSFB  0.3475943 0.1929064 0.4175272 0.0000000 0.3459284 0.3883129 0.4830194 0.4761979 0.4538651 0.2124325 0.3531650 0.5177091 0.3315525 
Neam       0.2727493 0.3254179 0.3798050 0.3459284 0.0000000 0.3610694 0.3584232 0.4156900 0.4099452 0.3964242 0.0127962 0.3881850 0.2068815 
RuprSFB    0.3686116 0.3731474 0.2977938 0.3883129 0.3610694 0.0000000 0.4145421 0.3983422 0.4119784 0.4373704 0.3691540 0.4117105 0.3258277 
Retr       0.3819094 0.4114063 0.4760572 0.4830194 0.3584232 0.4145421 0.0000000 0.4586055 0.4746028 0.4901322 0.3668741 0.2058464 0.3245612 
Beta       0.4443383 0.4912336 0.4380615 0.4761979 0.4156900 0.3983422 0.4586055 0.0000000 0.1782512 0.5511701 0.4521796 0.4952759 0.4144723 
Spol       0.4543826 0.4782826 0.4259592 0.4538651 0.4099452 0.4119784 0.4746028 0.1782512 0.0000000 0.5396564 0.4660434 0.5058482 0.4098004 
MJM1652    0.4270383 0.1778125 0.4534575 0.2124325 0.3964242 0.4373704 0.4901322 0.5511701 0.5396564 0.0000000 0.4217916 0.5087010 0.3736882 
NepSFB     0.3074391 0.3550976 0.3829374 0.3531650 0.0127962 0.3691540 0.3668741 0.4521796 0.4660434 0.4217916 0.0000000 0.3925231 0.2405711 
WPYJ       0.3873722 0.4232368 0.4037425 0.5177091 0.3881850 0.4117105 0.2058464 0.4952759 0.5058482 0.5087010 0.3925231 0.0000000 0.3311699 
MJM2940    0.2045044 0.2936986 0.3626274 0.3315525 0.2068815 0.3258277 0.3245612 0.4144723 0.4098004 0.3736882 0.2405711 0.3311699 0.0000000 
