13
DrolusSFB  0.0000000 0.2268448 0.3300906 0.2738663 0.1931589 0.2862395 0.2790679 0.3121982 0.3056544 0.2456394 0.1990296 0.3247927 0.1602721 
Dino       0.2268448 0.0000000 0.3220762 0.1682819 0.1925127 0.2539306 0.2445864 0.3120730 0.2976234 0.1054767 0.1954486 0.2760091 0.1780620 
MJM3360    0.3300906 0.3220762 0.0000000 0.3304186 0.2718394 0.2456822 0.2359721 0.3228867 0.3207075 0.3407453 0.2739063 0.3414563 0.2620420 
DrobinSFB  0.2738663 0.1682819 0.3304186 0.0000000 0.2278885 0.2701646 0.2949631 0.3499315 0.3247558 0.2275723 0.2381678 0.3302675 0.2264458 
Neam       0.1931589 0.1925127 0.2718394 0.2278885 0.0000000 0.2338926 0.1930207 0.2641428 0.2624988 0.2194267 0.0072488 0.3072906 0.1263369 
RuprSFB    0.2862395 0.2539306 0.2456822 0.2701646 0.2338926 0.0000000 0.2189167 0.3122704 0.2969182 0.3067827 0.2425919 0.3041781 0.2358419 
Retr       0.2790679 0.2445864 0.2359721 0.2949631 0.1930207 0.2189167 0.0000000 0.2658620 0.2746617 0.2930263 0.1955737 0.1958794 0.2084642 
Beta       0.3121982 0.3120730 0.3228867 0.3499315 0.2641428 0.3122704 0.2658620 0.0000000 0.1244472 0.3669642 0.2712455 0.3839331 0.2570919 
Spol       0.3056544 0.2976234 0.3207075 0.3247558 0.2624988 0.2969182 0.2746617 0.1244472 0.0000000 0.3306534 0.2678194 0.3168873 0.2525595 
MJM1652    0.2456394 0.1054767 0.3407453 0.2275723 0.2194267 0.3067827 0.2930263 0.3669642 0.3306534 0.0000000 0.2228432 0.3172684 0.1948495 
NepSFB     0.1990296 0.1954486 0.2739063 0.2381678 0.0072488 0.2425919 0.1955737 0.2712455 0.2678194 0.2228432 0.0000000 0.3152084 0.1327117 
WPYJ       0.3247927 0.2760091 0.3414563 0.3302675 0.3072906 0.3041781 0.1958794 0.3839331 0.3168873 0.3172684 0.3152084 0.0000000 0.2618564 
MJM2940    0.1602721 0.1780620 0.2620420 0.2264458 0.1263369 0.2358419 0.2084642 0.2570919 0.2525595 0.1948495 0.1327117 0.2618564 0.0000000 
