13
DrolusSFB  0.0000000 0.3845466 0.3820285 0.4058207 0.2994364 0.2893472 0.3839315 0.4463422 0.4495863 0.3704279 0.2916906 0.4899049 0.2432186 
Dino       0.3845466 0.0000000 0.3800842 0.2078144 0.3476221 0.3018330 0.4531256 0.4535936 0.4755779 0.1843421 0.3467978 0.5283496 0.3378534 
MJM3360    0.3820285 0.3800842 0.0000000 0.3801359 0.3240136 0.3161742 0.3334676 0.3561950 0.3852615 0.3352080 0.3278883 0.3752543 0.3681660 
DrobinSFB  0.4058207 0.2078144 0.3801359 0.0000000 0.3671249 0.3315763 0.4952771 0.4878866 0.4953793 0.2330807 0.3758854 0.5166625 0.3785841 
Neam       0.2994364 0.3476221 0.3240136 0.3671249 0.0000000 0.2525749 0.3616366 0.3864256 0.4003465 0.3272553 0.0115304 0.4898871 0.2441535 
RuprSFB    0.2893472 0.3018330 0.3161742 0.3315763 0.2525749 0.0000000 0.3033131 0.3068126 0.3250574 0.2791003 0.2531988 0.3427396 0.2637659 
Retr       0.3839315 0.4531256 0.3334676 0.4952771 0.3616366 0.3033131 0.0000000 0.4761013 0.4755986 0.4399870 0.3664377 0.2375920 0.3915006 
Beta       0.4463422 0.4535936 0.3561950 0.4878866 0.3864256 0.3068126 0.4761013 0.0000000 0.1853306 0.4536007 0.3846077 0.5311670 0.3709462 
Spol       0.4495863 0.4755779 0.3852615 0.4953793 0.4003465 0.3250574 0.4755986 0.1853306 0.0000000 0.4878396 0.3979295 0.5208620 0.4214239 
MJM1652    0.3704279 0.1843421 0.3352080 0.2330807 0.3272553 0.2791003 0.4399870 0.4536007 0.4878396 0.0000000 0.3325895 0.4881702 0.3094064 
NepSFB     0.2916906 0.3467978 0.3278883 0.3758854 0.0115304 0.2531988 0.3664377 0.3846077 0.3979295 0.3325895 0.0000000 0.4866705 0.2416523 
WPYJ       0.4899049 0.5283496 0.3752543 0.5166625 0.4898871 0.3427396 0.2375920 0.5311670 0.5208620 0.4881702 0.4866705 0.0000000 0.4776387 
MJM2940    0.2432186 0.3378534 0.3681660 0.3785841 0.2441535 0.2637659 0.3915006 0.3709462 0.4214239 0.3094064 0.2416523 0.4776387 0.0000000 
