13
DrolusSFB  0.0000000 0.3709064 0.4992991 0.4252703 0.3044924 0.3899216 0.3490730 0.4380763 0.4357057 0.3901059 0.3023003 0.4051439 0.1978189 
Dino       0.3709064 0.0000000 0.4410703 0.2460408 0.2781958 0.3636041 0.3263092 0.4386610 0.4102360 0.1430798 0.2713460 0.3144130 0.2819640 
MJM3360    0.4992991 0.4410703 0.0000000 0.5179346 0.4262613 0.3570471 0.4035466 0.5463339 0.5401734 0.4863870 0.4216640 0.4322105 0.4425515 
DrobinSFB  0.4252703 0.2460408 0.5179346 0.0000000 0.3611372 0.4699562 0.3806045 0.5160758 0.5084619 0.2624254 0.3567687 0.4382634 0.3530535 
Neam       0.3044924 0.2781958 0.4262613 0.3611372 0.0000000 0.3510592 0.3594422 0.4182616 0.3877415 0.3095174 0.0101152 0.3922368 0.2339259 
RuprSFB    0.3899216 0.3636041 0.3570471 0.4699562 0.3510592 0.0000000 0.3839122 0.4895840 0.4664451 0.4089476 0.3492036 0.4099819 0.3352284 
Retr       0.3490730 0.3263092 0.4035466 0.3806045 0.3594422 0.3839122 0.0000000 0.4069479 0.3850695 0.3526952 0.3592063 0.2059236 0.3022546 
Beta       0.4380763 0.4386610 0.5463339 0.5160758 0.4182616 0.4895840 0.4069479 0.0000000 0.1463659 0.4579683 0.4153826 0.3675764 0.4034239 
Spol       0.4357057 0.4102360 0.5401734 0.5084619 0.3877415 0.4664451 0.3850695 0.1463659 0.0000000 0.4465290 0.3886560 0.3714871 0.3705591 
MJM1652    0.3901059 0.1430798 0.4863870 0.2624254 0.3095174 0.4089476 0.3526952 0.4579683 0.4465290 0.0000000 0.3091762 0.3380499 0.3316033 
NepSFB     0.3023003 0.2713460 0.4216640 0.3567687 0.0101152 0.3492036 0.3592063 0.4153826 0.3886560 0.3091762 0.0000000 0.3949652 0.2337590 
WPYJ       0.4051439 0.3144130 0.4322105 0.4382634 0.3922368 0.4099819 0.2059236 0.3675764 0.3714871 0.3380499 0.3949652 0.0000000 0.3316857 
MJM2940    0.1978189 0.2819640 0.4425515 0.3530535 0.2339259 0.3352284 0.3022546 0.4034239 0.3705591 0.3316033 0.2337590 0.3316857 0.0000000 
