13
DrolusSFB  0.0000000 0.3561593 0.3565698 0.3456213 0.2977798 0.3545571 0.4497870 0.4001058 0.4171217 0.4075773 0.3018985 0.4514649 0.2462831 
Dino       0.3561593 0.0000000 0.4141882 0.2177620 0.3069080 0.3986457 0.4537120 0.4628380 0.4945939 0.2059809 0.3168622 0.4660921 0.3288257 
MJM3360    0.3565698 0.4141882 0.0000000 0.3635092 0.3099321 0.2771673 0.3584332 0.3855880 0.4036457 0.3891150 0.3138143 0.3190618 0.3343165 
DrobinSFB  0.3456213 0.2177620 0.3635092 0.0000000 0.2915922 0.3823206 0.3751520 0.4151928 0.4300837 0.2131834 0.2946271 0.3746482 0.2961727 
Neam       0.2977798 0.3069080 0.3099321 0.2915922 0.0000000 0.3143926 0.3328567 0.3615107 0.3884987 0.3289067 0.0201511 0.3619091 0.2515000 
RuprSFB    0.3545571 0.3986457 0.2771673 0.3823206 0.3143926 0.0000000 0.3605244 0.3873327 0.4259413 0.3857547 0.3125245 0.3697253 0.3160691 
Retr       0.4497870 0.4537120 0.3584332 0.3751520 0.3328567 0.3605244 0.0000000 0.3849048 0.4149010 0.4461027 0.3395335 0.2236804 0.3699339 
Beta       0.4001058 0.4628380 0.3855880 0.4151928 0.3615107 0.3873327 0.3849048 0.0000000 0.1633006 0.4427005 0.3683012 0.4321331 0.3800177 
Spol       0.4171217 0.4945939 0.4036457 0.4300837 0.3884987 0.4259413 0.4149010 0.1633006 0.0000000 0.5129064 0.3963406 0.4532655 0.4311387 
MJM1652    0.4075773 0.2059809 0.3891150 0.2131834 0.3289067 0.3857547 0.4461027 0.4427005 0.5129064 0.0000000 0.3349145 0.4707498 0.3529193 
NepSFB     0.3018985 0.3168622 0.3138143 0.2946271 0.0201511 0.3125245 0.3395335 0.3683012 0.3963406 0.3349145 0.0000000 0.3776680 0.2591078 
WPYJ       0.4514649 0.4660921 0.3190618 0.3746482 0.3619091 0.3697253 0.2236804 0.4321331 0.4532655 0.4707498 0.3776680 0.0000000 0.3870597 
MJM2940    0.2462831 0.3288257 0.3343165 0.2961727 0.2515000 0.3160691 0.3699339 0.3800177 0.4311387 0.3529193 0.2591078 0.3870597 0.0000000 
