13
DrolusSFB  0.0000000 0.3064681 0.3839558 0.3491237 0.2337255 0.3299019 0.5666566 0.4315665 0.4119751 0.3382379 0.2337579 0.4259647 0.1767101 
Dino       0.3064681 0.0000000 0.4106375 0.1748775 0.2413879 0.3486858 0.5246395 0.4143799 0.4504315 0.1532020 0.2387045 0.4200438 0.2695040 
MJM3360    0.3839558 0.4106375 0.0000000 0.4413188 0.3352898 0.2660252 0.5553329 0.4161160 0.4540550 0.4082784 0.3334314 0.4373571 0.3461816 
DrobinSFB  0.3491237 0.1748775 0.4413188 0.0000000 0.2849125 0.3874943 0.5941732 0.4683438 0.4800077 0.2230899 0.2799462 0.4439144 0.3130404 
Neam       0.2337255 0.2413879 0.3352898 0.2849125 0.0000000 0.2879023 0.5067178 0.3657395 0.3747854 0.2611144 0.0091688 0.3819381 0.1749277 
RuprSFB    0.3299019 0.3486858 0.2660252 0.3874943 0.2879023 0.0000000 0.4484294 0.3457885 0.3775428 0.3648614 0.2845049 0.3803639 0.2715913 
Retr       0.5666566 0.5246395 0.5553329 0.5941732 0.5067178 0.4484294 0.0000000 0.5785985 0.6188857 0.5187954 0.4973021 0.2916805 0.4728074 
Beta       0.4315665 0.4143799 0.4161160 0.4683438 0.3657395 0.3457885 0.5785985 0.0000000 0.1399611 0.4286110 0.3654313 0.4461514 0.3607121 
Spol       0.4119751 0.4504315 0.4540550 0.4800077 0.3747854 0.3775428 0.6188857 0.1399611 0.0000000 0.4434661 0.3732986 0.4504184 0.3743752 
MJM1652    0.3382379 0.1532020 0.4082784 0.2230899 0.2611144 0.3648614 0.5187954 0.4286110 0.4434661 0.0000000 0.2602215 0.4210038 0.2834751 
NepSFB     0.2337579 0.2387045 0.3334314 0.2799462 0.0091688 0.2845049 0.4973021 0.3654313 0.3732986 0.2602215 0.0000000 0.3784064 0.1778767 
WPYJ       0.4259647 0.4200438 0.4373571 0.4439144 0.3819381 0.3803639 0.2916805 0.4461514 0.4504184 0.4210038 0.3784064 0.0000000 0.3842129 
MJM2940    0.1767101 0.2695040 0.3461816 0.3130404 0.1749277 0.2715913 0.4728074 0.3607121 0.3743752 0.2834751 0.1778767 0.3842129 0.0000000 
