13
DrolusSFB  0.0000000 0.2860168 0.3777020 0.2927225 0.2333299 0.3695810 0.3169955 0.3118925 0.2941042 0.2897520 0.2304754 0.3542969 0.1469877 
Dino       0.2860168 0.0000000 0.3360067 0.1920599 0.3269554 0.2920480 0.3564226 0.4188188 0.4151506 0.1952013 0.3268807 0.3476245 0.2600630 
MJM3360    0.3777020 0.3360067 0.0000000 0.3704742 0.3246646 0.3151225 0.3757983 0.3703216 0.3880158 0.3655672 0.3241153 0.4176928 0.3039602 
DrobinSFB  0.2927225 0.1920599 0.3704742 0.0000000 0.3970676 0.3283640 0.3994937 0.4559041 0.4633948 0.2393076 0.3923417 0.3666212 0.2774729 
Neam       0.2333299 0.3269554 0.3246646 0.3970676 0.0000000 0.3224982 0.3088142 0.4626937 0.4460505 0.3447727 0.0178550 0.3290880 0.1947650 
RuprSFB    0.3695810 0.2920480 0.3151225 0.3283640 0.3224982 0.0000000 0.3561545 0.3560825 0.3670448 0.3305400 0.3181322 0.3584610 0.3497337 
Retr       0.3169955 0.3564226 0.3757983 0.3994937 0.3088142 0.3561545 0.0000000 0.3323286 0.3190799 0.3685699 0.2992110 0.1910260 0.3118738 
Beta       0.3118925 0.4188188 0.3703216 0.4559041 0.4626937 0.3560825 0.3323286 0.0000000 0.1490789 0.4309891 0.4681361 0.3294552 0.3276342 
Spol       0.2941042 0.4151506 0.3880158 0.4633948 0.4460505 0.3670448 0.3190799 0.1490789 0.0000000 0.4365666 0.4568581 0.3334606 0.3187481 
MJM1652    0.2897520 0.1952013 0.3655672 0.2393076 0.3447727 0.3305400 0.3685699 0.4309891 0.4365666 0.0000000 0.3424978 0.3497108 0.2870087 
NepSFB     0.2304754 0.3268807 0.3241153 0.3923417 0.0178550 0.3181322 0.2992110 0.4681361 0.4568581 0.3424978 0.0000000 0.3224480 0.1917922 
WPYJ       0.3542969 0.3476245 0.4176928 0.3666212 0.3290880 0.3584610 0.1910260 0.3294552 0.3334606 0.3497108 0.3224480 0.0000000 0.3253359 
MJM2940    0.1469877 0.2600630 0.3039602 0.2774729 0.1947650 0.3497337 0.3118738 0.3276342 0.3187481 0.2870087 0.1917922 0.3253359 0.0000000 
