13
DrolusSFB  0.0000000 0.3654292 0.3702007 0.3485574 0.2944756 0.3371575 0.3713231 0.3513080 0.3877117 0.3740267 0.2841688 0.3772335 0.1988875 
Dino       0.3654292 0.0000000 0.3659663 0.2120181 0.2779914 0.3671586 0.3567064 0.3943708 0.4249671 0.1674441 0.2595573 0.3602424 0.2766317 
MJM3360    0.3702007 0.3659663 0.0000000 0.3881962 0.3606758 0.2954055 0.3845596 0.3944724 0.3376182 0.3583673 0.3334225 0.3864103 0.3280714 
DrobinSFB  0.3485574 0.2120181 0.3881962 0.0000000 0.2781777 0.3790662 0.3837524 0.3880393 0.4033017 0.2269910 0.2794163 0.4039659 0.2898887 
Neam       0.2944756 0.2779914 0.3606758 0.2781777 0.0000000 0.3158373 0.2953287 0.3553242 0.3727914 0.3049166 0.0124556 0.3228994 0.2000081 
RuprSFB    0.3371575 0.3671586 0.2954055 0.3790662 0.3158373 0.0000000 0.3677869 0.3649060 0.3665439 0.3810267 0.3002679 0.3632220 0.2994762 
Retr       0.3713231 0.3567064 0.3845596 0.3837524 0.2953287 0.3677869 0.0000000 0.3875135 0.3697843 0.3781722 0.2988326 0.1856327 0.3182551 
Beta       0.3513080 0.3943708 0.3944724 0.3880393 0.3553242 0.3649060 0.3875135 0.0000000 0.1581641 0.4027781 0.3431562 0.4063570 0.2968976 
Spol       0.3877117 0.4249671 0.3376182 0.4033017 0.3727914 0.3665439 0.3697843 0.1581641 0.0000000 0.4266088 0.3662774 0.3998483 0.3151972 
MJM1652    0.3740267 0.1674441 0.3583673 0.2269910 0.3049166 0.3810267 0.3781722 0.4027781 0.4266088 0.0000000 0.2936242 0.3894066 0.2939551 
NepSFB     0.2841688 0.2595573 0.3334225 0.2794163 0.0124556 0.3002679 0.2988326 0.3431562 0.3662774 0.2936242 0.0000000 0.2962820 0.2016168 
WPYJ       0.3772335 0.3602424 0.3864103 0.4039659 0.3228994 0.3632220 0.1856327 0.4063570 0.3998483 0.3894066 0.2962820 0.0000000 0.3569288 
MJM2940    0.1988875 0.2766317 0.3280714 0.2898887 0.2000081 0.2994762 0.3182551 0.2968976 0.3151972 0.2939551 0.2016168 0.3569288 0.0000000 
