13
DrolusSFB  0.0000000 0.3366406 0.4178671 0.3166267 0.2590001 0.2963049 0.3511210 0.4087607 0.4187185 0.3436786 0.2841870 0.3417033 0.2148195 
Dino       0.3366406 0.0000000 0.4628060 0.2110983 0.3080210 0.3447034 0.3719161 0.5006221 0.4633950 0.1697404 0.3226542 0.3270105 0.3331676 
MJM3360    0.4178671 0.4628060 0.0000000 0.4030334 0.4238412 0.3160120 0.4364934 0.4761276 0.4228498 0.4844319 0.5041313 0.4243248 0.4665525 
DrobinSFB  0.3166267 0.2110983 0.4030334 0.0000000 0.3136203 0.3057154 0.4224667 0.4936873 0.4383480 0.2371097 0.3481887 0.3319895 0.3321373 
Neam       0.2590001 0.3080210 0.4238412 0.3136203 0.0000000 0.2952149 0.2784687 0.3984280 0.3726386 0.3223077 0.0095589 0.3096018 0.2351287 
RuprSFB    0.2963049 0.3447034 0.3160120 0.3057154 0.2952149 0.0000000 0.3191984 0.3630548 0.3478968 0.3650268 0.2917925 0.3129061 0.3077499 
Retr       0.3511210 0.3719161 0.4364934 0.4224667 0.2784687 0.3191984 0.0000000 0.4193091 0.4084940 0.3819935 0.3262027 0.1982469 0.2787952 
Beta       0.4087607 0.5006221 0.4761276 0.4936873 0.3984280 0.3630548 0.4193091 0.0000000 0.1499691 0.4665271 0.4476930 0.3650108 0.3584255 
Spol       0.4187185 0.4633950 0.4228498 0.4383480 0.3726386 0.3478968 0.4084940 0.1499691 0.0000000 0.4794869 0.4013416 0.3664150 0.3493986 
MJM1652    0.3436786 0.1697404 0.4844319 0.2371097 0.3223077 0.3650268 0.3819935 0.4665271 0.4794869 0.0000000 0.3928957 0.3556997 0.3368121 
NepSFB     0.2841870 0.3226542 0.5041313 0.3481887 0.0095589 0.2917925 0.3262027 0.4476930 0.4013416 0.3928957 0.0000000 0.3292642 0.2610534 
WPYJ       0.3417033 0.3270105 0.4243248 0.3319895 0.3096018 0.3129061 0.1982469 0.3650108 0.3664150 0.3556997 0.3292642 0.0000000 0.2939424 
MJM2940    0.2148195 0.3331676 0.4665525 0.3321373 0.2351287 0.3077499 0.2787952 0.3584255 0.3493986 0.3368121 0.2610534 0.2939424 0.0000000 
