13
DrolusSFB  0.0000000 0.2808379 0.3681305 0.3123760 0.2701051 0.3401844 0.3432962 0.3510594 0.3796039 0.2756141 0.2622579 0.3387346 0.1781565 
Dino       0.2808379 0.0000000 0.3892159 0.2551030 0.2709101 0.3347030 0.3557321 0.3778492 0.3969532 0.1274910 0.2678832 0.3549377 0.2335851 
MJM3360    0.3681305 0.3892159 0.0000000 0.4026639 0.3925926 0.3136687 0.3983207 0.4118475 0.4157669 0.3798079 0.3835847 0.4228196 0.3441026 
DrobinSFB  0.3123760 0.2551030 0.4026639 0.0000000 0.3246221 0.3703295 0.3982361 0.3829617 0.4020657 0.2546826 0.3214993 0.3898455 0.2881191 
Neam       0.2701051 0.2709101 0.3925926 0.3246221 0.0000000 0.3328798 0.3394908 0.3635135 0.3869917 0.2744811 0.0098011 0.3345346 0.1915049 
RuprSFB    0.3401844 0.3347030 0.3136687 0.3703295 0.3328798 0.0000000 0.3758548 0.3328274 0.3497091 0.3319500 0.3223327 0.3482810 0.2969795 
Retr       0.3432962 0.3557321 0.3983207 0.3982361 0.3394908 0.3758548 0.0000000 0.3459232 0.3545430 0.3546470 0.3245897 0.2212552 0.3017515 
Beta       0.3510594 0.3778492 0.4118475 0.3829617 0.3635135 0.3328274 0.3459232 0.0000000 0.1217198 0.3887178 0.3607546 0.3622884 0.3137257 
Spol       0.3796039 0.3969532 0.4157669 0.4020657 0.3869917 0.3497091 0.3545430 0.1217198 0.0000000 0.4011985 0.3741410 0.3704320 0.3490868 
MJM1652    0.2756141 0.1274910 0.3798079 0.2546826 0.2744811 0.3319500 0.3546470 0.3887178 0.4011985 0.0000000 0.2723201 0.3534049 0.2307679 
NepSFB     0.2622579 0.2678832 0.3835847 0.3214993 0.0098011 0.3223327 0.3245897 0.3607546 0.3741410 0.2723201 0.0000000 0.3306914 0.1899870 
WPYJ       0.3387346 0.3549377 0.4228196 0.3898455 0.3345346 0.3482810 0.2212552 0.3622884 0.3704320 0.3534049 0.3306914 0.0000000 0.2973006 
MJM2940    0.1781565 0.2335851 0.3441026 0.2881191 0.1915049 0.2969795 0.3017515 0.3137257 0.3490868 0.2307679 0.1899870 0.2973006 0.0000000 
