13
DrolusSFB  0.0000000 0.3644580 0.3403896 0.3671306 0.3059789 0.3354728 0.3322812 0.4304592 0.4308928 0.3830256 0.3061294 0.3386727 0.2099292 
Dino       0.3644580 0.0000000 0.4046102 0.2377110 0.3073602 0.3816740 0.3297492 0.4343252 0.4310496 0.1366383 0.3093689 0.3557211 0.2609409 
MJM3360    0.3403896 0.4046102 0.0000000 0.4182019 0.3521169 0.3041135 0.4073940 0.3977019 0.4072647 0.3984732 0.3590922 0.3949330 0.3659919 
DrobinSFB  0.3671306 0.2377110 0.4182019 0.0000000 0.3702216 0.4209937 0.3458103 0.4143377 0.4586510 0.2836963 0.3534710 0.3486379 0.3115289 
Neam       0.3059789 0.3073602 0.3521169 0.3702216 0.0000000 0.3653011 0.3447693 0.4096382 0.4240443 0.3563896 0.0138739 0.3418558 0.2407330 
RuprSFB    0.3354728 0.3816740 0.3041135 0.4209937 0.3653011 0.0000000 0.3258232 0.3765028 0.4280282 0.4110953 0.3519967 0.3433008 0.3155610 
Retr       0.3322812 0.3297492 0.4073940 0.3458103 0.3447693 0.3258232 0.0000000 0.3643485 0.3791347 0.3646341 0.3380906 0.1868551 0.2944542 
Beta       0.4304592 0.4343252 0.3977019 0.4143377 0.4096382 0.3765028 0.3643485 0.0000000 0.1444117 0.5064157 0.3957809 0.3484583 0.3917151 
Spol       0.4308928 0.4310496 0.4072647 0.4586510 0.4240443 0.4280282 0.3791347 0.1444117 0.0000000 0.5007003 0.4243999 0.3486528 0.4093678 
MJM1652    0.3830256 0.1366383 0.3984732 0.2836963 0.3563896 0.4110953 0.3646341 0.5064157 0.5007003 0.0000000 0.3531897 0.3671971 0.2951942 
NepSFB     0.3061294 0.3093689 0.3590922 0.3534710 0.0138739 0.3519967 0.3380906 0.3957809 0.4243999 0.3531897 0.0000000 0.3315259 0.2397971 
WPYJ       0.3386727 0.3557211 0.3949330 0.3486379 0.3418558 0.3433008 0.1868551 0.3484583 0.3486528 0.3671971 0.3315259 0.0000000 0.2825066 
MJM2940    0.2099292 0.2609409 0.3659919 0.3115289 0.2407330 0.3155610 0.2944542 0.3917151 0.4093678 0.2951942 0.2397971 0.2825066 0.0000000 
