13
DrolusSFB  0.0000000 0.2779103 0.3245750 0.2874158 0.2289413 0.2746956 0.3029253 0.3375547 0.3379519 0.3407249 0.2283987 0.4035329 0.1740436 
Dino       0.2779103 0.0000000 0.3024706 0.1603627 0.2466711 0.2819686 0.2968430 0.3525262 0.3572981 0.1544583 0.2454684 0.3528602 0.2441538 
MJM3360    0.3245750 0.3024706 0.0000000 0.3618814 0.3472253 0.2474583 0.3472786 0.3705098 0.3826525 0.3271017 0.3469202 0.3671165 0.3312191 
DrobinSFB  0.2874158 0.1603627 0.3618814 0.0000000 0.2821864 0.3266914 0.3272101 0.3725125 0.3861303 0.2162673 0.2829304 0.3824195 0.2890001 
Neam       0.2289413 0.2466711 0.3472253 0.2821864 0.0000000 0.3032211 0.3332800 0.3773677 0.3762746 0.2974018 0.0117192 0.3875436 0.2304315 
RuprSFB    0.2746956 0.2819686 0.2474583 0.3266914 0.3032211 0.0000000 0.3059567 0.3324917 0.3480215 0.2992907 0.3071556 0.3673369 0.2559314 
Retr       0.3029253 0.2968430 0.3472786 0.3272101 0.3332800 0.3059567 0.0000000 0.2918632 0.3098146 0.3348941 0.3282868 0.1422211 0.2936145 
Beta       0.3375547 0.3525262 0.3705098 0.3725125 0.3773677 0.3324917 0.2918632 0.0000000 0.1194501 0.3972151 0.3723455 0.3567141 0.3238773 
Spol       0.3379519 0.3572981 0.3826525 0.3861303 0.3762746 0.3480215 0.3098146 0.1194501 0.0000000 0.4046195 0.3838156 0.3811993 0.3225040 
MJM1652    0.3407249 0.1544583 0.3271017 0.2162673 0.2974018 0.2992907 0.3348941 0.3972151 0.4046195 0.0000000 0.2979042 0.4093246 0.2846024 
NepSFB     0.2283987 0.2454684 0.3469202 0.2829304 0.0117192 0.3071556 0.3282868 0.3723455 0.3838156 0.2979042 0.0000000 0.3858336 0.2294005 
WPYJ       0.4035329 0.3528602 0.3671165 0.3824195 0.3875436 0.3673369 0.1422211 0.3567141 0.3811993 0.4093246 0.3858336 0.0000000 0.3657023 
MJM2940    0.1740436 0.2441538 0.3312191 0.2890001 0.2304315 0.2559314 0.2936145 0.3238773 0.3225040 0.2846024 0.2294005 0.3657023 0.0000000 
