13
DrolusSFB  0.0000000 0.3591254 0.3800597 0.3620211 0.2690399 0.2585992 0.3209365 0.2995166 0.3009457 0.3871775 0.2671875 0.3940258 0.1827161 
Dino       0.3591254 0.0000000 0.4387832 0.2335203 0.3414540 0.3198864 0.3829955 0.3704528 0.3669112 0.2047311 0.3394883 0.4664557 0.3102035 
MJM3360    0.3800597 0.4387832 0.0000000 0.4647072 0.3735910 0.3552670 0.4076529 0.4267398 0.4348638 0.4698996 0.3786473 0.3638706 0.3722816 
DrobinSFB  0.3620211 0.2335203 0.4647072 0.0000000 0.3373159 0.3715671 0.4400697 0.3958774 0.4127024 0.2524839 0.3281823 0.4496267 0.3145291 
Neam       0.2690399 0.3414540 0.3735910 0.3373159 0.0000000 0.2452604 0.2994246 0.3028699 0.3017374 0.3837700 0.0225669 0.4125173 0.2343927 
RuprSFB    0.2585992 0.3198864 0.3552670 0.3715671 0.2452604 0.0000000 0.3232477 0.2656121 0.2836525 0.3172977 0.2464827 0.3435901 0.2342441 
Retr       0.3209365 0.3829955 0.4076529 0.4400697 0.2994246 0.3232477 0.0000000 0.3418198 0.3410956 0.4216843 0.2961636 0.1410986 0.3033812 
Beta       0.2995166 0.3704528 0.4267398 0.3958774 0.3028699 0.2656121 0.3418198 0.0000000 0.1280124 0.4038588 0.3126302 0.3651376 0.2807339 
Spol       0.3009457 0.3669112 0.4348638 0.4127024 0.3017374 0.2836525 0.3410956 0.1280124 0.0000000 0.3987576 0.3100296 0.3777969 0.2785446 
MJM1652    0.3871775 0.2047311 0.4698996 0.2524839 0.3837700 0.3172977 0.4216843 0.4038588 0.3987576 0.0000000 0.3824146 0.5822454 0.3708400 
NepSFB     0.2671875 0.3394883 0.3786473 0.3281823 0.0225669 0.2464827 0.2961636 0.3126302 0.3100296 0.3824146 0.0000000 0.4058797 0.2369432 
WPYJ       0.3940258 0.4664557 0.3638706 0.4496267 0.4125173 0.3435901 0.1410986 0.3651376 0.3777969 0.5822454 0.4058797 0.0000000 0.4020499 
MJM2940    0.1827161 0.3102035 0.3722816 0.3145291 0.2343927 0.2342441 0.3033812 0.2807339 0.2785446 0.3708400 0.2369432 0.4020499 0.0000000 
