13
DrolusSFB  0.0000000 0.3467298 0.4353208 0.4315950 0.2821197 0.3661134 0.6406274 0.3421276 0.3595790 0.4229406 0.2867975 0.4471361 0.1975455 
Dino       0.3467298 0.0000000 0.4678676 0.2566436 0.2747583 0.3754160 0.6941147 0.4140104 0.4254393 0.1721451 0.2779336 0.5091902 0.2880901 
MJM3360    0.4353208 0.4678676 0.0000000 0.4904968 0.3658593 0.3234846 0.6560207 0.4060582 0.4194340 0.5025852 0.3728679 0.4945105 0.3824538 
DrobinSFB  0.4315950 0.2566436 0.4904968 0.0000000 0.3517912 0.4269634 0.7763953 0.4618711 0.4595670 0.3322258 0.3510649 0.5383246 0.3284275 
Neam       0.2821197 0.2747583 0.3658593 0.3517912 0.0000000 0.3282004 0.5129942 0.3052277 0.3249780 0.3534991 0.0073065 0.4217406 0.2092665 
RuprSFB    0.3661134 0.3754160 0.3234846 0.4269634 0.3282004 0.0000000 0.6406372 0.3669158 0.4004902 0.4502002 0.3360221 0.4761050 0.3201071 
Retr       0.6406274 0.6941147 0.6560207 0.7763953 0.5129942 0.6406372 0.0000000 0.6317820 0.6162906 0.7206178 0.5213488 0.3690457 0.5134551 
Beta       0.3421276 0.4140104 0.4060582 0.4618711 0.3052277 0.3669158 0.6317820 0.0000000 0.1222653 0.4459546 0.3010643 0.4392169 0.2873771 
Spol       0.3595790 0.4254393 0.4194340 0.4595670 0.3249780 0.4004902 0.6162906 0.1222653 0.0000000 0.4697217 0.3286727 0.4983729 0.2988224 
MJM1652    0.4229406 0.1721451 0.5025852 0.3322258 0.3534991 0.4502002 0.7206178 0.4459546 0.4697217 0.0000000 0.3626272 0.5284674 0.3366631 
NepSFB     0.2867975 0.2779336 0.3728679 0.3510649 0.0073065 0.3360221 0.5213488 0.3010643 0.3286727 0.3626272 0.0000000 0.4294168 0.2136888 
WPYJ       0.4471361 0.5091902 0.4945105 0.5383246 0.4217406 0.4761050 0.3690457 0.4392169 0.4983729 0.5284674 0.4294168 0.0000000 0.3992681 
MJM2940    0.1975455 0.2880901 0.3824538 0.3284275 0.2092665 0.3201071 0.5134551 0.2873771 0.2988224 0.3366631 0.2136888 0.3992681 0.0000000 
