13
DrolusSFB  0.0000000 0.2517667 0.4195469 0.3208201 0.1973665 0.2765966 0.2870595 0.3819411 0.3797926 0.2639476 0.1941355 0.3590780 0.1857940 
Dino       0.2517667 0.0000000 0.5705110 0.2045554 0.2490703 0.4578984 0.3868440 0.4040301 0.4096670 0.1651533 0.2716511 0.4501556 0.2733029 
MJM3360    0.4195469 0.5705110 0.0000000 0.5960553 0.4105808 0.3122203 0.3509350 0.6012602 0.5164150 0.5242085 0.4139482 0.3908611 0.4437566 
DrobinSFB  0.3208201 0.2045554 0.5960553 0.0000000 0.2990379 0.4548169 0.4011729 0.4005804 0.4792790 0.2071784 0.3276541 0.4565167 0.3131725 
Neam       0.1973665 0.2490703 0.4105808 0.2990379 0.0000000 0.3288719 0.2707135 0.3764644 0.3715769 0.2439594 0.0132531 0.3490666 0.1795466 
RuprSFB    0.2765966 0.4578984 0.3122203 0.4548169 0.3288719 0.0000000 0.2749157 0.3976135 0.4514250 0.3834357 0.3141911 0.3408314 0.3309927 
Retr       0.2870595 0.3868440 0.3509350 0.4011729 0.2707135 0.2749157 0.0000000 0.3103238 0.3309106 0.3596459 0.2807794 0.1733092 0.2859349 
Beta       0.3819411 0.4040301 0.6012602 0.4005804 0.3764644 0.3976135 0.3103238 0.0000000 0.1649804 0.4055123 0.3999148 0.3956831 0.3945752 
Spol       0.3797926 0.4096670 0.5164150 0.4792790 0.3715769 0.4514250 0.3309106 0.1649804 0.0000000 0.4099963 0.3952232 0.4183013 0.3741416 
MJM1652    0.2639476 0.1651533 0.5242085 0.2071784 0.2439594 0.3834357 0.3596459 0.4055123 0.4099963 0.0000000 0.2554673 0.3744283 0.2518039 
NepSFB     0.1941355 0.2716511 0.4139482 0.3276541 0.0132531 0.3141911 0.2807794 0.3999148 0.3952232 0.2554673 0.0000000 0.3595964 0.1909540 
WPYJ       0.3590780 0.4501556 0.3908611 0.4565167 0.3490666 0.3408314 0.1733092 0.3956831 0.4183013 0.3744283 0.3595964 0.0000000 0.3930664 
MJM2940    0.1857940 0.2733029 0.4437566 0.3131725 0.1795466 0.3309927 0.2859349 0.3945752 0.3741416 0.2518039 0.1909540 0.3930664 0.0000000 
