13
DrolusSFB  0.0000000 0.2772805 0.3914505 0.3322426 0.2258000 0.2950992 0.3044028 0.2970820 0.2427955 0.2828071 0.2355600 0.2659088 0.1583590 
Dino       0.2772805 0.0000000 0.3105410 0.1508817 0.2854712 0.2925707 0.3021023 0.3688115 0.3277325 0.0973155 0.2897389 0.3016049 0.2682133 
MJM3360    0.3914505 0.3105410 0.0000000 0.3590561 0.3382085 0.2466855 0.4313255 0.4097207 0.3726384 0.3326292 0.3356233 0.3502630 0.3368724 
DrobinSFB  0.3322426 0.1508817 0.3590561 0.0000000 0.3494050 0.3830166 0.3730908 0.4323965 0.4089199 0.1923436 0.3584507 0.3607457 0.3542173 
Neam       0.2258000 0.2854712 0.3382085 0.3494050 0.0000000 0.2680071 0.3532924 0.3217692 0.2665903 0.2872201 0.0231225 0.3058027 0.2002998 
RuprSFB    0.2950992 0.2925707 0.2466855 0.3830166 0.2680071 0.0000000 0.3480955 0.2745136 0.2695732 0.3083355 0.2592529 0.2799934 0.2720374 
Retr       0.3044028 0.3021023 0.4313255 0.3730908 0.3532924 0.3480955 0.0000000 0.4285818 0.3462499 0.3427474 0.3642118 0.2065015 0.3431133 
Beta       0.2970820 0.3688115 0.4097207 0.4323965 0.3217692 0.2745136 0.4285818 0.0000000 0.1289776 0.3697555 0.3134894 0.3502158 0.2915707 
Spol       0.2427955 0.3277325 0.3726384 0.4089199 0.2665903 0.2695732 0.3462499 0.1289776 0.0000000 0.3297594 0.2695550 0.3084930 0.2407302 
MJM1652    0.2828071 0.0973155 0.3326292 0.1923436 0.2872201 0.3083355 0.3427474 0.3697555 0.3297594 0.0000000 0.2849907 0.3147117 0.2753273 
NepSFB     0.2355600 0.2897389 0.3356233 0.3584507 0.0231225 0.2592529 0.3642118 0.3134894 0.2695550 0.2849907 0.0000000 0.3196573 0.2135791 
WPYJ       0.2659088 0.3016049 0.3502630 0.3607457 0.3058027 0.2799934 0.2065015 0.3502158 0.3084930 0.3147117 0.3196573 0.0000000 0.3211042 
MJM2940    0.1583590 0.2682133 0.3368724 0.3542173 0.2002998 0.2720374 0.3431133 0.2915707 0.2407302 0.2753273 0.2135791 0.3211042 0.0000000 
