13
DrolusSFB  0.0000000 0.3844973 0.4243229 0.4782253 0.2475242 0.3624560 0.3742073 0.3932617 0.4267053 0.4603728 0.2491281 0.3702236 0.1681117 
Dino       0.3844973 0.0000000 0.5295155 0.2464011 0.3837627 0.4769086 0.5105788 0.5581403 0.5561830 0.2010659 0.3808602 0.5391447 0.3366447 
MJM3360    0.4243229 0.5295155 0.0000000 0.6212453 0.3963611 0.3320317 0.4474050 0.4612820 0.4699397 0.5805155 0.3947666 0.4899005 0.3753577 
DrobinSFB  0.4782253 0.2464011 0.6212453 0.0000000 0.4469791 0.6093927 0.5967673 0.6257557 0.6239323 0.3014402 0.4428623 0.6532464 0.4401807 
Neam       0.2475242 0.3837627 0.3963611 0.4469791 0.0000000 0.3229100 0.3443584 0.3711738 0.4087133 0.4410381 0.0128092 0.3317006 0.2047039 
RuprSFB    0.3624560 0.4769086 0.3320317 0.6093927 0.3229100 0.0000000 0.3829022 0.3640412 0.3885359 0.5293148 0.3220970 0.3965974 0.3226278 
Retr       0.3742073 0.5105788 0.4474050 0.5967673 0.3443584 0.3829022 0.0000000 0.3949002 0.4506872 0.5537449 0.3466969 0.2274252 0.3346679 
Beta       0.3932617 0.5581403 0.4612820 0.6257557 0.3711738 0.3640412 0.3949002 0.0000000 0.1714820 0.6063966 0.3716379 0.4144785 0.3432872 
Spol       0.4267053 0.5561830 0.4699397 0.6239323 0.4087133 0.3885359 0.4506872 0.1714820 0.0000000 0.6147287 0.4062813 0.4822748 0.3579476 
MJM1652    0.4603728 0.2010659 0.5805155 0.3014402 0.4410381 0.5293148 0.5537449 0.6063966 0.6147287 0.0000000 0.4427983 0.5762372 0.4102774 
NepSFB     0.2491281 0.3808602 0.3947666 0.4428623 0.0128092 0.3220970 0.3466969 0.3716379 0.4062813 0.4427983 0.0000000 0.3374862 0.2026952 
WPYJ       0.3702236 0.5391447 0.4899005 0.6532464 0.3317006 0.3965974 0.2274252 0.4144785 0.4822748 0.5762372 0.3374862 0.0000000 0.3350260 
MJM2940    0.1681117 0.3366447 0.3753577 0.4401807 0.2047039 0.3226278 0.3346679 0.3432872 0.3579476 0.4102774 0.2026952 0.3350260 0.0000000 
