13
DrolusSFB  0.0000000 0.3080321 0.3324786 0.3731987 0.2278682 0.3202149 0.3223535 0.3973852 0.3881573 0.3245549 0.2227493 0.3489928 0.1782147 
Dino       0.3080321 0.0000000 0.3564087 0.1660903 0.2527653 0.3511930 0.3547761 0.3920053 0.3828307 0.1330974 0.2585548 0.3903399 0.2528953 
MJM3360    0.3324786 0.3564087 0.0000000 0.3873616 0.3256787 0.2604469 0.3755236 0.4027140 0.4098586 0.3721543 0.3343753 0.4132766 0.3284432 
DrobinSFB  0.3731987 0.1660903 0.3873616 0.0000000 0.3246539 0.3926655 0.3963288 0.4702886 0.4660496 0.1948492 0.3298225 0.4417580 0.3203017 
Neam       0.2278682 0.2527653 0.3256787 0.3246539 0.0000000 0.3311394 0.3170939 0.3578389 0.3447848 0.2927791 0.0506205 0.3493797 0.2014732 
RuprSFB    0.3202149 0.3511930 0.2604469 0.3926655 0.3311394 0.0000000 0.3593894 0.4222069 0.4229514 0.3959908 0.3433733 0.4004810 0.3132719 
Retr       0.3223535 0.3547761 0.3755236 0.3963288 0.3170939 0.3593894 0.0000000 0.3937699 0.3855206 0.3770114 0.3025290 0.1829663 0.3124592 
Beta       0.3973852 0.3920053 0.4027140 0.4702886 0.3578389 0.4222069 0.3937699 0.0000000 0.1365657 0.4381637 0.3595052 0.4355791 0.3601361 
Spol       0.3881573 0.3828307 0.4098586 0.4660496 0.3447848 0.4229514 0.3855206 0.1365657 0.0000000 0.4112396 0.3431246 0.4445246 0.3463431 
MJM1652    0.3245549 0.1330974 0.3721543 0.1948492 0.2927791 0.3959908 0.3770114 0.4381637 0.4112396 0.0000000 0.2967333 0.4209456 0.2800245 
NepSFB     0.2227493 0.2585548 0.3343753 0.3298225 0.0506205 0.3433733 0.3025290 0.3595052 0.3431246 0.2967333 0.0000000 0.3597352 0.2085622 
WPYJ       0.3489928 0.3903399 0.4132766 0.4417580 0.3493797 0.4004810 0.1829663 0.4355791 0.4445246 0.4209456 0.3597352 0.0000000 0.3326060 
MJM2940    0.1782147 0.2528953 0.3284432 0.3203017 0.2014732 0.3132719 0.3124592 0.3601361 0.3463431 0.2800245 0.2085622 0.3326060 0.0000000 
