13
DrolusSFB  0.0000000 0.3079876 0.3354863 0.2972485 0.2346431 0.2666844 0.2823857 0.2940522 0.3432451 0.3477256 0.2334525 0.3050924 0.1424514 
Dino       0.3079876 0.0000000 0.4338383 0.2060734 0.3019454 0.3480638 0.3802186 0.3638497 0.3340816 0.1849053 0.2967733 0.4062400 0.2780736 
MJM3360    0.3354863 0.4338383 0.0000000 0.3520540 0.3026871 0.2638325 0.3124074 0.3424039 0.3082325 0.4505565 0.2952814 0.3698521 0.2817967 
DrobinSFB  0.2972485 0.2060734 0.3520540 0.0000000 0.2634256 0.3258232 0.3069697 0.3542456 0.3399268 0.2102606 0.2641649 0.3504513 0.2602116 
Neam       0.2346431 0.3019454 0.3026871 0.2634256 0.0000000 0.2809136 0.2676059 0.2903044 0.3248878 0.3195231 0.0068124 0.2966700 0.1807165 
RuprSFB    0.2666844 0.3480638 0.2638325 0.3258232 0.2809136 0.0000000 0.3103912 0.2670749 0.2508641 0.3501194 0.2824907 0.3525538 0.2255582 
Retr       0.2823857 0.3802186 0.3124074 0.3069697 0.2676059 0.3103912 0.0000000 0.3279288 0.3391833 0.3747996 0.2655428 0.1548793 0.2635056 
Beta       0.2940522 0.3638497 0.3424039 0.3542456 0.2903044 0.2670749 0.3279288 0.0000000 0.1248311 0.3469470 0.2939268 0.3423799 0.2540806 
Spol       0.3432451 0.3340816 0.3082325 0.3399268 0.3248878 0.2508641 0.3391833 0.1248311 0.0000000 0.3473539 0.3259006 0.4101459 0.2750373 
MJM1652    0.3477256 0.1849053 0.4505565 0.2102606 0.3195231 0.3501194 0.3747996 0.3469470 0.3473539 0.0000000 0.3147277 0.4077557 0.3087607 
NepSFB     0.2334525 0.2967733 0.2952814 0.2641649 0.0068124 0.2824907 0.2655428 0.2939268 0.3259006 0.3147277 0.0000000 0.2977678 0.1765708 
WPYJ       0.3050924 0.4062400 0.3698521 0.3504513 0.2966700 0.3525538 0.1548793 0.3423799 0.4101459 0.4077557 0.2977678 0.0000000 0.2655992 
MJM2940    0.1424514 0.2780736 0.2817967 0.2602116 0.1807165 0.2255582 0.2635056 0.2540806 0.2750373 0.3087607 0.1765708 0.2655992 0.0000000 
