13
DrolusSFB  0.0000000 0.2836541 0.3511066 0.3276096 0.2127132 0.2915439 0.3110342 0.3173343 0.3551062 0.2860829 0.2144333 0.3056320 0.1877881 
Dino       0.2836541 0.0000000 0.3605895 0.1754566 0.2057947 0.3161313 0.3235179 0.3692700 0.4106629 0.1365449 0.2050351 0.3430340 0.2374238 
MJM3360    0.3511066 0.3605895 0.0000000 0.4001114 0.3132181 0.2917260 0.3605847 0.3928741 0.4343403 0.3731758 0.3156132 0.3512439 0.3306830 
DrobinSFB  0.3276096 0.1754566 0.4001114 0.0000000 0.2357665 0.3268860 0.3254793 0.4122110 0.4107448 0.1775348 0.2352700 0.3852499 0.2766635 
Neam       0.2127132 0.2057947 0.3132181 0.2357665 0.0000000 0.2577719 0.2725918 0.3009836 0.3363757 0.1996505 0.0080158 0.2956802 0.1732726 
RuprSFB    0.2915439 0.3161313 0.2917260 0.3268860 0.2577719 0.0000000 0.3188992 0.3297163 0.3526641 0.3154998 0.2605069 0.3454177 0.2732329 
Retr       0.3110342 0.3235179 0.3605847 0.3254793 0.2725918 0.3188992 0.0000000 0.3196605 0.3224252 0.3202040 0.2685110 0.1740638 0.2784837 
Beta       0.3173343 0.3692700 0.3928741 0.4122110 0.3009836 0.3297163 0.3196605 0.0000000 0.1423017 0.3450416 0.3012892 0.3602490 0.2944937 
Spol       0.3551062 0.4106629 0.4343403 0.4107448 0.3363757 0.3526641 0.3224252 0.1423017 0.0000000 0.3935397 0.3357586 0.3389083 0.3558484 
MJM1652    0.2860829 0.1365449 0.3731758 0.1775348 0.1996505 0.3154998 0.3202040 0.3450416 0.3935397 0.0000000 0.2040856 0.3473455 0.2345304 
NepSFB     0.2144333 0.2050351 0.3156132 0.2352700 0.0080158 0.2605069 0.2685110 0.3012892 0.3357586 0.2040856 0.0000000 0.2897498 0.1745935 
WPYJ       0.3056320 0.3430340 0.3512439 0.3852499 0.2956802 0.3454177 0.1740638 0.3602490 0.3389083 0.3473455 0.2897498 0.0000000 0.3123471 
MJM2940    0.1877881 0.2374238 0.3306830 0.2766635 0.1732726 0.2732329 0.2784837 0.2944937 0.3558484 0.2345304 0.1745935 0.3123471 0.0000000 
