13
DrolusSFB  0.0000000 0.3326884 0.4597926 0.3603169 0.3011326 0.4041659 0.3981893 0.4132061 0.4262414 0.3818447 0.2994941 0.4339878 0.2147084 
Dino       0.3326884 0.0000000 0.4537053 0.1982608 0.2728329 0.3855727 0.3906367 0.4471275 0.4218383 0.1431013 0.2686505 0.3915432 0.2613391 
MJM3360    0.4597926 0.4537053 0.0000000 0.4623448 0.4047207 0.3486806 0.4696859 0.4736245 0.4512404 0.4895687 0.4084279 0.4372987 0.3921405 
DrobinSFB  0.3603169 0.1982608 0.4623448 0.0000000 0.3061828 0.3831673 0.3792414 0.4786909 0.4591311 0.2409045 0.3104095 0.4200973 0.3110175 
Neam       0.3011326 0.2728329 0.4047207 0.3061828 0.0000000 0.3330068 0.3384674 0.3976371 0.3736102 0.2911237 0.0152442 0.3441900 0.2170706 
RuprSFB    0.4041659 0.3855727 0.3486806 0.3831673 0.3330068 0.0000000 0.4232993 0.4156342 0.3982383 0.4076281 0.3317087 0.4227201 0.3105829 
Retr       0.3981893 0.3906367 0.4696859 0.3792414 0.3384674 0.4232993 0.0000000 0.4311135 0.4417479 0.4331533 0.3274422 0.2293986 0.3111171 
Beta       0.4132061 0.4471275 0.4736245 0.4786909 0.3976371 0.4156342 0.4311135 0.0000000 0.1462227 0.4820937 0.3962197 0.4034718 0.3656811 
Spol       0.4262414 0.4218383 0.4512404 0.4591311 0.3736102 0.3982383 0.4417479 0.1462227 0.0000000 0.4581129 0.3719056 0.4209148 0.3553518 
MJM1652    0.3818447 0.1431013 0.4895687 0.2409045 0.2911237 0.4076281 0.4331533 0.4820937 0.4581129 0.0000000 0.2955385 0.4394875 0.2892509 
NepSFB     0.2994941 0.2686505 0.4084279 0.3104095 0.0152442 0.3317087 0.3274422 0.3962197 0.3719056 0.2955385 0.0000000 0.3349541 0.2140395 
WPYJ       0.4339878 0.3915432 0.4372987 0.4200973 0.3441900 0.4227201 0.2293986 0.4034718 0.4209148 0.4394875 0.3349541 0.0000000 0.3150816 
MJM2940    0.2147084 0.2613391 0.3921405 0.3110175 0.2170706 0.3105829 0.3111171 0.3656811 0.3553518 0.2892509 0.2140395 0.3150816 0.0000000 
