13
DrolusSFB  0.0000000 0.4380802 0.5288122 0.4231461 0.3286359 0.4611663 0.4470455 0.4821325 0.4905687 0.4111511 0.3277260 0.4532563 0.2687296 
Dino       0.4380802 0.0000000 0.4328535 0.1550826 0.2781429 0.3941903 9.0000000 0.5368945 0.5179294 0.1403565 0.2797394 9.0000000 0.3198109 
MJM3360    0.5288122 0.4328535 0.0000000 0.4527255 0.3944678 0.2978770 0.3329678 0.4589951 0.4346292 0.4275281 0.3957589 0.3371867 0.4003745 
DrobinSFB  0.4231461 0.1550826 0.4527255 0.0000000 0.2914345 0.4128558 0.3905298 0.4663665 0.4532766 0.1705007 0.2911127 0.3953987 0.3022341 
Neam       0.3286359 0.2781429 0.3944678 0.2914345 0.0000000 0.3262367 0.3376474 0.4288431 0.4199354 0.2811537 0.0093832 0.3562764 0.2143863 
RuprSFB    0.4611663 0.3941903 0.2978770 0.4128558 0.3262367 0.0000000 0.3178463 0.4116372 0.4073819 0.3644787 0.3232899 0.3276291 0.3356205 
Retr       0.4470455 9.0000000 0.3329678 0.3905298 0.3376474 0.3178463 0.0000000 0.4009507 0.4161890 0.4057794 0.3429441 0.1850594 0.3567392 
Beta       0.4821325 0.5368945 0.4589951 0.4663665 0.4288431 0.4116372 0.4009507 0.0000000 0.1590118 0.5021787 0.4283359 0.3902649 0.4089484 
Spol       0.4905687 0.5179294 0.4346292 0.4532766 0.4199354 0.4073819 0.4161890 0.1590118 0.0000000 0.4884518 0.4166763 0.3672917 0.3900520 
MJM1652    0.4111511 0.1403565 0.4275281 0.1705007 0.2811537 0.3644787 0.4057794 0.5021787 0.4884518 0.0000000 0.2808268 0.3742523 0.3123737 
NepSFB     0.3277260 0.2797394 0.3957589 0.2911127 0.0093832 0.3232899 0.3429441 0.4283359 0.4166763 0.2808268 0.0000000 0.3646884 0.2164581 
WPYJ       0.4532563 9.0000000 0.3371867 0.3953987 0.3562764 0.3276291 0.1850594 0.3902649 0.3672917 0.3742523 0.3646884 0.0000000 0.3671869 
MJM2940    0.2687296 0.3198109 0.4003745 0.3022341 0.2143863 0.3356205 0.3567392 0.4089484 0.3900520 0.3123737 0.2164581 0.3671869 0.0000000 
