13
DrolusSFB  0.0000000 0.3064872 0.3224415 0.3326307 0.2589513 0.3036046 0.2845903 0.3533627 0.3712164 0.2908415 0.2565133 0.3062816 0.1657980 
Dino       0.3064872 0.0000000 0.3205153 0.1761759 0.2581749 0.3110624 0.3118695 0.3608781 0.3596728 0.1441253 0.2614150 0.3269451 0.2558725 
MJM3360    0.3224415 0.3205153 0.0000000 0.3365683 0.2719384 0.2428583 0.3002307 0.3184401 0.3105411 0.3306801 0.2751044 0.3056031 0.2704496 
DrobinSFB  0.3326307 0.1761759 0.3365683 0.0000000 0.2929261 0.3137471 0.3111075 0.3820876 0.3961468 0.1913145 0.2913257 0.3326263 0.2682608 
Neam       0.2589513 0.2581749 0.2719384 0.2929261 0.0000000 0.2690331 0.2551452 0.3352793 0.3297265 0.2352196 0.0303228 0.2778149 0.1946169 
RuprSFB    0.3036046 0.3110624 0.2428583 0.3137471 0.2690331 0.0000000 0.2741614 0.2938606 0.3192620 0.3060246 0.2658106 0.2993046 0.2570756 
Retr       0.2845903 0.3118695 0.3002307 0.3111075 0.2551452 0.2741614 0.0000000 0.3315135 0.3309286 0.3260442 0.2601723 0.1859011 0.2296394 
Beta       0.3533627 0.3608781 0.3184401 0.3820876 0.3352793 0.2938606 0.3315135 0.0000000 0.1470433 0.3536514 0.3405605 0.3483592 0.3117823 
Spol       0.3712164 0.3596728 0.3105411 0.3961468 0.3297265 0.3192620 0.3309286 0.1470433 0.0000000 0.3554826 0.3312676 0.3480842 0.3263363 
MJM1652    0.2908415 0.1441253 0.3306801 0.1913145 0.2352196 0.3060246 0.3260442 0.3536514 0.3554826 0.0000000 0.2398523 0.3263383 0.2358499 
NepSFB     0.2565133 0.2614150 0.2751044 0.2913257 0.0303228 0.2658106 0.2601723 0.3405605 0.3312676 0.2398523 0.0000000 0.2738558 0.1964403 
WPYJ       0.3062816 0.3269451 0.3056031 0.3326263 0.2778149 0.2993046 0.1859011 0.3483592 0.3480842 0.3263383 0.2738558 0.0000000 0.2815345 
MJM2940    0.1657980 0.2558725 0.2704496 0.2682608 0.1946169 0.2570756 0.2296394 0.3117823 0.3263363 0.2358499 0.1964403 0.2815345 0.0000000 
