13
DrolusSFB  0.0000000 0.3305488 0.4094727 0.3600009 0.2404011 0.3907015 0.2559663 0.4063016 0.4361679 0.2907921 0.2444632 0.2715458 0.1867876 
Dino       0.3305488 0.0000000 0.4139879 0.1962984 0.2703914 0.3820031 0.2900378 0.4679880 0.4872871 0.1187616 0.2770917 0.3075667 0.2809268 
MJM3360    0.4094727 0.4139879 0.0000000 0.4377662 0.3606785 0.3393575 0.2958780 0.4681894 0.4800441 0.3331088 0.3576578 0.3282568 0.4022873 
DrobinSFB  0.3600009 0.1962984 0.4377662 0.0000000 0.2965499 0.4232613 0.3219472 0.4700407 0.4729468 0.1732587 0.3073707 0.3463773 0.3192854 
Neam       0.2404011 0.2703914 0.3606785 0.2965499 0.0000000 0.3196098 0.2520401 0.3678674 0.3953428 0.2264727 0.0081818 0.2530094 0.2068992 
RuprSFB    0.3907015 0.3820031 0.3393575 0.4232613 0.3196098 0.0000000 0.2661951 0.3982255 0.4098433 0.3017560 0.3227755 0.3336228 0.3324582 
Retr       0.2559663 0.2900378 0.2958780 0.3219472 0.2520401 0.2661951 0.0000000 0.2805082 0.3003586 0.3053438 0.2543609 0.1325350 0.2758709 
Beta       0.4063016 0.4679880 0.4681894 0.4700407 0.3678674 0.3982255 0.2805082 0.0000000 0.1377120 0.3630650 0.3761621 0.2624983 0.3856023 
Spol       0.4361679 0.4872871 0.4800441 0.4729468 0.3953428 0.4098433 0.3003586 0.1377120 0.0000000 0.4023618 0.4028432 0.2815443 0.4193537 
MJM1652    0.2907921 0.1187616 0.3331088 0.1732587 0.2264727 0.3017560 0.3053438 0.3630650 0.4023618 0.0000000 0.2287499 0.3062424 0.2445040 
NepSFB     0.2444632 0.2770917 0.3576578 0.3073707 0.0081818 0.3227755 0.2543609 0.3761621 0.4028432 0.2287499 0.0000000 0.2532603 0.2173039 
WPYJ       0.2715458 0.3075667 0.3282568 0.3463773 0.2530094 0.3336228 0.1325350 0.2624983 0.2815443 0.3062424 0.2532603 0.0000000 0.2803575 
MJM2940    0.1867876 0.2809268 0.4022873 0.3192854 0.2068992 0.3324582 0.2758709 0.3856023 0.4193537 0.2445040 0.2173039 0.2803575 0.0000000 
