13
DrolusSFB  0.0000000 0.2659668 0.2780468 0.2727812 0.2338424 0.2774329 0.2621130 0.3375760 0.3599731 0.2779574 0.2361002 0.2627592 0.1886290 
Dino       0.2659668 0.0000000 0.2936071 0.1670444 0.2369293 0.3327418 0.2845746 0.3603422 0.3928526 0.1275281 0.2373775 0.2808211 0.2573441 
MJM3360    0.2780468 0.2936071 0.0000000 0.3093067 0.2712872 0.2690915 0.2687136 0.3259847 0.3624211 0.2787788 0.2700697 0.2764760 0.2924804 
DrobinSFB  0.2727812 0.1670444 0.3093067 0.0000000 0.2511442 0.3205214 0.3173883 0.3520067 0.3638115 0.1767474 0.2534304 0.3091886 0.2811116 
Neam       0.2338424 0.2369293 0.2712872 0.2511442 0.0000000 0.2652589 0.2645292 0.3100309 0.3645362 0.2535273 0.0113099 0.2610209 0.2024998 
RuprSFB    0.2774329 0.3327418 0.2690915 0.3205214 0.2652589 0.0000000 0.2754641 0.3396594 0.3685273 0.3087307 0.2640758 0.2872340 0.2629794 
Retr       0.2621130 0.2845746 0.2687136 0.3173883 0.2645292 0.2754641 0.0000000 0.3848400 0.4083563 0.3147086 0.2668531 0.1637133 0.2742972 
Beta       0.3375760 0.3603422 0.3259847 0.3520067 0.3100309 0.3396594 0.3848400 0.0000000 0.1782369 0.3788980 0.3125142 0.3234891 0.3210390 
Spol       0.3599731 0.3928526 0.3624211 0.3638115 0.3645362 0.3685273 0.4083563 0.1782369 0.0000000 0.3736679 0.3672218 0.3553168 0.3549626 
MJM1652    0.2779574 0.1275281 0.2787788 0.1767474 0.2535273 0.3087307 0.3147086 0.3788980 0.3736679 0.0000000 0.2538801 0.3007288 0.2739351 
NepSFB     0.2361002 0.2373775 0.2700697 0.2534304 0.0113099 0.2640758 0.2668531 0.3125142 0.3672218 0.2538801 0.0000000 0.2596039 0.2045874 
WPYJ       0.2627592 0.2808211 0.2764760 0.3091886 0.2610209 0.2872340 0.1637133 0.3234891 0.3553168 0.3007288 0.2596039 0.0000000 0.2748130 
MJM2940    0.1886290 0.2573441 0.2924804 0.2811116 0.2024998 0.2629794 0.2742972 0.3210390 0.3549626 0.2739351 0.2045874 0.2748130 0.0000000 
