13
DrolusSFB  0.0000000 0.4237250 0.4147677 0.4932334 0.3368459 0.4724894 0.3972879 0.5863094 0.5441649 0.4580299 0.3423995 0.4510598 0.2614723 
Dino       0.4237250 0.0000000 0.5062275 0.3569361 0.3216344 0.3975601 0.4182083 0.6099722 0.5792807 0.1895459 0.3237402 0.5020023 0.3785904 
MJM3360    0.4147677 0.5062275 0.0000000 0.5664779 0.4116182 0.3600457 0.5725952 0.5622597 0.5732789 0.4907281 0.4200271 0.4791243 0.4270233 
DrobinSFB  0.4932334 0.3569361 0.5664779 0.0000000 0.4731350 0.4243254 0.4551995 0.4461605 0.4542232 0.3877836 0.4697290 0.5579695 0.4759956 
Neam       0.3368459 0.3216344 0.4116182 0.4731350 0.0000000 0.4062933 0.3327733 0.6039919 0.5185690 0.3405700 0.0167394 0.4139108 0.2660789 
RuprSFB    0.4724894 0.3975601 0.3600457 0.4243254 0.4062933 0.0000000 0.3884385 0.5372833 0.4926521 0.4052470 0.3953876 0.4742807 0.3934428 
Retr       0.3972879 0.4182083 0.5725952 0.4551995 0.3327733 0.3884385 0.0000000 0.4815278 0.4981669 0.4331951 0.3533922 0.2390660 0.3654059 
Beta       0.5863094 0.6099722 0.5622597 0.4461605 0.6039919 0.5372833 0.4815278 0.0000000 0.1960919 0.6413981 0.5858219 0.6255595 0.5787552 
Spol       0.5441649 0.5792807 0.5732789 0.4542232 0.5185690 0.4926521 0.4981669 0.1960919 0.0000000 0.6186785 0.5083147 0.5592665 0.5281009 
MJM1652    0.4580299 0.1895459 0.4907281 0.3877836 0.3405700 0.4052470 0.4331951 0.6413981 0.6186785 0.0000000 0.3404551 0.5511410 0.3999420 
NepSFB     0.3423995 0.3237402 0.4200271 0.4697290 0.0167394 0.3953876 0.3533922 0.5858219 0.5083147 0.3404551 0.0000000 0.4176621 0.2771091 
WPYJ       0.4510598 0.5020023 0.4791243 0.5579695 0.4139108 0.4742807 0.2390660 0.6255595 0.5592665 0.5511410 0.4176621 0.0000000 0.4400287 
MJM2940    0.2614723 0.3785904 0.4270233 0.4759956 0.2660789 0.3934428 0.3654059 0.5787552 0.5281009 0.3999420 0.2771091 0.4400287 0.0000000 
