13
DrolusSFB  0.0000000 0.3777334 0.3799386 0.4497184 0.2774854 0.3257359 0.3961511 0.4456782 0.4960469 0.3977100 0.2833090 0.4010186 0.2043357 
Dino       0.3777334 0.0000000 0.4160754 0.2025153 0.2948399 0.3546050 0.4054669 0.4787220 0.5140656 0.1723963 0.2947221 0.3479615 0.3122715 
MJM3360    0.3799386 0.4160754 0.0000000 0.4669661 0.3198753 0.3332312 0.4635839 0.4769783 0.4939716 0.4437624 0.3234989 0.4752657 0.3118077 
DrobinSFB  0.4497184 0.2025153 0.4669661 0.0000000 0.3621746 0.4130696 0.4286765 0.5428422 0.5433144 0.2391965 0.3619602 0.3986497 0.3844960 
Neam       0.2774854 0.2948399 0.3198753 0.3621746 0.0000000 0.2781409 0.3431001 0.3932674 0.3999493 0.3307892 0.0085885 0.3498376 0.2145631 
RuprSFB    0.3257359 0.3546050 0.3332312 0.4130696 0.2781409 0.0000000 0.3516746 0.4367486 0.4367918 0.3871340 0.2787486 0.3523993 0.2679494 
Retr       0.3961511 0.4054669 0.4635839 0.4286765 0.3431001 0.3516746 0.0000000 0.4685297 0.4751920 0.4091200 0.3445281 0.2266002 0.3382468 
Beta       0.4456782 0.4787220 0.4769783 0.5428422 0.3932674 0.4367486 0.4685297 0.0000000 0.1892258 0.4892432 0.4063565 0.4500259 0.4220868 
Spol       0.4960469 0.5140656 0.4939716 0.5433144 0.3999493 0.4367918 0.4751920 0.1892258 0.0000000 0.5311256 0.3996359 0.4878912 0.4575978 
MJM1652    0.3977100 0.1723963 0.4437624 0.2391965 0.3307892 0.3871340 0.4091200 0.4892432 0.5311256 0.0000000 0.3306676 0.3940270 0.3781326 
NepSFB     0.2833090 0.2947221 0.3234989 0.3619602 0.0085885 0.2787486 0.3445281 0.4063565 0.3996359 0.3306676 0.0000000 0.3531885 0.2151977 
WPYJ       0.4010186 0.3479615 0.4752657 0.3986497 0.3498376 0.3523993 0.2266002 0.4500259 0.4878912 0.3940270 0.3531885 0.0000000 0.3748376 
MJM2940    0.2043357 0.3122715 0.3118077 0.3844960 0.2145631 0.2679494 0.3382468 0.4220868 0.4575978 0.3781326 0.2151977 0.3748376 0.0000000 
