13
DrolusSFB  0.0000000 0.3068505 0.3872569 0.3291195 0.2705288 0.2826260 0.3500054 0.3733747 0.3552922 0.2959696 0.2722296 0.3373418 0.1891570 
Dino       0.3068505 0.0000000 0.3906312 0.1355627 0.2181025 0.2767775 0.3517452 0.3635396 0.3550665 0.1376692 0.2183321 0.3257125 0.2321874 
MJM3360    0.3872569 0.3906312 0.0000000 0.3892243 0.3813485 0.2709155 0.4412457 0.5089098 0.4731977 0.3951540 0.3818137 0.4505764 0.3483153 
DrobinSFB  0.3291195 0.1355627 0.3892243 0.0000000 0.2247281 0.3037963 0.3424981 0.3403317 0.3268805 0.1534053 0.2287773 0.3124008 0.2438979 
Neam       0.2705288 0.2181025 0.3813485 0.2247281 0.0000000 0.2596510 0.3139132 0.3817194 0.3527818 0.2294335 0.0104795 0.3198657 0.2019528 
RuprSFB    0.2826260 0.2767775 0.2709155 0.3037963 0.2596510 0.0000000 0.3166032 0.3276627 0.3194161 0.2737246 0.2642113 0.3331280 0.2241777 
Retr       0.3500054 0.3517452 0.4412457 0.3424981 0.3139132 0.3166032 0.0000000 0.3975455 0.4226483 0.4162449 0.3219365 0.2027515 0.2987923 
Beta       0.3733747 0.3635396 0.5089098 0.3403317 0.3817194 0.3276627 0.3975455 0.0000000 0.1347477 0.4113295 0.3801613 0.3977454 0.3500066 
Spol       0.3552922 0.3550665 0.4731977 0.3268805 0.3527818 0.3194161 0.4226483 0.1347477 0.0000000 0.3929733 0.3582783 0.4153208 0.3216322 
MJM1652    0.2959696 0.1376692 0.3951540 0.1534053 0.2294335 0.2737246 0.4162449 0.4113295 0.3929733 0.0000000 0.2353426 0.3679858 0.2658881 
NepSFB     0.2722296 0.2183321 0.3818137 0.2287773 0.0104795 0.2642113 0.3219365 0.3801613 0.3582783 0.2353426 0.0000000 0.3289619 0.2069888 
WPYJ       0.3373418 0.3257125 0.4505764 0.3124008 0.3198657 0.3331280 0.2027515 0.3977454 0.4153208 0.3679858 0.3289619 0.0000000 0.3098333 
MJM2940    0.1891570 0.2321874 0.3483153 0.2438979 0.2019528 0.2241777 0.2987923 0.3500066 0.3216322 0.2658881 0.2069888 0.3098333 0.0000000 
