13
DrolusSFB  0.0000000 0.2538579 0.3231396 0.2789912 0.2431947 0.3108375 0.2811081 0.3403997 0.3122908 0.2865549 0.2414168 0.3278936 0.1930784 
Dino       0.2538579 0.0000000 0.3460249 0.1490938 0.1904425 0.2885035 0.3028945 0.3194576 0.3150275 0.1803600 0.1919732 0.2888876 0.2066935 
MJM3360    0.3231396 0.3460249 0.0000000 0.3596397 0.2988803 0.2839195 0.3320355 0.3803311 0.3796752 0.3400027 0.2923417 0.3171072 0.3292445 
DrobinSFB  0.2789912 0.1490938 0.3596397 0.0000000 0.2273430 0.2975785 0.3198268 0.3441044 0.3320609 0.1991034 0.2290143 0.3034251 0.2554233 
Neam       0.2431947 0.1904425 0.2988803 0.2273430 0.0000000 0.2449635 0.2752783 0.2969127 0.2908218 0.2339884 0.0156947 0.2788736 0.1975612 
RuprSFB    0.3108375 0.2885035 0.2839195 0.2975785 0.2449635 0.0000000 0.2910843 0.3520587 0.3344585 0.3069038 0.2451830 0.3190401 0.2752898 
Retr       0.2811081 0.3028945 0.3320355 0.3198268 0.2752783 0.2910843 0.0000000 0.3186629 0.3182616 0.3379818 0.2796024 0.1190863 0.2619851 
Beta       0.3403997 0.3194576 0.3803311 0.3441044 0.2969127 0.3520587 0.3186629 0.0000000 0.1394481 0.3483086 0.2970784 0.3265401 0.2860306 
Spol       0.3122908 0.3150275 0.3796752 0.3320609 0.2908218 0.3344585 0.3182616 0.1394481 0.0000000 0.3282210 0.2890895 0.2896942 0.2729977 
MJM1652    0.2865549 0.1803600 0.3400027 0.1991034 0.2339884 0.3069038 0.3379818 0.3483086 0.3282210 0.0000000 0.2297322 0.3535289 0.2311926 
NepSFB     0.2414168 0.1919732 0.2923417 0.2290143 0.0156947 0.2451830 0.2796024 0.2970784 0.2890895 0.2297322 0.0000000 0.2825013 0.2017954 
WPYJ       0.3278936 0.2888876 0.3171072 0.3034251 0.2788736 0.3190401 0.1190863 0.3265401 0.2896942 0.3535289 0.2825013 0.0000000 0.2681752 
MJM2940    0.1930784 0.2066935 0.3292445 0.2554233 0.1975612 0.2752898 0.2619851 0.2860306 0.2729977 0.2311926 0.2017954 0.2681752 0.0000000 
