13
DrolusSFB  0.0000000 0.2499295 0.2959003 0.2873197 0.2019268 0.3146192 0.3450399 0.3251732 0.2806088 0.2854417 0.2005564 0.3499650 0.1645758 
Dino       0.2499295 0.0000000 0.3265026 0.1758248 0.2605894 0.3051217 0.3750834 0.4099956 0.4166792 0.1410339 0.2646717 0.3576167 0.2201990 
MJM3360    0.2959003 0.3265026 0.0000000 0.3833847 0.2599173 0.2629197 0.3633408 0.3279971 0.3048770 0.3491356 0.2673149 0.3639570 0.2883061 
DrobinSFB  0.2873197 0.1758248 0.3833847 0.0000000 0.2743802 0.3492952 0.4298470 0.3545524 0.3230634 0.2160601 0.2719787 0.3881836 0.2697619 
Neam       0.2019268 0.2605894 0.2599173 0.2743802 0.0000000 0.2831336 0.2998735 0.3387505 0.3357688 0.2811430 0.0098129 0.3023477 0.1686274 
RuprSFB    0.3146192 0.3051217 0.2629197 0.3492952 0.2831336 0.0000000 0.3561999 0.3462348 0.3113493 0.3303921 0.2878313 0.3645452 0.2588575 
Retr       0.3450399 0.3750834 0.3633408 0.4298470 0.2998735 0.3561999 0.0000000 0.3334416 0.2595202 0.3775696 0.3000403 0.1864919 0.2966880 
Beta       0.3251732 0.4099956 0.3279971 0.3545524 0.3387505 0.3462348 0.3334416 0.0000000 0.1171856 0.4138645 0.3484103 0.3637451 0.2534018 
Spol       0.2806088 0.4166792 0.3048770 0.3230634 0.3357688 0.3113493 0.2595202 0.1171856 0.0000000 0.4405023 0.3443055 0.2964860 0.2234872 
MJM1652    0.2854417 0.1410339 0.3491356 0.2160601 0.2811430 0.3303921 0.3775696 0.4138645 0.4405023 0.0000000 0.2865583 0.3689645 0.2645732 
NepSFB     0.2005564 0.2646717 0.2673149 0.2719787 0.0098129 0.2878313 0.3000403 0.3484103 0.3443055 0.2865583 0.0000000 0.3084213 0.1695919 
WPYJ       0.3499650 0.3576167 0.3639570 0.3881836 0.3023477 0.3645452 0.1864919 0.3637451 0.2964860 0.3689645 0.3084213 0.0000000 0.3211145 
MJM2940    0.1645758 0.2201990 0.2883061 0.2697619 0.1686274 0.2588575 0.2966880 0.2534018 0.2234872 0.2645732 0.1695919 0.3211145 0.0000000 
