13
DrolusSFB  0.0000000 0.3473141 0.4674192 0.4031204 0.2797024 0.4355140 0.3867262 0.4088231 0.3509989 0.3522884 0.2908216 0.4274893 0.2070216 
Dino       0.3473141 0.0000000 0.4491070 0.1858393 0.2941999 0.3854440 0.4147266 0.4109622 0.3577521 0.1397187 0.3021700 0.4388156 0.2834363 
MJM3360    0.4674192 0.4491070 0.0000000 0.4666143 0.3877376 0.3379718 0.3900389 0.4036664 0.4020038 0.4543518 0.3911132 0.4444801 0.3577640 
DrobinSFB  0.4031204 0.1858393 0.4666143 0.0000000 0.3218948 0.4431231 0.4382547 0.4499483 0.4248607 0.2269140 0.3263595 0.4665970 0.3218240 
Neam       0.2797024 0.2941999 0.3877376 0.3218948 0.0000000 0.3462364 0.3703718 0.3406894 0.3469662 0.3060806 0.0116676 0.4139717 0.2205661 
RuprSFB    0.4355140 0.3854440 0.3379718 0.4431231 0.3462364 0.0000000 0.3884646 0.4240623 0.3950486 0.4166096 0.3473035 0.4425414 0.3649211 
Retr       0.3867262 0.4147266 0.3900389 0.4382547 0.3703718 0.3884646 0.0000000 0.3912468 0.3713020 0.4143034 0.3679214 0.2097231 0.3593004 
Beta       0.4088231 0.4109622 0.4036664 0.4499483 0.3406894 0.4240623 0.3912468 0.0000000 0.1518901 0.4386627 0.3462343 0.4376981 0.3743742 
Spol       0.3509989 0.3577521 0.4020038 0.4248607 0.3469662 0.3950486 0.3713020 0.1518901 0.0000000 0.4149801 0.3499736 0.4345900 0.3361886 
MJM1652    0.3522884 0.1397187 0.4543518 0.2269140 0.3060806 0.4166096 0.4143034 0.4386627 0.4149801 0.0000000 0.3049593 0.4465944 0.2889831 
NepSFB     0.2908216 0.3021700 0.3911132 0.3263595 0.0116676 0.3473035 0.3679214 0.3462343 0.3499736 0.3049593 0.0000000 0.4070631 0.2270695 
WPYJ       0.4274893 0.4388156 0.4444801 0.4665970 0.4139717 0.4425414 0.2097231 0.4376981 0.4345900 0.4465944 0.4070631 0.0000000 0.4119683 
MJM2940    0.2070216 0.2834363 0.3577640 0.3218240 0.2205661 0.3649211 0.3593004 0.3743742 0.3361886 0.2889831 0.2270695 0.4119683 0.0000000 
