13
DrolusSFB  0.0000000 0.2879907 0.3516687 0.3611441 0.2503978 0.2841456 0.3621972 0.3472772 0.3533815 0.2982604 0.2468424 0.3527088 0.1729486 
Dino       0.2879907 0.0000000 0.3996403 0.2751641 0.2806818 0.2946652 0.4349152 0.4496299 0.4238527 0.1641871 0.2731194 0.4311685 0.2864263 
MJM3360    0.3516687 0.3996403 0.0000000 0.4763955 0.3617148 0.3019001 0.3967811 0.4505006 0.4080893 0.3928447 0.3654751 0.3746683 0.3534480 
DrobinSFB  0.3611441 0.2751641 0.4763955 0.0000000 0.3360845 0.3366951 0.4158143 0.4042966 0.4221381 0.2423533 0.3283355 0.4683119 0.3424126 
Neam       0.2503978 0.2806818 0.3617148 0.3360845 0.0000000 0.2763483 0.3084084 0.3908731 0.3769509 0.2853902 0.0065168 0.3278930 0.2069846 
RuprSFB    0.2841456 0.2946652 0.3019001 0.3366951 0.2763483 0.0000000 0.3168446 0.3626087 0.3326708 0.2816469 0.2738545 0.3139998 0.2735932 
Retr       0.3621972 0.4349152 0.3967811 0.4158143 0.3084084 0.3168446 0.0000000 0.3877996 0.3714313 0.3925611 0.3020044 0.1695099 0.3523197 
Beta       0.3472772 0.4496299 0.4505006 0.4042966 0.3908731 0.3626087 0.3877996 0.0000000 0.1684630 0.3513325 0.3799141 0.3552350 0.3705862 
Spol       0.3533815 0.4238527 0.4080893 0.4221381 0.3769509 0.3326708 0.3714313 0.1684630 0.0000000 0.3655824 0.3677194 0.3398129 0.3476757 
MJM1652    0.2982604 0.1641871 0.3928447 0.2423533 0.2853902 0.2816469 0.3925611 0.3513325 0.3655824 0.0000000 0.2827803 0.4265163 0.2844472 
NepSFB     0.2468424 0.2731194 0.3654751 0.3283355 0.0065168 0.2738545 0.3020044 0.3799141 0.3677194 0.2827803 0.0000000 0.3293345 0.2038153 
WPYJ       0.3527088 0.4311685 0.3746683 0.4683119 0.3278930 0.3139998 0.1695099 0.3552350 0.3398129 0.4265163 0.3293345 0.0000000 0.3394672 
MJM2940    0.1729486 0.2864263 0.3534480 0.3424126 0.2069846 0.2735932 0.3523197 0.3705862 0.3476757 0.2844472 0.2038153 0.3394672 0.0000000 
