13
DrolusSFB  0.0000000 0.3416747 0.2746467 0.5427659 0.4011167 0.2278626 0.3295569 0.6072609 0.5577198 0.5443851 0.3975380 0.3328706 0.2503542 
Dino       0.3416747 0.0000000 0.3234033 0.1593446 0.2610018 0.3371263 0.3634795 0.4143577 0.3700659 0.1772682 0.2618696 0.3253428 0.2855096 
MJM3360    0.2746467 0.3234033 0.0000000 0.3633565 0.2559421 0.2513209 0.3995044 0.3395091 0.3296686 0.3411085 0.2559417 0.3724950 0.2847209 
DrobinSFB  0.5427659 0.1593446 0.3633565 0.0000000 0.3979095 0.3177437 0.3888162 0.5877915 0.5326706 0.2699776 0.4009549 0.3395335 0.4531732 
Neam       0.4011167 0.2610018 0.2559421 0.3979095 0.0000000 0.2736092 0.3257159 0.6116169 0.5641029 0.4118440 0.0152847 0.2912415 0.2962379 
RuprSFB    0.2278626 0.3371263 0.2513209 0.3177437 0.2736092 0.0000000 0.3690512 0.3110708 0.3195339 0.3440646 0.2682835 0.3442060 0.2710024 
Retr       0.3295569 0.3634795 0.3995044 0.3888162 0.3257159 0.3690512 0.0000000 0.4176307 0.3889597 0.4129205 0.3306594 0.1541640 0.3313292 
Beta       0.6072609 0.4143577 0.3395091 0.5877915 0.6116169 0.3110708 0.4176307 0.0000000 0.1836095 0.6438627 0.6057192 0.3635992 0.5654839 
Spol       0.5577198 0.3700659 0.3296686 0.5326706 0.5641029 0.3195339 0.3889597 0.1836095 0.0000000 0.6039323 0.5659649 0.3572337 0.5340380 
MJM1652    0.5443851 0.1772682 0.3411085 0.2699776 0.4118440 0.3440646 0.4129205 0.6438627 0.6039323 0.0000000 0.4131453 0.3601570 0.4537618 
NepSFB     0.3975380 0.2618696 0.2559417 0.4009549 0.0152847 0.2682835 0.3306594 0.6057192 0.5659649 0.4131453 0.0000000 0.2922366 0.2975976 
WPYJ       0.3328706 0.3253428 0.3724950 0.3395335 0.2912415 0.3442060 0.1541640 0.3635992 0.3572337 0.3601570 0.2922366 0.0000000 0.2888888 
MJM2940    0.2503542 0.2855096 0.2847209 0.4531732 0.2962379 0.2710024 0.3313292 0.5654839 0.5340380 0.4537618 0.2975976 0.2888888 0.0000000 
