13
DrolusSFB  0.0000000 0.2673193 0.3274194 0.2920664 0.2161610 0.2880105 0.3355185 0.3277434 0.3407583 0.2755151 0.2078782 0.3212641 0.1407203 
Dino       0.2673193 0.0000000 0.3391429 0.1907695 0.2304326 0.3120842 0.3272954 0.3581262 0.3302704 0.1210353 0.2232563 0.3269584 0.2110620 
MJM3360    0.3274194 0.3391429 0.0000000 0.3739136 0.3170771 0.2445746 0.3294663 0.3704611 0.3717013 0.3704260 0.2947258 0.3272787 0.2880658 
DrobinSFB  0.2920664 0.1907695 0.3739136 0.0000000 0.2684592 0.3437258 0.3983413 0.3799795 0.3770376 0.1971797 0.2556235 0.3756080 0.2539128 
Neam       0.2161610 0.2304326 0.3170771 0.2684592 0.0000000 0.2594328 0.3173332 0.2972220 0.3002123 0.2480406 0.0102156 0.3047067 0.1686345 
RuprSFB    0.2880105 0.3120842 0.2445746 0.3437258 0.2594328 0.0000000 0.3093029 0.3121797 0.3083388 0.3456699 0.2399580 0.3039923 0.2515395 
Retr       0.3355185 0.3272954 0.3294663 0.3983413 0.3173332 0.3093029 0.0000000 0.3685111 0.3434651 0.3551042 0.2973411 0.1342823 0.2893683 
Beta       0.3277434 0.3581262 0.3704611 0.3799795 0.2972220 0.3121797 0.3685111 0.0000000 0.0960154 0.3788523 0.2782338 0.3369583 0.2784871 
Spol       0.3407583 0.3302704 0.3717013 0.3770376 0.3002123 0.3083388 0.3434651 0.0960154 0.0000000 0.3525097 0.2813594 0.3415873 0.2687018 
MJM1652    0.2755151 0.1210353 0.3704260 0.1971797 0.2480406 0.3456699 0.3551042 0.3788523 0.3525097 0.0000000 0.2445946 0.3508305 0.2304510 
NepSFB     0.2078782 0.2232563 0.2947258 0.2556235 0.0102156 0.2399580 0.2973411 0.2782338 0.2813594 0.2445946 0.0000000 0.2993404 0.1570305 
WPYJ       0.3212641 0.3269584 0.3272787 0.3756080 0.3047067 0.3039923 0.1342823 0.3369583 0.3415873 0.3508305 0.2993404 0.0000000 0.2587107 
MJM2940    0.1407203 0.2110620 0.2880658 0.2539128 0.1686345 0.2515395 0.2893683 0.2784871 0.2687018 0.2304510 0.1570305 0.2587107 0.0000000 
