13
DrolusSFB  0.0000000 0.2359479 0.4313560 0.3179088 0.3336990 0.4111671 0.2362237 0.4485992 0.4604255 0.2937128 0.3279206 0.2488792 0.2336111 
Dino       0.2359479 0.0000000 0.4188220 0.1894927 0.2295445 0.2907598 0.2868256 0.2919832 0.3132636 0.1328903 0.2252376 0.3442075 0.2012692 
MJM3360    0.4313560 0.4188220 0.0000000 0.5266259 0.4738054 0.3741356 0.3128004 0.4673818 0.4570325 0.4149926 0.4752528 0.4000960 0.4553896 
DrobinSFB  0.3179088 0.1894927 0.5266259 0.0000000 0.2934739 0.3778253 0.3258465 0.3695498 0.3875431 0.2204441 0.2944746 0.3767707 0.2757234 
Neam       0.3336990 0.2295445 0.4738054 0.2934739 0.0000000 0.3573820 0.2700851 0.4127772 0.4076459 0.2382377 0.0091163 0.2946428 0.2262009 
RuprSFB    0.4111671 0.2907598 0.3741356 0.3778253 0.3573820 0.0000000 0.2660357 0.3927006 0.4211588 0.3136661 0.3584056 0.3083001 0.3482769 
Retr       0.2362237 0.2868256 0.3128004 0.3258465 0.2700851 0.2660357 0.0000000 0.3114780 0.3429148 0.2758591 0.2650369 0.1846257 0.2826185 
Beta       0.4485992 0.2919832 0.4673818 0.3695498 0.4127772 0.3927006 0.3114780 0.0000000 0.1398308 0.3314975 0.4112257 0.3621834 0.4000132 
Spol       0.4604255 0.3132636 0.4570325 0.3875431 0.4076459 0.4211588 0.3429148 0.1398308 0.0000000 0.3586881 0.4120123 0.3529319 0.3967129 
MJM1652    0.2937128 0.1328903 0.4149926 0.2204441 0.2382377 0.3136661 0.2758591 0.3314975 0.3586881 0.0000000 0.2388961 0.3242897 0.2315950 
NepSFB     0.3279206 0.2252376 0.4752528 0.2944746 0.0091163 0.3584056 0.2650369 0.4112257 0.4120123 0.2388961 0.0000000 0.2860487 0.2250051 
WPYJ       0.2488792 0.3442075 0.4000960 0.3767707 0.2946428 0.3083001 0.1846257 0.3621834 0.3529319 0.3242897 0.2860487 0.0000000 0.3066605 
MJM2940    0.2336111 0.2012692 0.4553896 0.2757234 0.2262009 0.3482769 0.2826185 0.4000132 0.3967129 0.2315950 0.2250051 0.3066605 0.0000000 
