13
DrolusSFB  0.0000000 0.2453303 0.3945934 0.2903903 0.1947650 0.3262746 0.2188864 0.3082510 0.3371858 0.2859734 0.2062012 0.2629916 0.1483383 
Dino       0.2453303 0.0000000 0.4010560 0.1776235 0.1796375 0.3365514 0.2208163 0.3115473 0.3613555 0.1312092 0.1906395 0.2668796 0.1912571 
MJM3360    0.3945934 0.4010560 0.0000000 0.4249658 0.3387275 0.2654801 0.2204698 0.4034996 0.4198361 0.4391040 0.3396520 0.2865291 0.3330904 
DrobinSFB  0.2903903 0.1776235 0.4249658 0.0000000 0.2394140 0.3642747 0.2489842 0.3506782 0.3823798 0.2166147 0.2433210 0.2788007 0.2301934 
Neam       0.1947650 0.1796375 0.3387275 0.2394140 0.0000000 0.2811783 0.1995818 0.2699957 0.3163887 0.2292380 0.0094300 0.2454789 0.1420587 
RuprSFB    0.3262746 0.3365514 0.2654801 0.3642747 0.2811783 0.0000000 0.2298054 0.3321145 0.3678022 0.3701482 0.2847005 0.2632497 0.2674324 
Retr       0.2188864 0.2208163 0.2204698 0.2489842 0.1995818 0.2298054 0.0000000 0.2425401 0.2662304 0.2588664 0.2014300 0.1157254 0.1850795 
Beta       0.3082510 0.3115473 0.4034996 0.3506782 0.2699957 0.3321145 0.2425401 0.0000000 0.1245506 0.3583371 0.2723040 0.2883345 0.2634045 
Spol       0.3371858 0.3613555 0.4198361 0.3823798 0.3163887 0.3678022 0.2662304 0.1245506 0.0000000 0.4068963 0.3179640 0.2946867 0.3055691 
MJM1652    0.2859734 0.1312092 0.4391040 0.2166147 0.2292380 0.3701482 0.2588664 0.3583371 0.4068963 0.0000000 0.2431275 0.2884183 0.2268807 
NepSFB     0.2062012 0.1906395 0.3396520 0.2433210 0.0094300 0.2847005 0.2014300 0.2723040 0.3179640 0.2431275 0.0000000 0.2449574 0.1520474 
WPYJ       0.2629916 0.2668796 0.2865291 0.2788007 0.2454789 0.2632497 0.1157254 0.2883345 0.2946867 0.2884183 0.2449574 0.0000000 0.2491824 
MJM2940    0.1483383 0.1912571 0.3330904 0.2301934 0.1420587 0.2674324 0.1850795 0.2634045 0.3055691 0.2268807 0.1520474 0.2491824 0.0000000 
