13
DrolusSFB  0.0000000 0.2877332 0.4366001 0.3210592 0.2332672 0.3638992 0.3473510 0.3866669 0.3653300 0.2829386 0.2452773 0.3587905 0.1851276 
Dino       0.2877332 0.0000000 0.3938453 0.2158486 0.2141408 0.3211378 0.3370008 0.3644475 0.3483989 0.1377035 0.2240382 0.3368687 0.2314156 
MJM3360    0.4366001 0.3938453 0.0000000 0.4205924 0.3656952 0.3260816 0.4181411 0.4620953 0.4557196 0.3974762 0.3774425 0.4367608 0.3807478 
DrobinSFB  0.3210592 0.2158486 0.4205924 0.0000000 0.2630954 0.3747742 0.3773045 0.4039349 0.4001681 0.2161190 0.2778917 0.3702903 0.2715411 
Neam       0.2332672 0.2141408 0.3656952 0.2630954 0.0000000 0.3037894 0.3185722 0.3129372 0.3013173 0.2284239 0.0134513 0.3363666 0.1847666 
RuprSFB    0.3638992 0.3211378 0.3260816 0.3747742 0.3037894 0.0000000 0.3429155 0.3916637 0.3892645 0.3237062 0.3131751 0.3930015 0.3088228 
Retr       0.3473510 0.3370008 0.4181411 0.3773045 0.3185722 0.3429155 0.0000000 0.3656573 0.3683850 0.3574646 0.3340028 0.1720843 0.3053618 
Beta       0.3866669 0.3644475 0.4620953 0.4039349 0.3129372 0.3916637 0.3656573 0.0000000 0.1214978 0.3699250 0.3196911 0.3936641 0.3094792 
Spol       0.3653300 0.3483989 0.4557196 0.4001681 0.3013173 0.3892645 0.3683850 0.1214978 0.0000000 0.3624824 0.3109039 0.3481109 0.3094848 
MJM1652    0.2829386 0.1377035 0.3974762 0.2161190 0.2284239 0.3237062 0.3574646 0.3699250 0.3624824 0.0000000 0.2419045 0.3743117 0.2398103 
NepSFB     0.2452773 0.2240382 0.3774425 0.2778917 0.0134513 0.3131751 0.3340028 0.3196911 0.3109039 0.2419045 0.0000000 0.3318216 0.1920183 
WPYJ       0.3587905 0.3368687 0.4367608 0.3702903 0.3363666 0.3930015 0.1720843 0.3936641 0.3481109 0.3743117 0.3318216 0.0000000 0.3201311 
MJM2940    0.1851276 0.2314156 0.3807478 0.2715411 0.1847666 0.3088228 0.3053618 0.3094792 0.3094848 0.2398103 0.1920183 0.3201311 0.0000000 
