13
DrolusSFB  0.0000000 0.2688581 0.4051110 0.3630526 0.2449645 0.3242428 0.3792387 0.4422061 0.4109759 0.3109877 0.2488186 0.3701262 0.1879347 
Dino       0.2688581 0.0000000 0.3557839 0.2499098 0.2376247 0.3682341 0.3592144 0.4630942 0.3944550 0.1442873 0.2398741 0.3313615 0.2447964 
MJM3360    0.4051110 0.3557839 0.0000000 0.5016765 0.3306725 0.3123161 0.4186125 0.4277032 0.3769337 0.4343454 0.3328951 0.3656095 0.3368169 
DrobinSFB  0.3630526 0.2499098 0.5016765 0.0000000 0.3369062 0.4357528 0.4331553 0.5178398 0.4651516 0.2569150 0.3355818 0.3593562 0.3068549 
Neam       0.2449645 0.2376247 0.3306725 0.3369062 0.0000000 0.2931665 0.2817866 0.3691134 0.3184461 0.2622955 0.0029812 0.2528822 0.1839231 
RuprSFB    0.3242428 0.3682341 0.3123161 0.4357528 0.2931665 0.0000000 0.3431480 0.4295833 0.3816039 0.3894594 0.2963849 0.3038423 0.3051513 
Retr       0.3792387 0.3592144 0.4186125 0.4331553 0.2817866 0.3431480 0.0000000 0.4257916 0.3664262 0.4189858 0.2828893 0.1651017 0.2834559 
Beta       0.4422061 0.4630942 0.4277032 0.5178398 0.3691134 0.4295833 0.4257916 0.0000000 0.1608313 0.4672688 0.3742711 0.3510976 0.3951711 
Spol       0.4109759 0.3944550 0.3769337 0.4651516 0.3184461 0.3816039 0.3664262 0.1608313 0.0000000 0.4179099 0.3230779 0.3333747 0.3401330 
MJM1652    0.3109877 0.1442873 0.4343454 0.2569150 0.2622955 0.3894594 0.4189858 0.4672688 0.4179099 0.0000000 0.2641245 0.3953984 0.2785558 
NepSFB     0.2488186 0.2398741 0.3328951 0.3355818 0.0029812 0.2963849 0.2828893 0.3742711 0.3230779 0.2641245 0.0000000 0.2562378 0.1853063 
WPYJ       0.3701262 0.3313615 0.3656095 0.3593562 0.2528822 0.3038423 0.1651017 0.3510976 0.3333747 0.3953984 0.2562378 0.0000000 0.2860625 
MJM2940    0.1879347 0.2447964 0.3368169 0.3068549 0.1839231 0.3051513 0.2834559 0.3951711 0.3401330 0.2785558 0.1853063 0.2860625 0.0000000 
