13
DrolusSFB  0.0000000 0.2431820 0.3422834 0.2735287 0.2755099 0.2584960 0.3750860 0.3854288 0.3855800 0.2764933 0.2693167 0.3686052 0.1477601 
Dino       0.2431820 0.0000000 0.3333375 0.1550281 0.1960286 0.2780882 0.2794306 0.3054547 0.3139624 0.1347451 0.1898489 0.2630341 0.1997155 
MJM3360    0.3422834 0.3333375 0.0000000 0.3727958 0.3091519 0.2854810 0.3430522 0.3669317 0.3514234 0.3622637 0.3085813 0.3158458 0.3148417 
DrobinSFB  0.2735287 0.1550281 0.3727958 0.0000000 0.2068529 0.3002843 0.3132033 0.3080823 0.3049265 0.1878037 0.2027729 0.3221489 0.2304138 
Neam       0.2755099 0.1960286 0.3091519 0.2068529 0.0000000 0.2584701 0.3567605 0.3469808 0.3432892 0.2168333 0.0127712 0.3510149 0.1649365 
RuprSFB    0.2584960 0.2780882 0.2854810 0.3002843 0.2584701 0.0000000 0.2784740 0.3078003 0.3000479 0.2854058 0.2484780 0.2641738 0.2345835 
Retr       0.3750860 0.2794306 0.3430522 0.3132033 0.3567605 0.2784740 0.0000000 0.3597223 0.3489022 0.2936550 0.3503217 0.1606320 0.2597862 
Beta       0.3854288 0.3054547 0.3669317 0.3080823 0.3469808 0.3078003 0.3597223 0.0000000 0.1251974 0.3103912 0.3443115 0.3870946 0.2741915 
Spol       0.3855800 0.3139624 0.3514234 0.3049265 0.3432892 0.3000479 0.3489022 0.1251974 0.0000000 0.3226514 0.3389328 0.3762542 0.3006554 
MJM1652    0.2764933 0.1347451 0.3622637 0.1878037 0.2168333 0.2854058 0.2936550 0.3103912 0.3226514 0.0000000 0.2113508 0.3108749 0.2367507 
NepSFB     0.2693167 0.1898489 0.3085813 0.2027729 0.0127712 0.2484780 0.3503217 0.3443115 0.3389328 0.2113508 0.0000000 0.3469812 0.1664969 
WPYJ       0.3686052 0.2630341 0.3158458 0.3221489 0.3510149 0.2641738 0.1606320 0.3870946 0.3762542 0.3108749 0.3469812 0.0000000 0.2623448 
MJM2940    0.1477601 0.1997155 0.3148417 0.2304138 0.1649365 0.2345835 0.2597862 0.2741915 0.3006554 0.2367507 0.1664969 0.2623448 0.0000000 
