13
DrolusSFB  0.0000000 0.3366803 0.2710021 0.3474805 0.2400877 0.3505226 0.2599037 0.3516106 0.3766595 0.3499790 0.2398946 0.2487740 0.1714096 
Dino       0.3366803 0.0000000 0.2986435 0.1606728 0.2462361 0.3760082 0.3368468 0.3974454 0.4162442 0.1377242 0.2475580 0.2783541 0.2775192 
MJM3360    0.2710021 0.2986435 0.0000000 0.3674302 0.2910344 0.2566093 0.3187791 0.3462666 0.3573172 0.3533466 0.2925819 0.2637824 0.2961584 
DrobinSFB  0.3474805 0.1606728 0.3674302 0.0000000 0.3119873 0.4110624 0.3790730 0.4697417 0.4854641 0.2104555 0.3161525 0.3017314 0.3303712 
Neam       0.2400877 0.2462361 0.2910344 0.3119873 0.0000000 0.2986668 0.2603584 0.3683951 0.3787026 0.3052863 0.0058334 0.2466174 0.2021242 
RuprSFB    0.3505226 0.3760082 0.2566093 0.4110624 0.2986668 0.0000000 0.3019902 0.3816780 0.3974700 0.3907513 0.2992073 0.2690187 0.3123143 
Retr       0.2599037 0.3368468 0.3187791 0.3790730 0.2603584 0.3019902 0.0000000 0.3696280 0.3751860 0.3524017 0.2643828 0.1537779 0.2877389 
Beta       0.3516106 0.3974454 0.3462666 0.4697417 0.3683951 0.3816780 0.3696280 0.0000000 0.1192000 0.4589596 0.3699244 0.2930286 0.3681968 
Spol       0.3766595 0.4162442 0.3573172 0.4854641 0.3787026 0.3974700 0.3751860 0.1192000 0.0000000 0.4651621 0.3793305 0.2937165 0.3812565 
MJM1652    0.3499790 0.1377242 0.3533466 0.2104555 0.3052863 0.3907513 0.3524017 0.4589596 0.4651621 0.0000000 0.3082751 0.3035364 0.3306101 
NepSFB     0.2398946 0.2475580 0.2925819 0.3161525 0.0058334 0.2992073 0.2643828 0.3699244 0.3793305 0.3082751 0.0000000 0.2475006 0.2036006 
WPYJ       0.2487740 0.2783541 0.2637824 0.3017314 0.2466174 0.2690187 0.1537779 0.2930286 0.2937165 0.3035364 0.2475006 0.0000000 0.2358399 
MJM2940    0.1714096 0.2775192 0.2961584 0.3303712 0.2021242 0.3123143 0.2877389 0.3681968 0.3812565 0.3306101 0.2036006 0.2358399 0.0000000 
