13
DrolusSFB  0.0000000 0.2872503 0.3900295 0.3346767 0.2433304 0.3366028 0.2631070 0.3876355 0.3876813 0.2948982 0.2456508 0.3566991 0.1711039 
Dino       0.2872503 0.0000000 0.3918384 0.1782223 0.2676163 0.3589753 0.3232027 0.3666138 0.3894252 0.1205320 0.2740339 0.4009174 0.2651824 
MJM3360    0.3900295 0.3918384 0.0000000 0.4730305 0.3679409 0.3379602 0.3515356 0.4533265 0.4985588 0.4299558 0.3713223 0.4459602 0.3551851 
DrobinSFB  0.3346767 0.1782223 0.4730305 0.0000000 0.3004100 0.3858787 0.3701458 0.4447182 0.4534252 0.1833099 0.3083702 0.4195178 0.3009650 
Neam       0.2433304 0.2676163 0.3679409 0.3004100 0.0000000 0.3055549 0.2523760 0.3814101 0.3681391 0.2604780 0.0147052 0.3933901 0.1993337 
RuprSFB    0.3366028 0.3589753 0.3379602 0.3858787 0.3055549 0.0000000 0.3132424 0.4115958 0.4225101 0.3549015 0.3039474 0.3733290 0.3037497 
Retr       0.2631070 0.3232027 0.3515356 0.3701458 0.2523760 0.3132424 0.0000000 0.3655710 0.3602111 0.3350749 0.2554050 0.1734454 0.2419606 
Beta       0.3876355 0.3666138 0.4533265 0.4447182 0.3814101 0.4115958 0.3655710 0.0000000 0.1528865 0.3846459 0.3806029 0.4123487 0.3386024 
Spol       0.3876813 0.3894252 0.4985588 0.4534252 0.3681391 0.4225101 0.3602111 0.1528865 0.0000000 0.4043277 0.3685625 0.4592756 0.3363719 
MJM1652    0.2948982 0.1205320 0.4299558 0.1833099 0.2604780 0.3549015 0.3350749 0.3846459 0.4043277 0.0000000 0.2699763 0.3895019 0.2561259 
NepSFB     0.2456508 0.2740339 0.3713223 0.3083702 0.0147052 0.3039474 0.2554050 0.3806029 0.3685625 0.2699763 0.0000000 0.3891872 0.1995084 
WPYJ       0.3566991 0.4009174 0.4459602 0.4195178 0.3933901 0.3733290 0.1734454 0.4123487 0.4592756 0.3895019 0.3891872 0.0000000 0.3095386 
MJM2940    0.1711039 0.2651824 0.3551851 0.3009650 0.1993337 0.3037497 0.2419606 0.3386024 0.3363719 0.2561259 0.1995084 0.3095386 0.0000000 
