13
DrolusSFB  0.0000000 0.3874923 0.5458757 0.4074477 0.2870688 0.4231950 0.3950895 0.4520543 0.4366197 0.4218527 0.2887812 0.4420675 0.1921197 
Dino       0.3874923 0.0000000 0.5401600 0.1811091 0.2805596 0.4235127 0.3942027 0.4786421 0.4873421 0.1628095 0.2832733 0.4486598 0.3107747 
MJM3360    0.5458757 0.5401600 0.0000000 0.5861050 0.4562463 0.3395223 0.4016331 0.5793980 0.5455057 0.5629792 0.4588943 0.4710639 0.4622265 
DrobinSFB  0.4074477 0.1811091 0.5861050 0.0000000 0.3171754 0.4585891 0.4243163 0.5070972 0.4973955 0.2438394 0.3293495 0.4796267 0.3426362 
Neam       0.2870688 0.2805596 0.4562463 0.3171754 0.0000000 0.3340641 0.3417988 0.3927632 0.3685252 0.3147180 0.0111450 0.3823316 0.2134382 
RuprSFB    0.4231950 0.4235127 0.3395223 0.4585891 0.3340641 0.0000000 0.3422115 0.4651467 0.4450696 0.4578291 0.3389733 0.4219718 0.3499029 
Retr       0.3950895 0.3942027 0.4016331 0.4243163 0.3417988 0.3422115 0.0000000 0.4247819 0.4281170 0.4003208 0.3470160 0.2359801 0.3197290 
Beta       0.4520543 0.4786421 0.5793980 0.5070972 0.3927632 0.4651467 0.4247819 0.0000000 0.1447872 0.5046354 0.4008012 0.4651865 0.4066683 
Spol       0.4366197 0.4873421 0.5455057 0.4973955 0.3685252 0.4450696 0.4281170 0.1447872 0.0000000 0.4770234 0.3761850 0.4635569 0.3868898 
MJM1652    0.4218527 0.1628095 0.5629792 0.2438394 0.3147180 0.4578291 0.4003208 0.5046354 0.4770234 0.0000000 0.3164413 0.5003897 0.3426082 
NepSFB     0.2887812 0.2832733 0.4588943 0.3293495 0.0111450 0.3389733 0.3470160 0.4008012 0.3761850 0.3164413 0.0000000 0.3896369 0.2129366 
WPYJ       0.4420675 0.4486598 0.4710639 0.4796267 0.3823316 0.4219718 0.2359801 0.4651865 0.4635569 0.5003897 0.3896369 0.0000000 0.3840402 
MJM2940    0.1921197 0.3107747 0.4622265 0.3426362 0.2134382 0.3499029 0.3197290 0.4066683 0.3868898 0.3426082 0.2129366 0.3840402 0.0000000 
