13
DrolusSFB  0.0000000 0.2635257 0.2864567 0.2992304 0.2171687 0.2408417 0.2753941 0.3111871 0.3130146 0.2968879 0.2264953 0.2925157 0.1494947 
Dino       0.2635257 0.0000000 0.3495858 0.1619048 0.1990606 0.2725285 0.3318411 0.3339969 0.3353126 0.1405902 0.2061392 0.3493754 0.2061040 
MJM3360    0.2864567 0.3495858 0.0000000 0.3931299 0.3189691 0.2294879 0.3104698 0.3444730 0.3451704 0.3473664 0.3260099 0.3209317 0.2916613 
DrobinSFB  0.2992304 0.1619048 0.3931299 0.0000000 0.2419740 0.3264245 0.3467658 0.3645187 0.3906906 0.1943494 0.2438161 0.3807100 0.2399744 
Neam       0.2171687 0.1990606 0.3189691 0.2419740 0.0000000 0.2320459 0.2237335 0.2815848 0.2832668 0.2492802 0.0118154 0.2769131 0.1738575 
RuprSFB    0.2408417 0.2725285 0.2294879 0.3264245 0.2320459 0.0000000 0.2514134 0.2768508 0.3007754 0.2880475 0.2437998 0.2635804 0.2130821 
Retr       0.2753941 0.3318411 0.3104698 0.3467658 0.2237335 0.2514134 0.0000000 0.3108796 0.3402161 0.3405336 0.2276133 0.1716849 0.2091236 
Beta       0.3111871 0.3339969 0.3444730 0.3645187 0.2815848 0.2768508 0.3108796 0.0000000 0.1090533 0.3367662 0.2910695 0.3531119 0.2512085 
Spol       0.3130146 0.3353126 0.3451704 0.3906906 0.2832668 0.3007754 0.3402161 0.1090533 0.0000000 0.3597013 0.2967956 0.3604220 0.2770547 
MJM1652    0.2968879 0.1405902 0.3473664 0.1943494 0.2492802 0.2880475 0.3405336 0.3367662 0.3597013 0.0000000 0.2505209 0.3594183 0.2341521 
NepSFB     0.2264953 0.2061392 0.3260099 0.2438161 0.0118154 0.2437998 0.2276133 0.2910695 0.2967956 0.2505209 0.0000000 0.2714226 0.1850667 
WPYJ       0.2925157 0.3493754 0.3209317 0.3807100 0.2769131 0.2635804 0.1716849 0.3531119 0.3604220 0.3594183 0.2714226 0.0000000 0.2573129 
MJM2940    0.1494947 0.2061040 0.2916613 0.2399744 0.1738575 0.2130821 0.2091236 0.2512085 0.2770547 0.2341521 0.1850667 0.2573129 0.0000000 
