13
DrolusSFB  0.0000000 0.3171308 0.3451705 0.3282496 0.2968364 0.3724479 0.3012504 0.3557709 0.3696602 0.3406048 0.2983104 0.3611853 0.2025021 
Dino       0.3171308 0.0000000 0.4026266 0.2619610 0.2518828 0.3631037 0.3370743 0.3892396 0.3720409 0.1779406 0.2510085 0.3932489 0.2452733 
MJM3360    0.3451705 0.4026266 0.0000000 0.4720808 0.3558934 0.2729155 0.3893935 0.4194597 0.3956097 0.4097395 0.3543904 0.4017368 0.3292811 
DrobinSFB  0.3282496 0.2619610 0.4720808 0.0000000 0.3188056 0.3845596 0.3872445 0.4575487 0.4667856 0.3167994 0.3108591 0.4151476 0.3054065 
Neam       0.2968364 0.2518828 0.3558934 0.3188056 0.0000000 0.3477050 0.3049227 0.3676954 0.3447219 0.2963000 0.0069605 0.3706362 0.1934678 
RuprSFB    0.3724479 0.3631037 0.2729155 0.3845596 0.3477050 0.0000000 0.3345563 0.3748616 0.3855755 0.4107737 0.3406884 0.4255048 0.3271253 
Retr       0.3012504 0.3370743 0.3893935 0.3872445 0.3049227 0.3345563 0.0000000 0.3808964 0.4224471 0.3880773 0.3000431 0.2334620 0.2721256 
Beta       0.3557709 0.3892396 0.4194597 0.4575487 0.3676954 0.3748616 0.3808964 0.0000000 0.1555850 0.4732355 0.3701157 0.4663218 0.3565171 
Spol       0.3696602 0.3720409 0.3956097 0.4667856 0.3447219 0.3855755 0.4224471 0.1555850 0.0000000 0.4585696 0.3354013 0.4375622 0.3217871 
MJM1652    0.3406048 0.1779406 0.4097395 0.3167994 0.2963000 0.4107737 0.3880773 0.4732355 0.4585696 0.0000000 0.2936998 0.4394702 0.2981215 
NepSFB     0.2983104 0.2510085 0.3543904 0.3108591 0.0069605 0.3406884 0.3000431 0.3701157 0.3354013 0.2936998 0.0000000 0.3659454 0.1982577 
WPYJ       0.3611853 0.3932489 0.4017368 0.4151476 0.3706362 0.4255048 0.2334620 0.4663218 0.4375622 0.4394702 0.3659454 0.0000000 0.3348756 
MJM2940    0.2025021 0.2452733 0.3292811 0.3054065 0.1934678 0.3271253 0.2721256 0.3565171 0.3217871 0.2981215 0.1982577 0.3348756 0.0000000 
