13
DrolusSFB  0.0000000 0.3213567 0.3369008 0.3718767 0.2692154 0.3286538 0.3452293 0.4259367 0.4002910 0.3305266 0.2699155 0.3221884 0.1894586 
Dino       0.3213567 0.0000000 0.3720064 0.1928985 0.2884076 0.3378818 0.3499521 0.3939174 0.4197764 0.1408915 0.2865966 0.2944705 0.2783832 
MJM3360    0.3369008 0.3720064 0.0000000 0.4274735 0.3272372 0.2718935 0.3228054 0.3684113 0.4036776 0.3983138 0.3192715 0.2940112 0.3427351 
DrobinSFB  0.3718767 0.1928985 0.4274735 0.0000000 0.3275003 0.3807759 0.3897030 0.4004724 0.4086105 0.2389309 0.3265122 0.3208898 0.3072035 
Neam       0.2692154 0.2884076 0.3272372 0.3275003 0.0000000 0.2954902 0.3333468 0.4057619 0.3968557 0.3119759 0.0117480 0.2637017 0.2268675 
RuprSFB    0.3286538 0.3378818 0.2718935 0.3807759 0.2954902 0.0000000 0.3314926 0.3807952 0.3988206 0.3706186 0.2885134 0.3096495 0.2932379 
Retr       0.3452293 0.3499521 0.3228054 0.3897030 0.3333468 0.3314926 0.0000000 0.3771233 0.3804060 0.3858987 0.3320177 0.1381708 0.3031272 
Beta       0.4259367 0.3939174 0.3684113 0.4004724 0.4057619 0.3807952 0.3771233 0.0000000 0.1310487 0.4137773 0.4074467 0.3610034 0.3946748 
Spol       0.4002910 0.4197764 0.4036776 0.4086105 0.3968557 0.3988206 0.3804060 0.1310487 0.0000000 0.4381977 0.3942924 0.3806593 0.3839511 
MJM1652    0.3305266 0.1408915 0.3983138 0.2389309 0.3119759 0.3706186 0.3858987 0.4137773 0.4381977 0.0000000 0.3125811 0.3037658 0.2953083 
NepSFB     0.2699155 0.2865966 0.3192715 0.3265122 0.0117480 0.2885134 0.3320177 0.4074467 0.3942924 0.3125811 0.0000000 0.2597102 0.2272092 
WPYJ       0.3221884 0.2944705 0.2940112 0.3208898 0.2637017 0.3096495 0.1381708 0.3610034 0.3806593 0.3037658 0.2597102 0.0000000 0.2881461 
MJM2940    0.1894586 0.2783832 0.3427351 0.3072035 0.2268675 0.2932379 0.3031272 0.3946748 0.3839511 0.2953083 0.2272092 0.2881461 0.0000000 
