13
DrolusSFB  0.0000000 0.4623159 0.3562624 0.3928162 0.3754282 0.3496002 0.4535249 0.4815464 0.4941166 0.4547297 0.3717510 0.3436465 0.2275519 
Dino       0.4623159 0.0000000 0.3489383 0.2468218 0.4135170 0.3762668 0.4919684 0.5165300 0.5049582 0.2012899 0.4100578 0.3446592 0.3542036 
MJM3360    0.3562624 0.3489383 0.0000000 0.3669931 0.3435037 0.2548896 0.3545807 0.3707144 0.3334080 0.3320077 0.3396178 0.3601971 0.3063921 
DrobinSFB  0.3928162 0.2468218 0.3669931 0.0000000 0.3596263 0.3764270 0.3960335 0.3969195 0.3644697 0.2442728 0.3561507 0.4108417 0.3211887 
Neam       0.3754282 0.4135170 0.3435037 0.3596263 0.0000000 0.3373541 0.4073407 0.4808243 0.4471880 0.4340872 0.0117341 0.3144521 0.2744395 
RuprSFB    0.3496002 0.3762668 0.2548896 0.3764270 0.3373541 0.0000000 0.3349094 0.3861826 0.3691587 0.4212804 0.3377400 0.3505440 0.3182175 
Retr       0.4535249 0.4919684 0.3545807 0.3960335 0.4073407 0.3349094 0.0000000 0.4850484 0.4505468 0.5280926 0.4107462 0.1532963 0.3776477 
Beta       0.4815464 0.5165300 0.3707144 0.3969195 0.4808243 0.3861826 0.4850484 0.0000000 0.1684288 0.5503958 0.4874857 0.3956724 0.4299989 
Spol       0.4941166 0.5049582 0.3334080 0.3644697 0.4471880 0.3691587 0.4505468 0.1684288 0.0000000 0.5475191 0.4551125 0.3578324 0.4281452 
MJM1652    0.4547297 0.2012899 0.3320077 0.2442728 0.4340872 0.4212804 0.5280926 0.5503958 0.5475191 0.0000000 0.4296659 0.3687700 0.3989596 
NepSFB     0.3717510 0.4100578 0.3396178 0.3561507 0.0117341 0.3377400 0.4107462 0.4874857 0.4551125 0.4296659 0.0000000 0.3198377 0.2810153 
WPYJ       0.3436465 0.3446592 0.3601971 0.4108417 0.3144521 0.3505440 0.1532963 0.3956724 0.3578324 0.3687700 0.3198377 0.0000000 0.3074523 
MJM2940    0.2275519 0.3542036 0.3063921 0.3211887 0.2744395 0.3182175 0.3776477 0.4299989 0.4281452 0.3989596 0.2810153 0.3074523 0.0000000 
