13
DrolusSFB  0.0000000 0.2262282 0.3284476 0.2782896 0.1850964 0.3025998 0.3618076 0.4020654 0.3638759 0.2259263 0.1896407 0.3176739 0.1501435 
Dino       0.2262282 0.0000000 0.3372152 0.1496485 0.2002101 0.3037852 0.3499711 0.3852114 0.3632812 0.1195670 0.2038971 0.3231120 0.1985148 
MJM3360    0.3284476 0.3372152 0.0000000 0.4006203 0.2725687 0.2773550 0.5326999 0.4540362 0.4131840 0.3288335 0.2797831 0.3994353 0.3169163 
DrobinSFB  0.2782896 0.1496485 0.4006203 0.0000000 0.2625401 0.3587102 0.4323562 0.4270725 0.4156252 0.1808091 0.2644306 0.3737498 0.2488898 
Neam       0.1850964 0.2002101 0.2725687 0.2625401 0.0000000 0.2641917 0.3165850 0.3801048 0.3402216 0.2329266 0.0100414 0.2950638 0.1723799 
RuprSFB    0.3025998 0.3037852 0.2773550 0.3587102 0.2641917 0.0000000 0.5000394 0.4497998 0.4112657 0.3089916 0.2643689 0.4045137 0.2832990 
Retr       0.3618076 0.3499711 0.5326999 0.4323562 0.3165850 0.5000394 0.0000000 0.5657554 0.6078392 0.3843117 0.3173189 0.1693118 0.3134297 
Beta       0.4020654 0.3852114 0.4540362 0.4270725 0.3801048 0.4497998 0.5657554 0.0000000 0.1570060 0.3872647 0.3877494 0.4807836 0.3647802 
Spol       0.3638759 0.3632812 0.4131840 0.4156252 0.3402216 0.4112657 0.6078392 0.1570060 0.0000000 0.3979279 0.3439828 0.4803800 0.3503558 
MJM1652    0.2259263 0.1195670 0.3288335 0.1808091 0.2329266 0.3089916 0.3843117 0.3872647 0.3979279 0.0000000 0.2370010 0.3288331 0.2141176 
NepSFB     0.1896407 0.2038971 0.2797831 0.2644306 0.0100414 0.2643689 0.3173189 0.3877494 0.3439828 0.2370010 0.0000000 0.2945655 0.1732814 
WPYJ       0.3176739 0.3231120 0.3994353 0.3737498 0.2950638 0.4045137 0.1693118 0.4807836 0.4803800 0.3288331 0.2945655 0.0000000 0.3010189 
MJM2940    0.1501435 0.1985148 0.3169163 0.2488898 0.1723799 0.2832990 0.3134297 0.3647802 0.3503558 0.2141176 0.1732814 0.3010189 0.0000000 
