13
DrolusSFB  0.0000000 0.3303409 0.3995857 0.3709464 0.3021751 0.3737062 0.3730237 0.4113322 0.3940955 0.3705959 0.3103786 0.3339654 0.2140235 
Dino       0.3303409 0.0000000 0.3762344 0.2051531 0.3195163 0.4007181 0.3825186 0.3906887 0.4126396 0.1771194 0.3177031 0.3393990 0.2640057 
MJM3360    0.3995857 0.3762344 0.0000000 0.4259470 0.3377741 0.3624066 0.4102623 0.4025169 0.4124938 0.4567390 0.3356553 0.3362849 0.3175108 
DrobinSFB  0.3709464 0.2051531 0.4259470 0.0000000 0.3309463 0.4481001 0.4206762 0.4137099 0.4449499 0.2666380 0.3247104 0.4051780 0.2992393 
Neam       0.3021751 0.3195163 0.3377741 0.3309463 0.0000000 0.3527736 0.3361508 0.3938810 0.3751734 0.3751144 0.0062964 0.3078967 0.2254247 
RuprSFB    0.3737062 0.4007181 0.3624066 0.4481001 0.3527736 0.0000000 0.3940257 0.3782171 0.3887302 0.4287479 0.3591135 0.3342479 0.3148107 
Retr       0.3730237 0.3825186 0.4102623 0.4206762 0.3361508 0.3940257 0.0000000 0.3959991 0.3855058 0.4725660 0.3366160 0.1824477 0.2795856 
Beta       0.4113322 0.3906887 0.4025169 0.4137099 0.3938810 0.3782171 0.3959991 0.0000000 0.1414541 0.4549522 0.4007403 0.3292903 0.3360114 
Spol       0.3940955 0.4126396 0.4124938 0.4449499 0.3751734 0.3887302 0.3855058 0.1414541 0.0000000 0.4574251 0.3816815 0.3356907 0.3351422 
MJM1652    0.3705959 0.1771194 0.4567390 0.2666380 0.3751144 0.4287479 0.4725660 0.4549522 0.4574251 0.0000000 0.3731882 0.3426675 0.3343640 
NepSFB     0.3103786 0.3177031 0.3356553 0.3247104 0.0062964 0.3591135 0.3366160 0.4007403 0.3816815 0.3731882 0.0000000 0.3079185 0.2269360 
WPYJ       0.3339654 0.3393990 0.3362849 0.4051780 0.3078967 0.3342479 0.1824477 0.3292903 0.3356907 0.3426675 0.3079185 0.0000000 0.2720022 
MJM2940    0.2140235 0.2640057 0.3175108 0.2992393 0.2254247 0.3148107 0.2795856 0.3360114 0.3351422 0.3343640 0.2269360 0.2720022 0.0000000 
