13
DrolusSFB  0.0000000 0.3196076 0.3995779 0.4157809 0.2621775 0.3191447 0.4174379 0.4078213 0.4716530 0.3261600 0.2591403 0.4793921 0.2084113 
Dino       0.3196076 0.0000000 0.3836382 0.2678889 0.2696833 0.3369637 0.3837599 0.4446493 0.4923061 0.1658346 0.2733079 0.5238722 0.2790691 
MJM3360    0.3995779 0.3836382 0.0000000 0.5109861 0.3537842 0.2779809 0.4688406 0.4433348 0.4960201 0.4242699 0.3552517 0.5422332 0.3864979 
DrobinSFB  0.4157809 0.2678889 0.5109861 0.0000000 0.3709285 0.4261748 0.5343856 0.5416267 0.5880695 0.3000853 0.3725427 0.6011294 0.3836176 
Neam       0.2621775 0.2696833 0.3537842 0.3709285 0.0000000 0.2563019 0.3691557 0.3859975 0.4470275 0.3107426 0.0086340 0.4852846 0.1928711 
RuprSFB    0.3191447 0.3369637 0.2779809 0.4261748 0.2563019 0.0000000 0.3804590 0.3894463 0.4331408 0.3711636 0.2583289 0.4531819 0.2863183 
Retr       0.4174379 0.3837599 0.4688406 0.5343856 0.3691557 0.3804590 0.0000000 0.5011773 0.5499915 0.4264889 0.3654410 0.2731772 0.4106575 
Beta       0.4078213 0.4446493 0.4433348 0.5416267 0.3859975 0.3894463 0.5011773 0.0000000 0.1842540 0.4925247 0.3836999 0.6288255 0.4083817 
Spol       0.4716530 0.4923061 0.4960201 0.5880695 0.4470275 0.4331408 0.5499915 0.1842540 0.0000000 0.5558292 0.4458167 0.6562314 0.4610035 
MJM1652    0.3261600 0.1658346 0.4242699 0.3000853 0.3107426 0.3711636 0.4264889 0.4925247 0.5558292 0.0000000 0.3134420 0.5452465 0.3110144 
NepSFB     0.2591403 0.2733079 0.3552517 0.3725427 0.0086340 0.2583289 0.3654410 0.3836999 0.4458167 0.3134420 0.0000000 0.4878415 0.1967370 
WPYJ       0.4793921 0.5238722 0.5422332 0.6011294 0.4852846 0.4531819 0.2731772 0.6288255 0.6562314 0.5452465 0.4878415 0.0000000 0.4729441 
MJM2940    0.2084113 0.2790691 0.3864979 0.3836176 0.1928711 0.2863183 0.4106575 0.4083817 0.4610035 0.3110144 0.1967370 0.4729441 0.0000000 
