13
DrolusSFB  0.0000000 0.3292156 0.3739450 0.3786163 0.2869527 0.3957710 0.3511266 0.3991546 0.4081264 0.3668513 0.2883815 0.3659356 0.2212649 
Dino       0.3292156 0.0000000 0.3721152 0.2256023 0.2919419 0.3524862 0.3727599 0.3807480 0.3867389 0.1841197 0.2949456 0.3758721 0.3074493 
MJM3360    0.3739450 0.3721152 0.0000000 0.3762350 0.3490595 0.2737696 0.3202486 0.3682647 0.3836181 0.3836966 0.3483964 0.3975755 0.3689833 
DrobinSFB  0.3786163 0.2256023 0.3762350 0.0000000 0.3291967 0.4468898 0.4054259 0.4604665 0.4363201 0.3106920 0.3351484 0.4432775 0.3956955 
Neam       0.2869527 0.2919419 0.3490595 0.3291967 0.0000000 0.3432123 0.3161966 0.3595956 0.3816712 0.3615074 0.0160463 0.3253079 0.3166015 
RuprSFB    0.3957710 0.3524862 0.2737696 0.4468898 0.3432123 0.0000000 0.3584352 0.3955965 0.3971306 0.4167133 0.3432212 0.3653046 0.3805299 
Retr       0.3511266 0.3727599 0.3202486 0.4054259 0.3161966 0.3584352 0.0000000 0.3460393 0.3673993 0.3889598 0.3226543 0.1830243 0.3320489 
Beta       0.3991546 0.3807480 0.3682647 0.4604665 0.3595956 0.3955965 0.3460393 0.0000000 0.1372050 0.4224384 0.3529054 0.3790159 0.4621475 
Spol       0.4081264 0.3867389 0.3836181 0.4363201 0.3816712 0.3971306 0.3673993 0.1372050 0.0000000 0.4352368 0.3709653 0.3806589 0.4466204 
MJM1652    0.3668513 0.1841197 0.3836966 0.3106920 0.3615074 0.4167133 0.3889598 0.4224384 0.4352368 0.0000000 0.3632831 0.4212139 0.3847513 
NepSFB     0.2883815 0.2949456 0.3483964 0.3351484 0.0160463 0.3432212 0.3226543 0.3529054 0.3709653 0.3632831 0.0000000 0.3341485 0.3306668 
WPYJ       0.3659356 0.3758721 0.3975755 0.4432775 0.3253079 0.3653046 0.1830243 0.3790159 0.3806589 0.4212139 0.3341485 0.0000000 0.3329878 
MJM2940    0.2212649 0.3074493 0.3689833 0.3956955 0.3166015 0.3805299 0.3320489 0.4621475 0.4466204 0.3847513 0.3306668 0.3329878 0.0000000 
