13
DrolusSFB  0.0000000 0.3245346 0.3456786 0.3543455 0.2987366 0.5919088 0.6665132 0.3422562 0.3406475 0.2854510 0.3031357 0.3576332 0.1957534 
Dino       0.3245346 0.0000000 0.3222835 0.2269609 0.3080041 0.5676703 0.6861025 0.3199909 0.3086330 0.1699321 0.3130400 0.4154323 0.2685225 
MJM3360    0.3456786 0.3222835 0.0000000 0.3319924 0.2959244 0.2706610 1.1667758 0.3326583 0.3515392 0.3380503 0.3032602 0.3544259 0.2672205 
DrobinSFB  0.3543455 0.2269609 0.3319924 0.0000000 0.3422884 0.6081277 0.6946563 0.3090860 0.2991718 0.1996264 0.3523526 0.4313946 0.2897501 
Neam       0.2987366 0.3080041 0.2959244 0.3422884 0.0000000 0.5474302 0.5956536 0.3096648 0.3315070 0.2797633 0.0150845 0.3462534 0.2387339 
RuprSFB    0.5919088 0.5676703 0.2706610 0.6081277 0.5474302 0.0000000 0.7510899 0.6102462 0.5668610 0.3986276 0.5531746 0.5354186 0.4976641 
Retr       0.6665132 0.6861025 1.1667758 0.6946563 0.5956536 0.7510899 0.0000000 0.6717116 0.6129002 1.2501943 0.5971908 0.4039393 0.6617175 
Beta       0.3422562 0.3199909 0.3326583 0.3090860 0.3096648 0.6102462 0.6717116 0.0000000 0.1172712 0.2935997 0.3226202 0.3757501 0.2662666 
Spol       0.3406475 0.3086330 0.3515392 0.2991718 0.3315070 0.5668610 0.6129002 0.1172712 0.0000000 0.2786531 0.3358840 0.3851401 0.2872619 
MJM1652    0.2854510 0.1699321 0.3380503 0.1996264 0.2797633 0.3986276 1.2501943 0.2935997 0.2786531 0.0000000 0.2779329 0.3414216 0.2373835 
NepSFB     0.3031357 0.3130400 0.3032602 0.3523526 0.0150845 0.5531746 0.5971908 0.3226202 0.3358840 0.2779329 0.0000000 0.3497016 0.2401850 
WPYJ       0.3576332 0.4154323 0.3544259 0.4313946 0.3462534 0.5354186 0.4039393 0.3757501 0.3851401 0.3414216 0.3497016 0.0000000 0.3285429 
MJM2940    0.1957534 0.2685225 0.2672205 0.2897501 0.2387339 0.4976641 0.6617175 0.2662666 0.2872619 0.2373835 0.2401850 0.3285429 0.0000000 
