13
DrolusSFB  0.0000000 0.3324950 0.4409647 0.4130850 0.3930704 0.4534980 0.4831329 0.4555425 0.4634739 0.3817027 0.4053793 0.5028581 0.2154160 
Dino       0.3324950 0.0000000 0.4939313 0.2991289 0.3906356 0.4369160 0.4512691 0.4482450 0.4699023 0.1837321 0.4251718 0.4821361 0.2899522 
MJM3360    0.4409647 0.4939313 0.0000000 0.6155432 0.5022477 0.4319058 0.5149324 0.5717379 0.5880824 0.5356005 0.5995629 0.5029389 0.4469525 
DrobinSFB  0.4130850 0.2991289 0.6155432 0.0000000 0.4766888 0.5092590 0.4722206 0.5637707 0.5814456 0.3349664 0.4958333 0.4428904 0.3738851 
Neam       0.3930704 0.3906356 0.5022477 0.4766888 0.0000000 0.4817743 0.6102219 0.4973782 0.5489954 0.4631780 0.0402016 0.5448995 0.3372027 
RuprSFB    0.4534980 0.4369160 0.4319058 0.5092590 0.4817743 0.0000000 0.4689041 0.4862441 0.5041806 0.5048756 0.5243244 0.4843775 0.3769516 
Retr       0.4831329 0.4512691 0.5149324 0.4722206 0.6102219 0.4689041 0.0000000 0.4489683 0.5145929 0.5059806 0.6253618 0.2837669 0.4324130 
Beta       0.4555425 0.4482450 0.5717379 0.5637707 0.4973782 0.4862441 0.4489683 0.0000000 0.1482078 0.4841839 0.5236474 0.4963010 0.4229745 
Spol       0.4634739 0.4699023 0.5880824 0.5814456 0.5489954 0.5041806 0.5145929 0.1482078 0.0000000 0.5067137 0.5753030 0.4793118 0.4330434 
MJM1652    0.3817027 0.1837321 0.5356005 0.3349664 0.4631780 0.5048756 0.5059806 0.4841839 0.5067137 0.0000000 0.4978529 0.5414578 0.3426210 
NepSFB     0.4053793 0.4251718 0.5995629 0.4958333 0.0402016 0.5243244 0.6253618 0.5236474 0.5753030 0.4978529 0.0000000 0.5687168 0.3846760 
WPYJ       0.5028581 0.4821361 0.5029389 0.4428904 0.5448995 0.4843775 0.2837669 0.4963010 0.4793118 0.5414578 0.5687168 0.0000000 0.4352769 
MJM2940    0.2154160 0.2899522 0.4469525 0.3738851 0.3372027 0.3769516 0.4324130 0.4229745 0.4330434 0.3426210 0.3846760 0.4352769 0.0000000 
