13
DrolusSFB  0.0000000 0.1967443 0.3196307 0.2096450 0.1862303 0.2869501 0.2786319 0.3610304 0.3503042 0.2079724 0.1798096 0.2924922 0.1373091 
Dino       0.1967443 0.0000000 0.2547904 0.1258934 0.1796178 0.2565831 0.2564815 0.3055854 0.3288591 0.1349064 0.1715780 0.2862183 0.1616076 
MJM3360    0.3196307 0.2547904 0.0000000 0.2975121 0.2783892 0.2459048 0.3285613 0.3472879 0.3452648 0.2755941 0.2845898 0.3272627 0.2569494 
DrobinSFB  0.2096450 0.1258934 0.2975121 0.0000000 0.2088605 0.2939974 0.2984433 0.3024187 0.3372780 0.1703285 0.2012589 0.3379589 0.1968025 
Neam       0.1862303 0.1796178 0.2783892 0.2088605 0.0000000 0.2630186 0.2800816 0.2985074 0.3036894 0.1897053 0.0071830 0.3139717 0.1431467 
RuprSFB    0.2869501 0.2565831 0.2459048 0.2939974 0.2630186 0.0000000 0.3283761 0.3559065 0.3678121 0.2991270 0.2556412 0.3159040 0.2462165 
Retr       0.2786319 0.2564815 0.3285613 0.2984433 0.2800816 0.3283761 0.0000000 0.3176716 0.3019665 0.2795517 0.2797846 0.1893145 0.2515665 
Beta       0.3610304 0.3055854 0.3472879 0.3024187 0.2985074 0.3559065 0.3176716 0.0000000 0.1317151 0.3126909 0.2996085 0.3335215 0.2966443 
Spol       0.3503042 0.3288591 0.3452648 0.3372780 0.3036894 0.3678121 0.3019665 0.1317151 0.0000000 0.3316161 0.3068550 0.3131408 0.3227622 
MJM1652    0.2079724 0.1349064 0.2755941 0.1703285 0.1897053 0.2991270 0.2795517 0.3126909 0.3316161 0.0000000 0.1837809 0.3335037 0.1715314 
NepSFB     0.1798096 0.1715780 0.2845898 0.2012589 0.0071830 0.2556412 0.2797846 0.2996085 0.3068550 0.1837809 0.0000000 0.2962912 0.1455158 
WPYJ       0.2924922 0.2862183 0.3272627 0.3379589 0.3139717 0.3159040 0.1893145 0.3335215 0.3131408 0.3335037 0.2962912 0.0000000 0.2608126 
MJM2940    0.1373091 0.1616076 0.2569494 0.1968025 0.1431467 0.2462165 0.2515665 0.2966443 0.3227622 0.1715314 0.1455158 0.2608126 0.0000000 
