13
DrolusSFB  0.0000000 0.2894643 0.3306886 0.3064264 0.2193395 0.2975567 0.3032830 0.2876977 0.3184548 0.3264670 0.2256539 0.3663731 0.1738807 
Dino       0.2894643 0.0000000 0.3192542 0.2054952 0.2336337 0.3087653 0.3276100 0.2818510 0.3062728 0.1577224 0.2457661 0.3787529 0.2607058 
MJM3360    0.3306886 0.3192542 0.0000000 0.3529770 0.3054420 0.2611618 0.3527975 0.3336668 0.3572645 0.3825020 0.3099169 0.3840283 0.2964221 
DrobinSFB  0.3064264 0.2054952 0.3529770 0.0000000 0.2577695 0.3189458 0.3253566 0.3085292 0.3342205 0.2567208 0.2745276 0.3660879 0.2793904 
Neam       0.2193395 0.2336337 0.3054420 0.2577695 0.0000000 0.2589551 0.2736540 0.2766429 0.2985384 0.2607764 0.0534451 0.3346789 0.1772683 
RuprSFB    0.2975567 0.3087653 0.2611618 0.3189458 0.2589551 0.0000000 0.3181895 0.2998088 0.3239686 0.3402961 0.2607307 0.3581601 0.2576690 
Retr       0.3032830 0.3276100 0.3527975 0.3253566 0.2736540 0.3181895 0.0000000 0.3084732 0.3217989 0.3673049 0.2859210 0.1889522 0.2595567 
Beta       0.2876977 0.2818510 0.3336668 0.3085292 0.2766429 0.2998088 0.3084732 0.0000000 0.1189505 0.3337333 0.2798738 0.3671864 0.2588356 
Spol       0.3184548 0.3062728 0.3572645 0.3342205 0.2985384 0.3239686 0.3217989 0.1189505 0.0000000 0.3503857 0.3050955 0.3883840 0.2975435 
MJM1652    0.3264670 0.1577224 0.3825020 0.2567208 0.2607764 0.3402961 0.3673049 0.3337333 0.3503857 0.0000000 0.2737320 0.4071058 0.2946433 
NepSFB     0.2256539 0.2457661 0.3099169 0.2745276 0.0534451 0.2607307 0.2859210 0.2798738 0.3050955 0.2737320 0.0000000 0.3479516 0.1831053 
WPYJ       0.3663731 0.3787529 0.3840283 0.3660879 0.3346789 0.3581601 0.1889522 0.3671864 0.3883840 0.4071058 0.3479516 0.0000000 0.3326333 
MJM2940    0.1738807 0.2607058 0.2964221 0.2793904 0.1772683 0.2576690 0.2595567 0.2588356 0.2975435 0.2946433 0.1831053 0.3326333 0.0000000 
