13
DrolusSFB  0.0000000 0.2396700 0.3512734 0.2569653 0.2262649 0.2470710 0.2949117 0.3687810 0.3717674 0.2099272 0.2262435 0.3475096 0.1594896 
Dino       0.2396700 0.0000000 0.3125241 0.1639007 0.1904286 0.1846972 0.2258325 0.3052527 0.3233381 0.1214586 0.1904120 0.2778215 0.2203696 
MJM3360    0.3512734 0.3125241 0.0000000 0.2989287 0.3135926 0.2231667 0.3160512 0.3276415 0.3587352 0.3013348 0.3135603 0.3153491 0.3081681 
DrobinSFB  0.2569653 0.1639007 0.2989287 0.0000000 0.2314547 0.2168757 0.2905953 0.3502469 0.3903367 0.2013758 0.2314328 0.3203351 0.2228397 
Neam       0.2262649 0.1904286 0.3135926 0.2314547 0.0000000 0.2126894 0.2342282 0.2906252 0.3155363 0.2283130 0.0042623 0.2936611 0.2203272 
RuprSFB    0.2470710 0.1846972 0.2231667 0.2168757 0.2126894 0.0000000 0.2083958 0.2443055 0.2598463 0.1975606 0.2126697 0.2494797 0.2219577 
Retr       0.2949117 0.2258325 0.3160512 0.2905953 0.2342282 0.2083958 0.0000000 0.3087760 0.3323969 0.2514634 0.2417956 0.1771947 0.2713427 
Beta       0.3687810 0.3052527 0.3276415 0.3502469 0.2906252 0.2443055 0.3087760 0.0000000 0.1697649 0.3057146 0.2988220 0.3557416 0.3631423 
Spol       0.3717674 0.3233381 0.3587352 0.3903367 0.3155363 0.2598463 0.3323969 0.1697649 0.0000000 0.3096186 0.3241307 0.3904960 0.3450214 
MJM1652    0.2099272 0.1214586 0.3013348 0.2013758 0.2283130 0.1975606 0.2514634 0.3057146 0.3096186 0.0000000 0.2282918 0.2838944 0.2385235 
NepSFB     0.2262435 0.1904120 0.3135603 0.2314328 0.0042623 0.2126697 0.2417956 0.2988220 0.3241307 0.2282918 0.0000000 0.2936287 0.2203063 
WPYJ       0.3475096 0.2778215 0.3153491 0.3203351 0.2936611 0.2494797 0.1771947 0.3557416 0.3904960 0.2838944 0.2936287 0.0000000 0.3329288 
MJM2940    0.1594896 0.2203696 0.3081681 0.2228397 0.2203272 0.2219577 0.2713427 0.3631423 0.3450214 0.2385235 0.2203063 0.3329288 0.0000000 
