13
DrolusSFB  0.0000000 0.3096090 0.3477209 0.3401453 0.2576358 0.3209974 0.3462453 0.3855479 0.3660245 0.3227271 0.2548526 0.6239730 0.1839960 
Dino       0.3096090 0.0000000 0.3790824 0.2462430 0.2727670 0.3665379 0.4539999 0.4461632 0.4250271 0.1542975 0.2652071 0.7243025 0.2785331 
MJM3360    0.3477209 0.3790824 0.0000000 0.3688466 0.3248726 0.2774559 0.4259238 0.4164361 0.3729916 0.3632827 0.3180412 0.7866642 0.3017864 
DrobinSFB  0.3401453 0.2462430 0.3688466 0.0000000 0.3125441 0.3296956 0.4338252 0.4139392 0.4132601 0.2639210 0.3080655 0.7870092 0.2926823 
Neam       0.2576358 0.2727670 0.3248726 0.3125441 0.0000000 0.3113504 0.3207354 0.3646525 0.3522704 0.2961490 0.0162135 0.5886987 0.1890912 
RuprSFB    0.3209974 0.3665379 0.2774559 0.3296956 0.3113504 0.0000000 0.4368935 0.4214102 0.3734022 0.3419949 0.3126519 0.7823909 0.2859839 
Retr       0.3462453 0.4539999 0.4259238 0.4338252 0.3207354 0.4368935 0.0000000 0.4217945 0.5075092 0.4202049 0.3192237 0.5287527 0.3166746 
Beta       0.3855479 0.4461632 0.4164361 0.4139392 0.3646525 0.4214102 0.4217945 0.0000000 0.1349507 0.4364238 0.3708600 1.2660933 0.3526463 
Spol       0.3660245 0.4250271 0.3729916 0.4132601 0.3522704 0.3734022 0.5075092 0.1349507 0.0000000 0.4306588 0.3545166 0.7558938 0.3343132 
MJM1652    0.3227271 0.1542975 0.3632827 0.2639210 0.2961490 0.3419949 0.4202049 0.4364238 0.4306588 0.0000000 0.2907956 0.7207513 0.2924330 
NepSFB     0.2548526 0.2652071 0.3180412 0.3080655 0.0162135 0.3126519 0.3192237 0.3708600 0.3545166 0.2907956 0.0000000 0.5937934 0.1913547 
WPYJ       0.6239730 0.7243025 0.7866642 0.7870092 0.5886987 0.7823909 0.5287527 1.2660933 0.7558938 0.7207513 0.5937934 0.0000000 0.6176758 
MJM2940    0.1839960 0.2785331 0.3017864 0.2926823 0.1890912 0.2859839 0.3166746 0.3526463 0.3343132 0.2924330 0.1913547 0.6176758 0.0000000 
