13
DrolusSFB  0.0000000 0.3100707 0.3374563 0.3651054 0.2876879 0.3247723 0.2819703 0.3332957 0.3361194 0.3651706 0.2795012 0.3667203 0.1949922 
Dino       0.3100707 0.0000000 0.3670893 0.1569912 0.2869979 0.3197105 0.2472775 0.3064591 0.2611390 0.1486690 0.2870616 0.2779317 0.2644197 
MJM3360    0.3374563 0.3670893 0.0000000 0.3689970 0.3010457 0.2473436 0.3140040 0.3319454 0.3096931 0.3767866 0.2877866 0.3351041 0.2976422 
DrobinSFB  0.3651054 0.1569912 0.3689970 0.0000000 0.3268626 0.3435902 0.2702269 0.3372079 0.2690347 0.2077961 0.3219604 0.2970383 0.3162101 
Neam       0.2876879 0.2869979 0.3010457 0.3268626 0.0000000 0.2862888 0.2429548 0.2815479 0.2602283 0.3367730 0.0127463 0.3127696 0.2173795 
RuprSFB    0.3247723 0.3197105 0.2473436 0.3435902 0.2862888 0.0000000 0.2614931 0.3000203 0.2856991 0.3550915 0.2723737 0.3170951 0.2851000 
Retr       0.2819703 0.2472775 0.3140040 0.2702269 0.2429548 0.2614931 0.0000000 0.2462749 0.2656878 0.2772633 0.2289427 0.1724933 0.2508145 
Beta       0.3332957 0.3064591 0.3319454 0.3372079 0.2815479 0.3000203 0.2462749 0.0000000 0.1295033 0.3717199 0.2797350 0.2780121 0.3051605 
Spol       0.3361194 0.2611390 0.3096931 0.2690347 0.2602283 0.2856991 0.2656878 0.1295033 0.0000000 0.3117693 0.2514539 0.3281412 0.3086468 
MJM1652    0.3651706 0.1486690 0.3767866 0.2077961 0.3367730 0.3550915 0.2772633 0.3717199 0.3117693 0.0000000 0.3315686 0.3335864 0.2967608 
NepSFB     0.2795012 0.2870616 0.2877866 0.3219604 0.0127463 0.2723737 0.2289427 0.2797350 0.2514539 0.3315686 0.0000000 0.3098069 0.2133187 
WPYJ       0.3667203 0.2779317 0.3351041 0.2970383 0.3127696 0.3170951 0.1724933 0.2780121 0.3281412 0.3335864 0.3098069 0.0000000 0.3014103 
MJM2940    0.1949922 0.2644197 0.2976422 0.3162101 0.2173795 0.2851000 0.2508145 0.3051605 0.3086468 0.2967608 0.2133187 0.3014103 0.0000000 
