13
DrolusSFB  0.0000000 0.2518660 0.3161366 0.3269771 0.2234136 0.3301593 0.3395123 0.4126643 0.3791279 0.3040822 0.2141586 0.3529790 0.1659678 
Dino       0.2518660 0.0000000 0.3229622 0.1925588 0.2198362 0.3192080 0.3261943 0.3888319 0.3668479 0.1713995 0.2142944 0.3558035 0.2032695 
MJM3360    0.3161366 0.3229622 0.0000000 0.3238088 0.2756094 0.3050011 0.3716336 0.3543705 0.3359760 0.3653476 0.2708337 0.4011845 0.2759842 
DrobinSFB  0.3269771 0.1925588 0.3238088 0.0000000 0.2634729 0.3632997 0.4099681 0.4692489 0.4274391 0.2681902 0.2554951 0.3739271 0.2740044 
Neam       0.2234136 0.2198362 0.2756094 0.2634729 0.0000000 0.2610476 0.2809088 0.3247381 0.3018291 0.2669006 0.0092147 0.2986158 0.1551759 
RuprSFB    0.3301593 0.3192080 0.3050011 0.3632997 0.2610476 0.0000000 0.3723690 0.4068156 0.4084751 0.3902884 0.2553695 0.3869853 0.2623394 
Retr       0.3395123 0.3261943 0.3716336 0.4099681 0.2809088 0.3723690 0.0000000 0.4069350 0.4049876 0.4156335 0.2794225 0.1914455 0.2679869 
Beta       0.4126643 0.3888319 0.3543705 0.4692489 0.3247381 0.4068156 0.4069350 0.0000000 0.1230766 0.4328308 0.3185567 0.4396762 0.3198324 
Spol       0.3791279 0.3668479 0.3359760 0.4274391 0.3018291 0.4084751 0.4049876 0.1230766 0.0000000 0.4152333 0.2931076 0.4184235 0.3124663 
MJM1652    0.3040822 0.1713995 0.3653476 0.2681902 0.2669006 0.3902884 0.4156335 0.4328308 0.4152333 0.0000000 0.2633615 0.4469349 0.2688301 
NepSFB     0.2141586 0.2142944 0.2708337 0.2554951 0.0092147 0.2553695 0.2794225 0.3185567 0.2931076 0.2633615 0.0000000 0.2952207 0.1473608 
WPYJ       0.3529790 0.3558035 0.4011845 0.3739271 0.2986158 0.3869853 0.1914455 0.4396762 0.4184235 0.4469349 0.2952207 0.0000000 0.2993063 
MJM2940    0.1659678 0.2032695 0.2759842 0.2740044 0.1551759 0.2623394 0.2679869 0.3198324 0.3124663 0.2688301 0.1473608 0.2993063 0.0000000 
