13
DrolusSFB  0.0000000 0.3242279 0.3364092 0.3099553 0.2347102 0.3023259 0.3346713 0.3464891 0.2964464 0.2992282 0.2324088 0.3344935 0.1595105 
Dino       0.3242279 0.0000000 0.3688409 0.1939391 0.2841713 0.3592468 0.3440677 0.4336006 0.4385328 0.1774668 0.2898576 0.3748697 0.3424032 
MJM3360    0.3364092 0.3688409 0.0000000 0.4012714 0.3148516 0.2903385 0.3309539 0.4028568 0.3815056 0.3616639 0.3077122 0.3964279 0.3283489 
DrobinSFB  0.3099553 0.1939391 0.4012714 0.0000000 0.2680935 0.3793408 0.3711098 0.3715945 0.3757938 0.2060068 0.2677759 0.3582232 0.2811420 
Neam       0.2347102 0.2841713 0.3148516 0.2680935 0.0000000 0.3077680 0.3016751 0.3911309 0.3537973 0.3030539 0.0155906 0.3322602 0.2236965 
RuprSFB    0.3023259 0.3592468 0.2903385 0.3793408 0.3077680 0.0000000 0.3178240 0.3244248 0.2886283 0.3693197 0.3123409 0.3622452 0.2780291 
Retr       0.3346713 0.3440677 0.3309539 0.3711098 0.3016751 0.3178240 0.0000000 0.3767275 0.3500720 0.3474055 0.3007594 0.1349619 0.3562218 
Beta       0.3464891 0.4336006 0.4028568 0.3715945 0.3911309 0.3244248 0.3767275 0.0000000 0.1231151 0.4468833 0.3910893 0.3922876 0.3854222 
Spol       0.2964464 0.4385328 0.3815056 0.3757938 0.3537973 0.2886283 0.3500720 0.1231151 0.0000000 0.4333346 0.3457303 0.3850946 0.3566065 
MJM1652    0.2992282 0.1774668 0.3616639 0.2060068 0.3030539 0.3693197 0.3474055 0.4468833 0.4333346 0.0000000 0.3066563 0.3647302 0.3358615 
NepSFB     0.2324088 0.2898576 0.3077122 0.2677759 0.0155906 0.3123409 0.3007594 0.3910893 0.3457303 0.3066563 0.0000000 0.3319413 0.2237509 
WPYJ       0.3344935 0.3748697 0.3964279 0.3582232 0.3322602 0.3622452 0.1349619 0.3922876 0.3850946 0.3647302 0.3319413 0.0000000 0.3311826 
MJM2940    0.1595105 0.3424032 0.3283489 0.2811420 0.2236965 0.2780291 0.3562218 0.3854222 0.3566065 0.3358615 0.2237509 0.3311826 0.0000000 
