13
DrolusSFB  0.0000000 0.3527758 0.3415365 0.3543935 0.3838798 0.3253132 0.3969968 0.3580409 0.3437141 0.3546068 0.3911778 0.4268070 0.2413896 
Dino       0.3527758 0.0000000 0.3625172 0.1681235 0.2350092 0.3533603 0.3704255 0.3471814 0.3392009 0.1229051 0.2470600 0.3271862 0.2688912 
MJM3360    0.3415365 0.3625172 0.0000000 0.3898956 0.2563375 0.2426053 0.3121383 0.3531656 0.3468264 0.3554057 0.2580027 0.3292191 0.2793279 
DrobinSFB  0.3543935 0.1681235 0.3898956 0.0000000 0.2834189 0.3711122 0.3966519 0.3278949 0.3712104 0.1947493 0.2936862 0.3430129 0.2737609 
Neam       0.3838798 0.2350092 0.2563375 0.2834189 0.0000000 0.2510263 0.2430806 0.2364497 0.2435583 0.2463052 0.0119584 0.2652055 0.2395861 
RuprSFB    0.3253132 0.3533603 0.2426053 0.3711122 0.2510263 0.0000000 0.3088581 0.3279006 0.3703611 0.3499743 0.2682984 0.3392474 0.2637180 
Retr       0.3969968 0.3704255 0.3121383 0.3966519 0.2430806 0.3088581 0.0000000 0.3391360 0.3678948 0.3785592 0.2570262 0.1471083 0.2836186 
Beta       0.3580409 0.3471814 0.3531656 0.3278949 0.2364497 0.3279006 0.3391360 0.0000000 0.1467984 0.3493951 0.2454288 0.3081776 0.2699851 
Spol       0.3437141 0.3392009 0.3468264 0.3712104 0.2435583 0.3703611 0.3678948 0.1467984 0.0000000 0.3356513 0.2498623 0.3407600 0.2838009 
MJM1652    0.3546068 0.1229051 0.3554057 0.1947493 0.2463052 0.3499743 0.3785592 0.3493951 0.3356513 0.0000000 0.2574280 0.3358555 0.2468585 
NepSFB     0.3911778 0.2470600 0.2580027 0.2936862 0.0119584 0.2682984 0.2570262 0.2454288 0.2498623 0.2574280 0.0000000 0.2733787 0.2390417 
WPYJ       0.4268070 0.3271862 0.3292191 0.3430129 0.2652055 0.3392474 0.1471083 0.3081776 0.3407600 0.3358555 0.2733787 0.0000000 0.2962115 
MJM2940    0.2413896 0.2688912 0.2793279 0.2737609 0.2395861 0.2637180 0.2836186 0.2699851 0.2838009 0.2468585 0.2390417 0.2962115 0.0000000 
