13
DrolusSFB  0.0000000 0.2733406 0.3572475 0.2439717 0.2205231 0.3025471 0.3246494 0.3150793 0.3218386 0.2579575 0.2248563 0.3668829 0.1662522 
Dino       0.2733406 0.0000000 0.3880474 0.1733333 0.2324575 0.3173869 0.3329035 0.2978835 0.3115036 0.1700494 0.2369902 0.3693105 0.2367445 
MJM3360    0.3572475 0.3880474 0.0000000 0.3402980 0.3153917 0.2752279 0.4079153 0.3571145 0.3810088 0.3720792 0.3244667 0.3871769 0.3143272 
DrobinSFB  0.2439717 0.1733333 0.3402980 0.0000000 0.2129775 0.2975903 0.3284378 0.2699444 0.2887618 0.1722319 0.2116969 0.3382669 0.2296705 
Neam       0.2205231 0.2324575 0.3153917 0.2129775 0.0000000 0.2637427 0.2682455 0.2416212 0.2547664 0.2084699 0.0077980 0.2945028 0.1739440 
RuprSFB    0.3025471 0.3173869 0.2752279 0.2975903 0.2637427 0.0000000 0.3303669 0.2841080 0.3154421 0.2835238 0.2667414 0.3536776 0.2544903 
Retr       0.3246494 0.3329035 0.4079153 0.3284378 0.2682455 0.3303669 0.0000000 0.2924920 0.2982824 0.2917379 0.2744160 0.1604777 0.2845330 
Beta       0.3150793 0.2978835 0.3571145 0.2699444 0.2416212 0.2841080 0.2924920 0.0000000 0.0852021 0.2796321 0.2438009 0.3378893 0.2599036 
Spol       0.3218386 0.3115036 0.3810088 0.2887618 0.2547664 0.3154421 0.2982824 0.0852021 0.0000000 0.2945864 0.2545412 0.3325530 0.2770952 
MJM1652    0.2579575 0.1700494 0.3720792 0.1722319 0.2084699 0.2835238 0.2917379 0.2796321 0.2945864 0.0000000 0.2088525 0.3628492 0.2297492 
NepSFB     0.2248563 0.2369902 0.3244667 0.2116969 0.0077980 0.2667414 0.2744160 0.2438009 0.2545412 0.2088525 0.0000000 0.3004025 0.1812813 
WPYJ       0.3668829 0.3693105 0.3871769 0.3382669 0.2945028 0.3536776 0.1604777 0.3378893 0.3325530 0.3628492 0.3004025 0.0000000 0.3218110 
MJM2940    0.1662522 0.2367445 0.3143272 0.2296705 0.1739440 0.2544903 0.2845330 0.2599036 0.2770952 0.2297492 0.1812813 0.3218110 0.0000000 
