13
DrolusSFB  0.0000000 0.2882017 0.4356898 0.3679742 0.2752098 0.3827963 0.4200576 0.3799444 0.4086196 0.3245839 0.2748020 0.3848689 0.1762559 
Dino       0.2882017 0.0000000 0.3863306 0.1681865 0.2545956 0.3640957 0.4319230 0.3670615 0.4063198 0.1285180 0.2585902 0.3518141 0.2150163 
MJM3360    0.4356898 0.3863306 0.0000000 0.4647135 0.4083604 0.3132426 0.4758013 0.4381835 0.4380984 0.4400523 0.4039555 0.3997607 0.3849778 
DrobinSFB  0.3679742 0.1681865 0.4647135 0.0000000 0.2900572 0.3778113 0.4308370 0.3988502 0.4041188 0.2309307 0.2947490 0.3767255 0.2674595 
Neam       0.2752098 0.2545956 0.4083604 0.2900572 0.0000000 0.3403757 0.3718711 0.3493349 0.3726887 0.3183963 0.0089629 0.2983917 0.1894014 
RuprSFB    0.3827963 0.3640957 0.3132426 0.3778113 0.3403757 0.0000000 0.4071128 0.3804212 0.4067839 0.3882528 0.3379526 0.3082861 0.3100307 
Retr       0.4200576 0.4319230 0.4758013 0.4308370 0.3718711 0.4071128 0.0000000 0.3997826 0.4372030 0.4964255 0.3774898 0.2272939 0.3414866 
Beta       0.3799444 0.3670615 0.4381835 0.3988502 0.3493349 0.3804212 0.3997826 0.0000000 0.1184761 0.4186373 0.3450988 0.3669806 0.3205952 
Spol       0.4086196 0.4063198 0.4380984 0.4041188 0.3726887 0.4067839 0.4372030 0.1184761 0.0000000 0.4249134 0.3665322 0.3840750 0.3152573 
MJM1652    0.3245839 0.1285180 0.4400523 0.2309307 0.3183963 0.3882528 0.4964255 0.4186373 0.4249134 0.0000000 0.3231355 0.3619692 0.2683863 
NepSFB     0.2748020 0.2585902 0.4039555 0.2947490 0.0089629 0.3379526 0.3774898 0.3450988 0.3665322 0.3231355 0.0000000 0.2902285 0.1930114 
WPYJ       0.3848689 0.3518141 0.3997607 0.3767255 0.2983917 0.3082861 0.2272939 0.3669806 0.3840750 0.3619692 0.2902285 0.0000000 0.2920974 
MJM2940    0.1762559 0.2150163 0.3849778 0.2674595 0.1894014 0.3100307 0.3414866 0.3205952 0.3152573 0.2683863 0.1930114 0.2920974 0.0000000 
