13
DrolusSFB  0.0000000 0.2701552 0.4040209 0.3361669 0.2849841 0.2894169 0.3680124 0.3814538 0.3119347 0.3326590 0.2952014 0.3710935 0.1723398 
Dino       0.2701552 0.0000000 0.4294316 0.2062937 0.2619034 0.2666015 0.3753048 0.4057313 0.3417098 0.1811995 0.2710094 0.4292926 0.2155590 
MJM3360    0.4040209 0.4294316 0.0000000 0.4323700 0.4134717 0.3078710 0.4206201 0.4510701 0.4710422 0.5075603 0.4305090 0.4362382 0.3626420 
DrobinSFB  0.3361669 0.2062937 0.4323700 0.0000000 0.3451181 0.3516596 0.4850952 0.4759323 0.3622154 0.2678569 0.3460884 0.4388605 0.2869896 
Neam       0.2849841 0.2619034 0.4134717 0.3451181 0.0000000 0.2613282 0.3669643 0.4056124 0.3167510 0.3484643 0.0106402 0.3972787 0.1878468 
RuprSFB    0.2894169 0.2666015 0.3078710 0.3516596 0.2613282 0.0000000 0.3315487 0.3681623 0.3256113 0.3813394 0.2753394 0.3197533 0.2219863 
Retr       0.3680124 0.3753048 0.4206201 0.4850952 0.3669643 0.3315487 0.0000000 0.4005847 0.3846346 0.6377239 0.3852003 0.2369671 0.3680290 
Beta       0.3814538 0.4057313 0.4510701 0.4759323 0.4056124 0.3681623 0.4005847 0.0000000 0.1102515 0.6070282 0.4151469 0.4488493 0.3454406 
Spol       0.3119347 0.3417098 0.4710422 0.3622154 0.3167510 0.3256113 0.3846346 0.1102515 0.0000000 0.4567463 0.3220151 0.3995701 0.2728081 
MJM1652    0.3326590 0.1811995 0.5075603 0.2678569 0.3484643 0.3813394 0.6377239 0.6070282 0.4567463 0.0000000 0.3512254 0.5262792 0.3235417 
NepSFB     0.2952014 0.2710094 0.4305090 0.3460884 0.0106402 0.2753394 0.3852003 0.4151469 0.3220151 0.3512254 0.0000000 0.4060119 0.1917707 
WPYJ       0.3710935 0.4292926 0.4362382 0.4388605 0.3972787 0.3197533 0.2369671 0.4488493 0.3995701 0.5262792 0.4060119 0.0000000 0.3076821 
MJM2940    0.1723398 0.2155590 0.3626420 0.2869896 0.1878468 0.2219863 0.3680290 0.3454406 0.2728081 0.3235417 0.1917707 0.3076821 0.0000000 
