13
DrolusSFB  0.0000000 0.3351831 0.3563314 0.3620807 0.2910358 0.3807798 0.3510711 0.3944632 0.3948116 0.3945183 0.2966816 0.3756549 0.1985932 
Dino       0.3351831 0.0000000 0.3921239 0.1809201 0.2523018 0.3861925 0.3638682 0.4027123 0.4051442 0.1819719 0.2590409 0.3955800 0.2492032 
MJM3360    0.3563314 0.3921239 0.0000000 0.4034292 0.3251594 0.3198543 0.3829741 0.4058242 0.3840579 0.4100826 0.3329051 0.4091258 0.3137379 
DrobinSFB  0.3620807 0.1809201 0.4034292 0.0000000 0.2858368 0.4048240 0.4091484 0.4291100 0.4276180 0.2218698 0.2900851 0.3823643 0.2921021 
Neam       0.2910358 0.2523018 0.3251594 0.2858368 0.0000000 0.2917938 0.2944135 0.3180375 0.3321106 0.3200039 0.0121336 0.3070418 0.1903929 
RuprSFB    0.3807798 0.3861925 0.3198543 0.4048240 0.2917938 0.0000000 0.3345046 0.3606984 0.3888946 0.4268632 0.2944331 0.3558154 0.2892223 
Retr       0.3510711 0.3638682 0.3829741 0.4091484 0.2944135 0.3345046 0.0000000 0.3867482 0.3938678 0.4080287 0.3011280 0.1913613 0.2861755 
Beta       0.3944632 0.4027123 0.4058242 0.4291100 0.3180375 0.3606984 0.3867482 0.0000000 0.1436950 0.4519713 0.3262629 0.4102757 0.3090887 
Spol       0.3948116 0.4051442 0.3840579 0.4276180 0.3321106 0.3888946 0.3938678 0.1436950 0.0000000 0.4756724 0.3383037 0.4401107 0.3254341 
MJM1652    0.3945183 0.1819719 0.4100826 0.2218698 0.3200039 0.4268632 0.4080287 0.4519713 0.4756724 0.0000000 0.3272349 0.4013644 0.3139356 
NepSFB     0.2966816 0.2590409 0.3329051 0.2900851 0.0121336 0.2944331 0.3011280 0.3262629 0.3383037 0.3272349 0.0000000 0.3037166 0.1943113 
WPYJ       0.3756549 0.3955800 0.4091258 0.3823643 0.3070418 0.3558154 0.1913613 0.4102757 0.4401107 0.4013644 0.3037166 0.0000000 0.3138918 
MJM2940    0.1985932 0.2492032 0.3137379 0.2921021 0.1903929 0.2892223 0.2861755 0.3090887 0.3254341 0.3139356 0.1943113 0.3138918 0.0000000 
