13
DrolusSFB  0.0000000 0.2200398 0.2665286 0.2332478 0.2278042 0.3203567 0.3130233 0.3822188 0.3138609 0.3234571 0.2343563 0.2470179 0.1775779 
Dino       0.2200398 0.0000000 0.3163926 0.1132518 0.2028408 0.2941631 0.2653967 0.3458525 0.2837374 0.2576789 0.2132028 0.2591916 0.1693365 
MJM3360    0.2665286 0.3163926 0.0000000 0.2804620 0.2573826 0.1996005 0.3024899 0.3299662 0.2846633 0.3156182 0.2442658 0.2463972 0.2386259 
DrobinSFB  0.2332478 0.1132518 0.2804620 0.0000000 0.2117945 0.2520162 0.2850502 0.3205300 0.2688448 0.2450044 0.2147358 0.2575999 0.1949359 
Neam       0.2278042 0.2028408 0.2573826 0.2117945 0.0000000 0.2600793 0.2651767 0.3194154 0.2668483 0.3157213 0.0191282 0.2295481 0.1500774 
RuprSFB    0.3203567 0.2941631 0.1996005 0.2520162 0.2600793 0.0000000 0.2495981 0.3543030 0.2874610 0.2863712 0.2573811 0.2323499 0.2390863 
Retr       0.3130233 0.2653967 0.3024899 0.2850502 0.2651767 0.2495981 0.0000000 0.3055127 0.2446650 0.3175376 0.2790697 0.1383775 0.2519471 
Beta       0.3822188 0.3458525 0.3299662 0.3205300 0.3194154 0.3543030 0.3055127 0.0000000 0.1434294 0.3992000 0.3137774 0.3177445 0.3402000 
Spol       0.3138609 0.2837374 0.2846633 0.2688448 0.2668483 0.2874610 0.2446650 0.1434294 0.0000000 0.3194148 0.2732997 0.2805352 0.2951427 
MJM1652    0.3234571 0.2576789 0.3156182 0.2450044 0.3157213 0.2863712 0.3175376 0.3992000 0.3194148 0.0000000 0.2952447 0.3113054 0.2737073 
NepSFB     0.2343563 0.2132028 0.2442658 0.2147358 0.0191282 0.2573811 0.2790697 0.3137774 0.2732997 0.2952447 0.0000000 0.2450790 0.1612156 
WPYJ       0.2470179 0.2591916 0.2463972 0.2575999 0.2295481 0.2323499 0.1383775 0.3177445 0.2805352 0.3113054 0.2450790 0.0000000 0.2590526 
MJM2940    0.1775779 0.1693365 0.2386259 0.1949359 0.1500774 0.2390863 0.2519471 0.3402000 0.2951427 0.2737073 0.1612156 0.2590526 0.0000000 
