13
DrolusSFB  0.0000000 0.3796985 0.5073600 0.3903277 0.3452440 0.4747646 0.4879558 0.4357654 0.4809087 0.4030046 0.3290922 0.4626122 0.3100385 
Dino       0.3796985 0.0000000 0.5232356 0.2290389 0.2424301 0.4123313 0.3238585 0.3789015 0.4083309 0.1689839 0.2304438 0.3621197 0.2425451 
MJM3360    0.5073600 0.5232356 0.0000000 0.5855147 0.4802921 0.4437391 0.4780219 0.4673383 0.5259565 0.5273680 0.4685777 0.4831790 0.4782359 
DrobinSFB  0.3903277 0.2290389 0.5855147 0.0000000 0.3506583 0.4668036 0.4184517 0.4709579 0.4803287 0.2773422 0.3333760 0.4100038 0.3266142 
Neam       0.3452440 0.2424301 0.4802921 0.3506583 0.0000000 0.3914381 0.3605258 0.3792400 0.3782192 0.2902797 0.0203648 0.3529990 0.2261499 
RuprSFB    0.4747646 0.4123313 0.4437391 0.4668036 0.3914381 0.0000000 0.3787218 0.4425156 0.4741387 0.4473920 0.3796473 0.4031736 0.3679260 
Retr       0.4879558 0.3238585 0.4780219 0.4184517 0.3605258 0.3787218 0.0000000 0.4206795 0.4255990 0.3972585 0.3534989 0.2016543 0.3590113 
Beta       0.4357654 0.3789015 0.4673383 0.4709579 0.3792400 0.4425156 0.4206795 0.0000000 0.1448848 0.3885473 0.3667292 0.4113745 0.3501698 
Spol       0.4809087 0.4083309 0.5259565 0.4803287 0.3782192 0.4741387 0.4255990 0.1448848 0.0000000 0.4260994 0.3781489 0.4473897 0.3734790 
MJM1652    0.4030046 0.1689839 0.5273680 0.2773422 0.2902797 0.4473920 0.3972585 0.3885473 0.4260994 0.0000000 0.2764941 0.3937884 0.2908865 
NepSFB     0.3290922 0.2304438 0.4685777 0.3333760 0.0203648 0.3796473 0.3534989 0.3667292 0.3781489 0.2764941 0.0000000 0.3461758 0.2173639 
WPYJ       0.4626122 0.3621197 0.4831790 0.4100038 0.3529990 0.4031736 0.2016543 0.4113745 0.4473897 0.3937884 0.3461758 0.0000000 0.3428659 
MJM2940    0.3100385 0.2425451 0.4782359 0.3266142 0.2261499 0.3679260 0.3590113 0.3501698 0.3734790 0.2908865 0.2173639 0.3428659 0.0000000 
