13
DrolusSFB  0.0000000 0.3018135 0.4431193 0.3693398 0.2953747 0.3753605 0.4324082 0.3827932 0.3821104 0.3696727 0.3002464 0.4464307 0.1985286 
Dino       0.3018135 0.0000000 0.4270323 0.2277741 0.2777385 0.3467107 0.4151296 0.3793593 0.4042327 0.1601133 0.2772315 0.4131829 0.2631083 
MJM3360    0.4431193 0.4270323 0.0000000 0.4651291 0.3797074 0.3164258 0.4594993 0.4155585 0.4106609 0.4677187 0.3770823 0.4131909 0.3852496 
DrobinSFB  0.3693398 0.2277741 0.4651291 0.0000000 0.3420056 0.4120663 0.4750543 0.4296575 0.4422765 0.2867908 0.3345419 0.4571158 0.3227108 
Neam       0.2953747 0.2777385 0.3797074 0.3420056 0.0000000 0.3401958 0.4118163 0.3649657 0.3826683 0.3286870 0.0161160 0.4268845 0.2501072 
RuprSFB    0.3753605 0.3467107 0.3164258 0.4120663 0.3401958 0.0000000 0.4038759 0.3876877 0.4029044 0.3920058 0.3423565 0.4371724 0.3080226 
Retr       0.4324082 0.4151296 0.4594993 0.4750543 0.4118163 0.4038759 0.0000000 0.4357982 0.4618975 0.4871786 0.4162631 0.1986692 0.3686814 
Beta       0.3827932 0.3793593 0.4155585 0.4296575 0.3649657 0.3876877 0.4357982 0.0000000 0.1431903 0.4137254 0.3687227 0.4188912 0.3632317 
Spol       0.3821104 0.4042327 0.4106609 0.4422765 0.3826683 0.4029044 0.4618975 0.1431903 0.0000000 0.4400889 0.3879683 0.4399204 0.3732712 
MJM1652    0.3696727 0.1601133 0.4677187 0.2867908 0.3286870 0.3920058 0.4871786 0.4137254 0.4400889 0.0000000 0.3272671 0.4261004 0.3284160 
NepSFB     0.3002464 0.2772315 0.3770823 0.3345419 0.0161160 0.3423565 0.4162631 0.3687227 0.3879683 0.3272671 0.0000000 0.4192882 0.2542311 
WPYJ       0.4464307 0.4131829 0.4131909 0.4571158 0.4268845 0.4371724 0.1986692 0.4188912 0.4399204 0.4261004 0.4192882 0.0000000 0.3819143 
MJM2940    0.1985286 0.2631083 0.3852496 0.3227108 0.2501072 0.3080226 0.3686814 0.3632317 0.3732712 0.3284160 0.2542311 0.3819143 0.0000000 
