13
DrolusSFB  0.0000000 0.2718692 0.3490776 0.3096973 0.2328424 0.3110650 0.2972913 0.3301777 0.3549885 0.3010548 0.2354923 0.3080366 0.1673029 
Dino       0.2718692 0.0000000 0.3828639 0.1256988 0.2453006 0.3570106 0.3047216 0.3680078 0.3900305 0.1263997 0.2399686 0.3386998 0.2304412 
MJM3360    0.3490776 0.3828639 0.0000000 0.3827498 0.3052166 0.2708032 0.3330032 0.3669863 0.3997800 0.3941048 0.3104468 0.3465019 0.3066702 
DrobinSFB  0.3096973 0.1256988 0.3827498 0.0000000 0.2766764 0.3485986 0.3211544 0.3848598 0.4129569 0.1645315 0.2726179 0.3522881 0.2634373 
Neam       0.2328424 0.2453006 0.3052166 0.2766764 0.0000000 0.2867052 0.2801659 0.3247343 0.3474696 0.2666101 0.0100060 0.2950802 0.1795466 
RuprSFB    0.3110650 0.3570106 0.2708032 0.3485986 0.2867052 0.0000000 0.3004418 0.3051378 0.3472391 0.3547488 0.2819090 0.3147801 0.2845787 
Retr       0.2972913 0.3047216 0.3330032 0.3211544 0.2801659 0.3004418 0.0000000 0.3119681 0.3352268 0.3470520 0.2785542 0.1686666 0.2684124 
Beta       0.3301777 0.3680078 0.3669863 0.3848598 0.3247343 0.3051378 0.3119681 0.0000000 0.1101344 0.3853086 0.3278159 0.3354557 0.2912494 
Spol       0.3549885 0.3900305 0.3997800 0.4129569 0.3474696 0.3472391 0.3352268 0.1101344 0.0000000 0.4094701 0.3483645 0.3454196 0.3404537 
MJM1652    0.3010548 0.1263997 0.3941048 0.1645315 0.2666101 0.3547488 0.3470520 0.3853086 0.4094701 0.0000000 0.2610969 0.3480739 0.2701406 
NepSFB     0.2354923 0.2399686 0.3104468 0.2726179 0.0100060 0.2819090 0.2785542 0.3278159 0.3483645 0.2610969 0.0000000 0.2970696 0.1796299 
WPYJ       0.3080366 0.3386998 0.3465019 0.3522881 0.2950802 0.3147801 0.1686666 0.3354557 0.3454196 0.3480739 0.2970696 0.0000000 0.2880286 
MJM2940    0.1673029 0.2304412 0.3066702 0.2634373 0.1795466 0.2845787 0.2684124 0.2912494 0.3404537 0.2701406 0.1796299 0.2880286 0.0000000 
