13
DrolusSFB  0.0000000 0.3918307 0.4576616 0.4230853 0.3105219 0.4110480 0.4291832 0.4671495 0.4654876 0.3860853 0.3235090 0.4274027 0.2293600 
Dino       0.3918307 0.0000000 0.4385898 0.1855552 0.2968837 0.3986540 0.4379055 0.4302186 0.4427502 0.1361396 0.3011487 0.4185720 0.3070734 
MJM3360    0.4576616 0.4385898 0.0000000 0.4323003 0.4111609 0.3480813 0.4279894 0.4529119 0.4995624 0.3811718 0.4139270 0.4432346 0.4553384 
DrobinSFB  0.4230853 0.1855552 0.4323003 0.0000000 0.3236898 0.4704618 0.4679421 0.4959051 0.5232020 0.1981294 0.3339960 0.4895303 0.3522243 
Neam       0.3105219 0.2968837 0.4111609 0.3236898 0.0000000 0.3420012 0.3788766 0.4204816 0.4175922 0.2887923 0.0170333 0.3820168 0.2278226 
RuprSFB    0.4110480 0.3986540 0.3480813 0.4704618 0.3420012 0.0000000 0.3967556 0.4079438 0.3995349 0.3934579 0.3497018 0.4491481 0.3570546 
Retr       0.4291832 0.4379055 0.4279894 0.4679421 0.3788766 0.3967556 0.0000000 0.4060625 0.3960878 0.4245561 0.3854865 0.2346413 0.4233012 
Beta       0.4671495 0.4302186 0.4529119 0.4959051 0.4204816 0.4079438 0.4060625 0.0000000 0.1429898 0.4429252 0.4344123 0.4074882 0.4379829 
Spol       0.4654876 0.4427502 0.4995624 0.5232020 0.4175922 0.3995349 0.3960878 0.1429898 0.0000000 0.4457117 0.4300300 0.4528936 0.4197566 
MJM1652    0.3860853 0.1361396 0.3811718 0.1981294 0.2887923 0.3934579 0.4245561 0.4429252 0.4457117 0.0000000 0.3008794 0.4052850 0.3067752 
NepSFB     0.3235090 0.3011487 0.4139270 0.3339960 0.0170333 0.3497018 0.3854865 0.4344123 0.4300300 0.3008794 0.0000000 0.3818387 0.2366652 
WPYJ       0.4274027 0.4185720 0.4432346 0.4895303 0.3820168 0.4491481 0.2346413 0.4074882 0.4528936 0.4052850 0.3818387 0.0000000 0.4225939 
MJM2940    0.2293600 0.3070734 0.4553384 0.3522243 0.2278226 0.3570546 0.4233012 0.4379829 0.4197566 0.3067752 0.2366652 0.4225939 0.0000000 
