13
DrolusSFB  0.0000000 0.2864003 0.3946655 0.3424157 0.2495182 0.3465009 0.2575008 0.4159247 0.4077625 0.3186784 0.2466009 0.3981218 0.1721875 
Dino       0.2864003 0.0000000 0.4015173 0.1741201 0.2654503 0.3595719 0.3288081 0.4453118 0.4439289 0.1424977 0.2507747 0.3955209 0.2376877 
MJM3360    0.3946655 0.4015173 0.0000000 0.4140422 0.3558859 0.3238848 0.3262018 0.4247872 0.3946425 0.4038535 0.3611119 0.4240289 0.3244202 
DrobinSFB  0.3424157 0.1741201 0.4140422 0.0000000 0.3133099 0.4057714 0.3496105 0.4791815 0.4542874 0.1944580 0.2993702 0.4195432 0.2974394 
Neam       0.2495182 0.2654503 0.3558859 0.3133099 0.0000000 0.3089813 0.2574509 0.4170031 0.3599512 0.2919013 0.0145549 0.3517024 0.1977786 
RuprSFB    0.3465009 0.3595719 0.3238848 0.4057714 0.3089813 0.0000000 0.2576706 0.3881871 0.3863013 0.3547798 0.3085664 0.3891256 0.2768402 
Retr       0.2575008 0.3288081 0.3262018 0.3496105 0.2574509 0.2576706 0.0000000 0.3466589 0.3745156 0.3496706 0.2574509 0.1507508 0.2456603 
Beta       0.4159247 0.4453118 0.4247872 0.4791815 0.4170031 0.3881871 0.3466589 0.0000000 0.1538792 0.4940781 0.4143329 0.4275032 0.3690694 
Spol       0.4077625 0.4439289 0.3946425 0.4542874 0.3599512 0.3863013 0.3745156 0.1538792 0.0000000 0.4522967 0.3556066 0.4322976 0.3537693 
MJM1652    0.3186784 0.1424977 0.4038535 0.1944580 0.2919013 0.3547798 0.3496706 0.4940781 0.4522967 0.0000000 0.2949396 0.4245334 0.2886871 
NepSFB     0.2466009 0.2507747 0.3611119 0.2993702 0.0145549 0.3085664 0.2574509 0.4143329 0.3556066 0.2949396 0.0000000 0.3583412 0.1938756 
WPYJ       0.3981218 0.3955209 0.4240289 0.4195432 0.3517024 0.3891256 0.1507508 0.4275032 0.4322976 0.4245334 0.3583412 0.0000000 0.3558297 
MJM2940    0.1721875 0.2376877 0.3244202 0.2974394 0.1977786 0.2768402 0.2456603 0.3690694 0.3537693 0.2886871 0.1938756 0.3558297 0.0000000 
