13
DrolusSFB  0.0000000 0.2512311 0.3355562 0.2911131 0.2695522 0.3285422 0.3002802 0.3330844 0.3802121 0.2891163 0.2753468 0.2940161 0.1698128 
Dino       0.2512311 0.0000000 0.3123433 0.2102264 0.2347285 0.3331923 0.3144440 0.3194529 0.3374689 0.1308661 0.2424769 0.3378937 0.2058661 
MJM3360    0.3355562 0.3123433 0.0000000 0.3717512 0.3320857 0.3154491 0.3346906 0.3358616 0.3830033 0.3486767 0.3275206 0.3602309 0.3274972 
DrobinSFB  0.2911131 0.2102264 0.3717512 0.0000000 0.3080118 0.4021292 0.3762951 0.4047218 0.4022341 0.2543790 0.2988224 0.3838764 0.2755627 
Neam       0.2695522 0.2347285 0.3320857 0.3080118 0.0000000 0.2982016 0.3369873 0.3615579 0.3635714 0.2543248 0.0190003 0.3251261 0.2162816 
RuprSFB    0.3285422 0.3331923 0.3154491 0.4021292 0.2982016 0.0000000 0.3815183 0.3984071 0.3951743 0.3331783 0.2966462 0.3612170 0.3047064 
Retr       0.3002802 0.3144440 0.3346906 0.3762951 0.3369873 0.3815183 0.0000000 0.3546662 0.3849590 0.3251874 0.3467554 0.2037633 0.2854663 
Beta       0.3330844 0.3194529 0.3358616 0.4047218 0.3615579 0.3984071 0.3546662 0.0000000 0.1952445 0.3443501 0.3647078 0.3531162 0.3196911 
Spol       0.3802121 0.3374689 0.3830033 0.4022341 0.3635714 0.3951743 0.3849590 0.1952445 0.0000000 0.3506611 0.3734138 0.3955051 0.3512444 
MJM1652    0.2891163 0.1308661 0.3486767 0.2543790 0.2543248 0.3331783 0.3251874 0.3443501 0.3506611 0.0000000 0.2610207 0.3511431 0.2478457 
NepSFB     0.2753468 0.2424769 0.3275206 0.2988224 0.0190003 0.2966462 0.3467554 0.3647078 0.3734138 0.2610207 0.0000000 0.3189823 0.2189832 
WPYJ       0.2940161 0.3378937 0.3602309 0.3838764 0.3251261 0.3612170 0.2037633 0.3531162 0.3955051 0.3511431 0.3189823 0.0000000 0.2963103 
MJM2940    0.1698128 0.2058661 0.3274972 0.2755627 0.2162816 0.3047064 0.2854663 0.3196911 0.3512444 0.2478457 0.2189832 0.2963103 0.0000000 
