13
DrolusSFB  0.0000000 0.3494632 0.4222001 0.3689702 0.2938720 0.3333517 0.3513089 0.4099680 0.4593976 0.4051467 0.2887937 0.4155909 0.1913118 
Dino       0.3494632 0.0000000 0.4897276 0.1887252 0.2797789 0.3365896 0.3601317 0.4391319 0.4587473 0.1649266 0.2773348 0.4143488 0.2806067 
MJM3360    0.4222001 0.4897276 0.0000000 0.4615113 0.4012364 0.2778608 0.3927689 0.4399646 0.4632185 0.5049732 0.3973018 0.3986324 0.4074233 
DrobinSFB  0.3689702 0.1887252 0.4615113 0.0000000 0.3118098 0.3881105 0.4356572 0.4452980 0.4804694 0.2302625 0.3122366 0.4902103 0.3111084 
Neam       0.2938720 0.2797789 0.4012364 0.3118098 0.0000000 0.2695786 0.3068403 0.3557940 0.3919588 0.3537554 0.0099122 0.3250073 0.2038120 
RuprSFB    0.3333517 0.3365896 0.2778608 0.3881105 0.2695786 0.0000000 0.3363667 0.3929622 0.4176805 0.3803229 0.2690114 0.3449540 0.3066906 
Retr       0.3513089 0.3601317 0.3927689 0.4356572 0.3068403 0.3363667 0.0000000 0.3605829 0.3998755 0.4013670 0.3035122 0.1648054 0.3138737 
Beta       0.4099680 0.4391319 0.4399646 0.4452980 0.3557940 0.3929622 0.3605829 0.0000000 0.1568650 0.4823239 0.3558130 0.3738264 0.3863624 
Spol       0.4593976 0.4587473 0.4632185 0.4804694 0.3919588 0.4176805 0.3998755 0.1568650 0.0000000 0.5089589 0.3980713 0.4117704 0.4419799 
MJM1652    0.4051467 0.1649266 0.5049732 0.2302625 0.3537554 0.3803229 0.4013670 0.4823239 0.5089589 0.0000000 0.3551478 0.4162733 0.3494035 
NepSFB     0.2887937 0.2773348 0.3973018 0.3122366 0.0099122 0.2690114 0.3035122 0.3558130 0.3980713 0.3551478 0.0000000 0.3213098 0.1998693 
WPYJ       0.4155909 0.4143488 0.3986324 0.4902103 0.3250073 0.3449540 0.1648054 0.3738264 0.4117704 0.4162733 0.3213098 0.0000000 0.3443725 
MJM2940    0.1913118 0.2806067 0.4074233 0.3111084 0.2038120 0.3066906 0.3138737 0.3863624 0.4419799 0.3494035 0.1998693 0.3443725 0.0000000 
