13
DrolusSFB  0.0000000 0.2994559 0.3919828 0.3402127 0.2319221 0.3086573 0.3344699 0.3478521 0.3602107 0.3186949 0.2298643 0.4834687 0.1623625 
Dino       0.2994559 0.0000000 0.4152443 0.2268602 0.2521782 0.2984622 0.3565417 0.3470598 0.3744524 0.1753678 0.2549050 0.5171833 0.2733769 
MJM3360    0.3919828 0.4152443 0.0000000 0.4518573 0.3780305 0.3469478 0.4476893 0.4689100 0.4749304 0.4222816 0.3790156 0.5866967 0.3896063 
DrobinSFB  0.3402127 0.2268602 0.4518573 0.0000000 0.3174758 0.3495592 0.3865130 0.3846535 0.4172420 0.2463046 0.3190835 0.5776495 0.3102087 
Neam       0.2319221 0.2521782 0.3780305 0.3174758 0.0000000 0.2789723 0.2832123 0.3107179 0.3332803 0.2853793 0.0082787 0.4417572 0.1971787 
RuprSFB    0.3086573 0.2984622 0.3469478 0.3495592 0.2789723 0.0000000 0.3467091 0.3688554 0.3736846 0.3209550 0.2803668 0.5082137 0.2936615 
Retr       0.3344699 0.3565417 0.4476893 0.3865130 0.2832123 0.3467091 0.0000000 0.3584610 0.3830430 0.3654072 0.2798869 0.2024203 0.3007473 
Beta       0.3478521 0.3470598 0.4689100 0.3846535 0.3107179 0.3688554 0.3584610 0.0000000 0.1313004 0.3550543 0.3155271 0.4889654 0.3258168 
Spol       0.3602107 0.3744524 0.4749304 0.4172420 0.3332803 0.3736846 0.3830430 0.1313004 0.0000000 0.3939401 0.3336168 0.5709613 0.3486647 
MJM1652    0.3186949 0.1753678 0.4222816 0.2463046 0.2853793 0.3209550 0.3654072 0.3550543 0.3939401 0.0000000 0.2854951 0.5037662 0.2906452 
NepSFB     0.2298643 0.2549050 0.3790156 0.3190835 0.0082787 0.2803668 0.2798869 0.3155271 0.3336168 0.2854951 0.0000000 0.4444192 0.1983369 
WPYJ       0.4834687 0.5171833 0.5866967 0.5776495 0.4417572 0.5082137 0.2024203 0.4889654 0.5709613 0.5037662 0.4444192 0.0000000 0.4344006 
MJM2940    0.1623625 0.2733769 0.3896063 0.3102087 0.1971787 0.2936615 0.3007473 0.3258168 0.3486647 0.2906452 0.1983369 0.4344006 0.0000000 
