13
DrolusSFB  0.0000000 0.3193890 0.4605741 0.3018508 0.2822889 0.4051854 0.4010989 0.4726935 0.4461199 0.3450375 0.2785740 0.3633914 0.1998884 
Dino       0.3193890 0.0000000 0.4185138 0.1237052 0.2628060 0.3568284 0.3682061 0.4315471 0.4002653 0.1438920 0.2531693 0.3633112 0.2477410 
MJM3360    0.4605741 0.4185138 0.0000000 0.3486662 0.3818164 0.3321027 0.3798063 0.4576982 0.4535279 0.4620553 0.3611445 0.3412071 0.3696228 
DrobinSFB  0.3018508 0.1237052 0.3486662 0.0000000 0.2471837 0.3171595 0.3191465 0.4116638 0.3765703 0.1653664 0.2562037 0.3472497 0.2336873 
Neam       0.2822889 0.2628060 0.3818164 0.2471837 0.0000000 0.3425634 0.3637045 0.4058661 0.4037676 0.3159716 0.0066916 0.3726804 0.2016424 
RuprSFB    0.4051854 0.3568284 0.3321027 0.3171595 0.3425634 0.0000000 0.3385919 0.4527279 0.4292205 0.3761708 0.3053053 0.3499075 0.3064428 
Retr       0.4010989 0.3682061 0.3798063 0.3191465 0.3637045 0.3385919 0.0000000 0.3792163 0.3823040 0.4064704 0.3298969 0.1632744 0.3262536 
Beta       0.4726935 0.4315471 0.4576982 0.4116638 0.4058661 0.4527279 0.3792163 0.0000000 0.1211479 0.4642255 0.3701115 0.4067093 0.4106453 
Spol       0.4461199 0.4002653 0.4535279 0.3765703 0.4037676 0.4292205 0.3823040 0.1211479 0.0000000 0.4455613 0.3999921 0.4065938 0.4077283 
MJM1652    0.3450375 0.1438920 0.4620553 0.1653664 0.3159716 0.3761708 0.4064704 0.4642255 0.4455613 0.0000000 0.2974877 0.3870091 0.2957931 
NepSFB     0.2785740 0.2531693 0.3611445 0.2562037 0.0066916 0.3053053 0.3298969 0.3701115 0.3999921 0.2974877 0.0000000 0.3871996 0.1858728 
WPYJ       0.3633914 0.3633112 0.3412071 0.3472497 0.3726804 0.3499075 0.1632744 0.4067093 0.4065938 0.3870091 0.3871996 0.0000000 0.3297886 
MJM2940    0.1998884 0.2477410 0.3696228 0.2336873 0.2016424 0.3064428 0.3262536 0.4106453 0.4077283 0.2957931 0.1858728 0.3297886 0.0000000 
