13
DrolusSFB  0.0000000 0.2914014 0.4953784 0.3294829 0.2198567 0.3739160 0.3198242 0.3802024 0.3735767 0.3398401 0.2253709 0.2563636 0.2098243 
Dino       0.2914014 0.0000000 0.4759721 0.1726250 0.2043153 0.3046242 0.3486349 0.3874130 0.4055100 0.1586355 0.2046128 0.2847367 0.2830439 
MJM3360    0.4953784 0.4759721 0.0000000 0.5565896 0.4236747 0.3331267 0.4589547 0.4946239 0.5327588 0.4936197 0.4318985 0.3282785 0.4986183 
DrobinSFB  0.3294829 0.1726250 0.5565896 0.0000000 0.2442528 0.3695501 0.4233608 0.3895973 0.4157572 0.2467077 0.2532152 0.3044892 0.3357415 
Neam       0.2198567 0.2043153 0.4236747 0.2442528 0.0000000 0.2870571 0.2860800 0.3341519 0.3569586 0.2440303 0.0089754 0.1846200 0.2216630 
RuprSFB    0.3739160 0.3046242 0.3331267 0.3695501 0.2870571 0.0000000 0.3413815 0.4190022 0.4486923 0.3694558 0.2932909 0.3190363 0.3518204 
Retr       0.3198242 0.3486349 0.4589547 0.4233608 0.2860800 0.3413815 0.0000000 0.4167346 0.4159098 0.4046213 0.2897655 0.1474106 0.3293790 
Beta       0.3802024 0.3874130 0.4946239 0.3895973 0.3341519 0.4190022 0.4167346 0.0000000 0.1443740 0.4368795 0.3340318 0.2806812 0.4227348 
Spol       0.3735767 0.4055100 0.5327588 0.4157572 0.3569586 0.4486923 0.4159098 0.1443740 0.0000000 0.4636034 0.3574749 0.2953272 0.4216883 
MJM1652    0.3398401 0.1586355 0.4936197 0.2467077 0.2440303 0.3694558 0.4046213 0.4368795 0.4636034 0.0000000 0.2443932 0.3232843 0.3114784 
NepSFB     0.2253709 0.2046128 0.4318985 0.2532152 0.0089754 0.2932909 0.2897655 0.3340318 0.3574749 0.2443932 0.0000000 0.1935943 0.2296577 
WPYJ       0.2563636 0.2847367 0.3282785 0.3044892 0.1846200 0.3190363 0.1474106 0.2806812 0.2953272 0.3232843 0.1935943 0.0000000 0.2587687 
MJM2940    0.2098243 0.2830439 0.4986183 0.3357415 0.2216630 0.3518204 0.3293790 0.4227348 0.4216883 0.3114784 0.2296577 0.2587687 0.0000000 
