13
DrolusSFB  0.0000000 0.2371103 0.3025811 0.2472089 0.2164113 0.2560416 0.2595129 0.2778957 0.2862977 0.2717042 0.2086089 0.2965673 0.1851012 
Dino       0.2371103 0.0000000 0.2953420 0.1523041 0.2696175 0.2448502 0.2681794 0.2905206 0.2849993 0.1372193 0.2719655 0.2909703 0.2281152 
MJM3360    0.3025811 0.2953420 0.0000000 0.3567198 0.2748895 0.2569957 0.2943455 0.2605334 0.2877284 0.3487631 0.2656570 0.3053191 0.2714072 
DrobinSFB  0.2472089 0.1523041 0.3567198 0.0000000 0.2044769 0.2782360 0.2780300 0.2998608 0.2923631 0.1679515 0.2074978 0.3277835 0.2513448 
Neam       0.2164113 0.2696175 0.2748895 0.2044769 0.0000000 0.2355781 0.2667583 0.2854763 0.2635567 0.2816364 0.0080317 0.2924966 0.1907251 
RuprSFB    0.2560416 0.2448502 0.2569957 0.2782360 0.2355781 0.0000000 0.2439555 0.2785187 0.3047774 0.2780464 0.2347802 0.2795374 0.2307040 
Retr       0.2595129 0.2681794 0.2943455 0.2780300 0.2667583 0.2439555 0.0000000 0.2629786 0.2869268 0.2777306 0.2638026 0.1574809 0.2462873 
Beta       0.2778957 0.2905206 0.2605334 0.2998608 0.2854763 0.2785187 0.2629786 0.0000000 0.1121383 0.3326062 0.2781047 0.3153129 0.2641355 
Spol       0.2862977 0.2849993 0.2877284 0.2923631 0.2635567 0.3047774 0.2869268 0.1121383 0.0000000 0.3178716 0.2587511 0.3063108 0.2544085 
MJM1652    0.2717042 0.1372193 0.3487631 0.1679515 0.2816364 0.2780464 0.2777306 0.3326062 0.3178716 0.0000000 0.2792315 0.3281558 0.2494817 
NepSFB     0.2086089 0.2719655 0.2656570 0.2074978 0.0080317 0.2347802 0.2638026 0.2781047 0.2587511 0.2792315 0.0000000 0.2930863 0.1885277 
WPYJ       0.2965673 0.2909703 0.3053191 0.3277835 0.2924966 0.2795374 0.1574809 0.3153129 0.3063108 0.3281558 0.2930863 0.0000000 0.2667514 
MJM2940    0.1851012 0.2281152 0.2714072 0.2513448 0.1907251 0.2307040 0.2462873 0.2641355 0.2544085 0.2494817 0.1885277 0.2667514 0.0000000 
