13
DrolusSFB  0.0000000 0.3861971 0.5015466 0.4425882 0.2870946 0.3476065 0.3494199 0.3830460 0.3712842 0.4128353 0.2837524 0.3610572 0.1328806 
Dino       0.3861971 0.0000000 0.5857548 0.2422763 0.3658480 0.4350376 0.4429405 0.4723757 0.4651030 0.1752925 0.3637493 0.4787231 0.2557708 
MJM3360    0.5015466 0.5857548 0.0000000 0.6376063 0.4799138 0.3618955 0.5075802 0.4788849 0.4726784 0.5981963 0.4796931 0.5352469 0.3729194 
DrobinSFB  0.4425882 0.2422763 0.6376063 0.0000000 0.4760491 0.5247968 0.5445721 0.5335208 0.5206845 0.2995598 0.4737300 0.5480253 0.3405536 
Neam       0.2870946 0.3658480 0.4799138 0.4760491 0.0000000 0.3458255 0.3146579 0.3797362 0.3821871 0.4114133 0.0100199 0.3365534 0.0721603 
RuprSFB    0.3476065 0.4350376 0.3618955 0.5247968 0.3458255 0.0000000 0.3389334 0.3867894 0.3621559 0.4546887 0.3533491 0.3915173 0.2641294 
Retr       0.3494199 0.4429405 0.5075802 0.5445721 0.3146579 0.3389334 0.0000000 0.3523529 0.3489714 0.4642396 0.3157003 0.2286089 0.2149174 
Beta       0.3830460 0.4723757 0.4788849 0.5335208 0.3797362 0.3867894 0.3523529 0.0000000 0.1497520 0.5182271 0.3808424 0.3835678 0.2416273 
Spol       0.3712842 0.4651030 0.4726784 0.5206845 0.3821871 0.3621559 0.3489714 0.1497520 0.0000000 0.4970227 0.3836078 0.3683046 0.2413948 
MJM1652    0.4128353 0.1752925 0.5981963 0.2995598 0.4114133 0.4546887 0.4642396 0.5182271 0.4970227 0.0000000 0.4051866 0.4670411 0.2791287 
NepSFB     0.2837524 0.3637493 0.4796931 0.4737300 0.0100199 0.3533491 0.3157003 0.3808424 0.3836078 0.4051866 0.0000000 0.3426501 0.0818589 
WPYJ       0.3610572 0.4787231 0.5352469 0.5480253 0.3365534 0.3915173 0.2286089 0.3835678 0.3683046 0.4670411 0.3426501 0.0000000 0.2495150 
MJM2940    0.1328806 0.2557708 0.3729194 0.3405536 0.0721603 0.2641294 0.2149174 0.2416273 0.2413948 0.2791287 0.0818589 0.2495150 0.0000000 
