13
DrolusSFB  0.0000000 0.3025871 0.3975869 0.3326824 0.2221337 0.3739638 0.3303080 0.3079088 0.2942925 0.3342797 0.2169325 0.2791742 0.2317820 
Dino       0.3025871 0.0000000 0.3862056 0.1501602 0.2708552 0.3847454 0.3356001 0.3326922 0.3730773 0.1352970 0.2687417 0.2593541 0.2904589 
MJM3360    0.3975869 0.3862056 0.0000000 0.3966708 0.3662531 0.3501831 0.3720464 0.3469827 0.3833355 0.4351687 0.3696269 0.2871558 0.3475197 
DrobinSFB  0.3326824 0.1501602 0.3966708 0.0000000 0.2737038 0.3920888 0.3855922 0.3274728 0.3564629 0.1844392 0.2767321 0.2798184 0.2768908 
Neam       0.2221337 0.2708552 0.3662531 0.2737038 0.0000000 0.3317002 0.3005369 0.2643030 0.2816855 0.2835434 0.0122406 0.2110350 0.2052818 
RuprSFB    0.3739638 0.3847454 0.3501831 0.3920888 0.3317002 0.0000000 0.3080530 0.3265005 0.3498726 0.3557770 0.3358723 0.2768079 0.3047061 
Retr       0.3303080 0.3356001 0.3720464 0.3855922 0.3005369 0.3080530 0.0000000 0.3384561 0.3234180 0.3564309 0.3061780 0.1481973 0.2697578 
Beta       0.3079088 0.3326922 0.3469827 0.3274728 0.2643030 0.3265005 0.3384561 0.0000000 0.1271943 0.3400950 0.2608446 0.2805998 0.2858280 
Spol       0.2942925 0.3730773 0.3833355 0.3564629 0.2816855 0.3498726 0.3234180 0.1271943 0.0000000 0.3865891 0.2800211 0.2677555 0.3130242 
MJM1652    0.3342797 0.1352970 0.4351687 0.1844392 0.2835434 0.3557770 0.3564309 0.3400950 0.3865891 0.0000000 0.2859302 0.2865794 0.3031241 
NepSFB     0.2169325 0.2687417 0.3696269 0.2767321 0.0122406 0.3358723 0.3061780 0.2608446 0.2800211 0.2859302 0.0000000 0.2180787 0.1994825 
WPYJ       0.2791742 0.2593541 0.2871558 0.2798184 0.2110350 0.2768079 0.1481973 0.2805998 0.2677555 0.2865794 0.2180787 0.0000000 0.2412965 
MJM2940    0.2317820 0.2904589 0.3475197 0.2768908 0.2052818 0.3047061 0.2697578 0.2858280 0.3130242 0.3031241 0.1994825 0.2412965 0.0000000 
