13
DrolusSFB  0.0000000 0.2988119 0.3568754 0.4158873 0.2577396 0.4068532 0.3915512 0.3549062 0.3566829 0.3485659 0.2545448 0.3570164 0.1841762 
Dino       0.2988119 0.0000000 0.2858736 0.1673158 0.2143244 0.2998652 0.2419282 0.3477522 0.3396231 0.1114499 0.2111836 0.3024026 0.2158061 
MJM3360    0.3568754 0.2858736 0.0000000 0.4248699 0.3600917 0.2894581 0.3910907 0.4833800 0.3805939 0.3779941 0.3482535 0.3514755 0.3287538 
DrobinSFB  0.4158873 0.1673158 0.4248699 0.0000000 0.2978273 0.3710080 0.3799105 0.3989419 0.3882450 0.2272053 0.3006080 0.4012128 0.3220482 
Neam       0.2577396 0.2143244 0.3600917 0.2978273 0.0000000 0.3257788 0.2960265 0.3434415 0.3293856 0.2744985 0.0077672 0.2897829 0.1458224 
RuprSFB    0.4068532 0.2998652 0.2894581 0.3710080 0.3257788 0.0000000 0.3874085 0.4600543 0.3533118 0.3660247 0.3137599 0.3483307 0.2794992 
Retr       0.3915512 0.2419282 0.3910907 0.3799105 0.2960265 0.3874085 0.0000000 0.4356273 0.4162533 0.3656585 0.2827169 0.1742633 0.2914203 
Beta       0.3549062 0.3477522 0.4833800 0.3989419 0.3434415 0.4600543 0.4356273 0.0000000 0.1435044 0.4281440 0.3412577 0.3792868 0.3574442 
Spol       0.3566829 0.3396231 0.3805939 0.3882450 0.3293856 0.3533118 0.4162533 0.1435044 0.0000000 0.4199277 0.3272918 0.3422142 0.3191614 
MJM1652    0.3485659 0.1114499 0.3779941 0.2272053 0.2744985 0.3660247 0.3656585 0.4281440 0.4199277 0.0000000 0.2707898 0.3338753 0.2824778 
NepSFB     0.2545448 0.2111836 0.3482535 0.3006080 0.0077672 0.3137599 0.2827169 0.3412577 0.3272918 0.2707898 0.0000000 0.2869562 0.1436569 
WPYJ       0.3570164 0.3024026 0.3514755 0.4012128 0.2897829 0.3483307 0.1742633 0.3792868 0.3422142 0.3338753 0.2869562 0.0000000 0.2941783 
MJM2940    0.1841762 0.2158061 0.3287538 0.3220482 0.1458224 0.2794992 0.2914203 0.3574442 0.3191614 0.2824778 0.1436569 0.2941783 0.0000000 
