13
DrolusSFB  0.0000000 0.2535096 0.2663144 0.2629741 0.2143721 0.2434829 0.2903228 0.2694867 0.2704983 0.2853193 0.2139713 0.2838268 0.1620967 
Dino       0.2535096 0.0000000 0.2944907 0.1889604 0.2281230 0.2949713 0.3142831 0.3195628 0.3527066 0.1315876 0.2238251 0.3483920 0.2445936 
MJM3360    0.2663144 0.2944907 0.0000000 0.3148993 0.3151061 0.2150817 0.3400171 0.3364120 0.3673129 0.3009724 0.3009109 0.3241288 0.2773693 
DrobinSFB  0.2629741 0.1889604 0.3148993 0.0000000 0.2717211 0.3035097 0.3457643 0.3994219 0.4073846 0.2014686 0.2645783 0.4059736 0.2606305 
Neam       0.2143721 0.2281230 0.3151061 0.2717211 0.0000000 0.2665238 0.2943392 0.3054226 0.2977337 0.2524999 0.0074761 0.2828793 0.1756841 
RuprSFB    0.2434829 0.2949713 0.2150817 0.3035097 0.2665238 0.0000000 0.3080038 0.3469072 0.3865266 0.3441804 0.2558449 0.2924169 0.2471588 
Retr       0.2903228 0.3142831 0.3400171 0.3457643 0.2943392 0.3080038 0.0000000 0.3475002 0.3561239 0.3163362 0.2810330 0.1592919 0.2581131 
Beta       0.2694867 0.3195628 0.3364120 0.3994219 0.3054226 0.3469072 0.3475002 0.0000000 0.0992619 0.3218140 0.2975024 0.3427926 0.2447079 
Spol       0.2704983 0.3527066 0.3673129 0.4073846 0.2977337 0.3865266 0.3561239 0.0992619 0.0000000 0.3682494 0.2923954 0.3364020 0.2627608 
MJM1652    0.2853193 0.1315876 0.3009724 0.2014686 0.2524999 0.3441804 0.3163362 0.3218140 0.3682494 0.0000000 0.2458889 0.3797233 0.2388875 
NepSFB     0.2139713 0.2238251 0.3009109 0.2645783 0.0074761 0.2558449 0.2810330 0.2975024 0.2923954 0.2458889 0.0000000 0.2758318 0.1692371 
WPYJ       0.2838268 0.3483920 0.3241288 0.4059736 0.2828793 0.2924169 0.1592919 0.3427926 0.3364020 0.3797233 0.2758318 0.0000000 0.2994329 
MJM2940    0.1620967 0.2445936 0.2773693 0.2606305 0.1756841 0.2471588 0.2581131 0.2447079 0.2627608 0.2388875 0.1692371 0.2994329 0.0000000 
