13
DrolusSFB  0.0000000 0.3866609 0.4720424 0.5073303 0.3148944 0.3846480 0.4699673 0.3873154 0.3670701 0.4086066 0.3141166 0.5184683 0.2587515 
Dino       0.3866609 0.0000000 0.4908792 0.4289728 0.3589109 0.4276021 0.5399363 0.4582968 0.5054977 0.1358594 0.3575707 0.5834215 0.3734484 
MJM3360    0.4720424 0.4908792 0.0000000 0.6433764 0.4937877 0.3772328 0.6779610 0.5732859 0.5807587 0.4698849 0.5095856 0.5618022 0.4772773 
DrobinSFB  0.5073303 0.4289728 0.6433764 0.0000000 0.5757170 0.5916272 0.6958086 0.6724840 0.6368055 0.4516705 0.5770467 0.7144949 0.5410694 
Neam       0.3148944 0.3589109 0.4937877 0.5757170 0.0000000 0.3775946 0.4042037 0.4091377 0.3777287 0.3612732 0.0193026 0.4745984 0.2713015 
RuprSFB    0.3846480 0.4276021 0.3772328 0.5916272 0.3775946 0.0000000 0.4692578 0.4369969 0.4340793 0.4555675 0.3851858 0.5068333 0.3714387 
Retr       0.4699673 0.5399363 0.6779610 0.6958086 0.4042037 0.4692578 0.0000000 0.4382213 0.3782220 0.5731418 0.4082777 0.1803628 0.4020543 
Beta       0.3873154 0.4582968 0.5732859 0.6724840 0.4091377 0.4369969 0.4382213 0.0000000 0.2219701 0.4897728 0.4156567 0.5308719 0.3870867 
Spol       0.3670701 0.5054977 0.5807587 0.6368055 0.3777287 0.4340793 0.3782220 0.2219701 0.0000000 0.5470884 0.3799697 0.4076796 0.3558762 
MJM1652    0.4086066 0.1358594 0.4698849 0.4516705 0.3612732 0.4555675 0.5731418 0.4897728 0.5470884 0.0000000 0.3637473 0.6658080 0.4396943 
NepSFB     0.3141166 0.3575707 0.5095856 0.5770467 0.0193026 0.3851858 0.4082777 0.4156567 0.3799697 0.3637473 0.0000000 0.4754647 0.2795801 
WPYJ       0.5184683 0.5834215 0.5618022 0.7144949 0.4745984 0.5068333 0.1803628 0.5308719 0.4076796 0.6658080 0.4754647 0.0000000 0.4024076 
MJM2940    0.2587515 0.3734484 0.4772773 0.5410694 0.2713015 0.3714387 0.4020543 0.3870867 0.3558762 0.4396943 0.2795801 0.4024076 0.0000000 
