13
DrolusSFB  0.0000000 0.3122365 0.3520975 0.3475474 0.2505419 0.3479391 0.3379167 0.3409947 0.3540770 0.3226569 0.2464479 0.3440040 0.1911521 
Dino       0.3122365 0.0000000 0.3700969 0.2180112 0.3055786 0.3414851 0.3653702 0.4917024 0.4688282 0.1707525 0.3010344 0.3861506 0.2971502 
MJM3360    0.3520975 0.3700969 0.0000000 0.4194772 0.3156814 0.2874011 0.3921353 0.4267831 0.3928781 0.3845919 0.3088246 0.3837072 0.3416180 
DrobinSFB  0.3475474 0.2180112 0.4194772 0.0000000 0.3106939 0.4076598 0.4122158 0.4748085 0.4253606 0.2491382 0.3003060 0.4527756 0.3081446 
Neam       0.2505419 0.3055786 0.3156814 0.3106939 0.0000000 0.3067307 0.3263548 0.4449262 0.4108206 0.3231828 0.0116822 0.3444449 0.2407953 
RuprSFB    0.3479391 0.3414851 0.2874011 0.4076598 0.3067307 0.0000000 0.4030219 0.4498524 0.4158565 0.3780093 0.3016398 0.4294868 0.2998027 
Retr       0.3379167 0.3653702 0.3921353 0.4122158 0.3263548 0.4030219 0.0000000 0.4498034 0.4312033 0.3792641 0.3222110 0.2098793 0.3139720 
Beta       0.3409947 0.4917024 0.4267831 0.4748085 0.4449262 0.4498524 0.4498034 0.0000000 0.1867429 0.4832339 0.4445636 0.4850663 0.4100643 
Spol       0.3540770 0.4688282 0.3928781 0.4253606 0.4108206 0.4158565 0.4312033 0.1867429 0.0000000 0.4535175 0.4104282 0.4936344 0.3896607 
MJM1652    0.3226569 0.1707525 0.3845919 0.2491382 0.3231828 0.3780093 0.3792641 0.4832339 0.4535175 0.0000000 0.3221756 0.4103591 0.3201972 
NepSFB     0.2464479 0.3010344 0.3088246 0.3003060 0.0116822 0.3016398 0.3222110 0.4445636 0.4104282 0.3221756 0.0000000 0.3386246 0.2408001 
WPYJ       0.3440040 0.3861506 0.3837072 0.4527756 0.3444449 0.4294868 0.2098793 0.4850663 0.4936344 0.4103591 0.3386246 0.0000000 0.3560965 
MJM2940    0.1911521 0.2971502 0.3416180 0.3081446 0.2407953 0.2998027 0.3139720 0.4100643 0.3896607 0.3201972 0.2408001 0.3560965 0.0000000 
