13
DrolusSFB  0.0000000 0.2368381 0.3434281 0.3045234 0.2508689 0.2698946 0.3284723 0.3092753 0.3086335 0.2566594 0.2505570 0.3432281 0.1639131 
Dino       0.2368381 0.0000000 0.3160183 0.1626133 0.1850294 0.2566500 0.2881084 0.2783136 0.2778242 0.1182246 0.1871613 0.3302129 0.2077629 
MJM3360    0.3434281 0.3160183 0.0000000 0.3731544 0.3516242 0.2722218 0.3455446 0.3682352 0.3657460 0.3671513 0.3478738 0.3595968 0.2969320 
DrobinSFB  0.3045234 0.1626133 0.3731544 0.0000000 0.2571367 0.3071313 0.3462982 0.3548809 0.3425435 0.2032375 0.2654398 0.3926206 0.2930361 
Neam       0.2508689 0.1850294 0.3516242 0.2571367 0.0000000 0.2701503 0.2703608 0.2849481 0.2767522 0.2257000 0.0163916 0.2929145 0.1800816 
RuprSFB    0.2698946 0.2566500 0.2722218 0.3071313 0.2701503 0.0000000 0.2948914 0.2858015 0.2982237 0.2847493 0.2765635 0.3537498 0.2540674 
Retr       0.3284723 0.2881084 0.3455446 0.3462982 0.2703608 0.2948914 0.0000000 0.3109914 0.2982129 0.3109937 0.2738860 0.1649839 0.2695950 
Beta       0.3092753 0.2783136 0.3682352 0.3548809 0.2849481 0.2858015 0.3109914 0.0000000 0.1189343 0.3193313 0.2872509 0.3181760 0.2587157 
Spol       0.3086335 0.2778242 0.3657460 0.3425435 0.2767522 0.2982237 0.2982129 0.1189343 0.0000000 0.3196440 0.2713476 0.3182499 0.2720346 
MJM1652    0.2566594 0.1182246 0.3671513 0.2032375 0.2257000 0.2847493 0.3109937 0.3193313 0.3196440 0.0000000 0.2194846 0.3664459 0.2060794 
NepSFB     0.2505570 0.1871613 0.3478738 0.2654398 0.0163916 0.2765635 0.2738860 0.2872509 0.2713476 0.2194846 0.0000000 0.2983829 0.1931337 
WPYJ       0.3432281 0.3302129 0.3595968 0.3926206 0.2929145 0.3537498 0.1649839 0.3181760 0.3182499 0.3664459 0.2983829 0.0000000 0.3038565 
MJM2940    0.1639131 0.2077629 0.2969320 0.2930361 0.1800816 0.2540674 0.2695950 0.2587157 0.2720346 0.2060794 0.1931337 0.3038565 0.0000000 
