13
DrolusSFB  0.0000000 0.3320886 0.3171612 0.3143159 0.1909367 0.2699011 0.3061820 0.3588642 0.3777898 0.3474028 0.2910963 0.2999577 0.2081158 
Dino       0.3320886 0.0000000 0.3555071 0.2332255 0.2021695 0.3357197 0.3135978 0.3722858 0.3637967 0.1665630 0.3420485 0.2919690 0.2897108 
MJM3360    0.3171612 0.3555071 0.0000000 0.3357202 0.3061399 0.2708035 0.3402694 0.3534240 0.3731159 0.3794819 0.2900252 0.3101666 0.2905751 
DrobinSFB  0.3143159 0.2332255 0.3357202 0.0000000 0.1962705 0.3067623 0.2674279 0.3578213 0.3576656 0.2636917 0.2933779 0.2803921 0.2787600 
Neam       0.1909367 0.2021695 0.3061399 0.1962705 0.0000000 0.2212418 0.2187140 0.2937102 0.2907731 0.2212533 0.0125829 0.2218878 0.1326176 
RuprSFB    0.2699011 0.3357197 0.2708035 0.3067623 0.2212418 0.0000000 0.2502110 0.2820603 0.3252751 0.3426891 0.2498027 0.2828655 0.2572148 
Retr       0.3061820 0.3135978 0.3402694 0.2674279 0.2187140 0.2502110 0.0000000 0.2907704 0.2906567 0.3282267 0.2591945 0.1789947 0.2778432 
Beta       0.3588642 0.3722858 0.3534240 0.3578213 0.2937102 0.2820603 0.2907704 0.0000000 0.1354617 0.4549291 0.3385054 0.2948798 0.3399555 
Spol       0.3777898 0.3637967 0.3731159 0.3576656 0.2907731 0.3252751 0.2906567 0.1354617 0.0000000 0.4395877 0.3782247 0.2904359 0.3348535 
MJM1652    0.3474028 0.1665630 0.3794819 0.2636917 0.2212533 0.3426891 0.3282267 0.4549291 0.4395877 0.0000000 0.3494212 0.3252547 0.2866045 
NepSFB     0.2910963 0.3420485 0.2900252 0.2933779 0.0125829 0.2498027 0.2591945 0.3385054 0.3782247 0.3494212 0.0000000 0.2964929 0.2267831 
WPYJ       0.2999577 0.2919690 0.3101666 0.2803921 0.2218878 0.2828655 0.1789947 0.2948798 0.2904359 0.3252547 0.2964929 0.0000000 0.2859171 
MJM2940    0.2081158 0.2897108 0.2905751 0.2787600 0.1326176 0.2572148 0.2778432 0.3399555 0.3348535 0.2866045 0.2267831 0.2859171 0.0000000 
