13
DrolusSFB  0.0000000 0.3722838 0.3241456 0.3828594 0.2735733 0.3260730 0.3384973 0.4483937 0.4772102 0.4096825 0.2713635 0.3443267 0.1693835 
Dino       0.3722838 0.0000000 0.3605995 0.2009914 0.3055112 0.3431845 0.3685559 0.4946276 0.5211700 0.1870978 0.3002188 0.3532149 0.3249505 
MJM3360    0.3241456 0.3605995 0.0000000 0.4067965 0.3526110 0.2975514 0.3899269 0.4214229 0.4152600 0.3737310 0.3560924 0.3878928 0.3185938 
DrobinSFB  0.3828594 0.2009914 0.4067965 0.0000000 0.3501020 0.3531698 0.3560479 0.5219811 0.5081235 0.2476149 0.3466805 0.3820950 0.3366181 
Neam       0.2735733 0.3055112 0.3526110 0.3501020 0.0000000 0.3327783 0.3199469 0.4009372 0.4513133 0.3434455 0.0083410 0.3475365 0.2089804 
RuprSFB    0.3260730 0.3431845 0.2975514 0.3531698 0.3327783 0.0000000 0.2901178 0.3799160 0.3903139 0.3455635 0.3318771 0.3338175 0.3052824 
Retr       0.3384973 0.3685559 0.3899269 0.3560479 0.3199469 0.2901178 0.0000000 0.3464663 0.3912122 0.3611833 0.3215883 0.1525385 0.2885570 
Beta       0.4483937 0.4946276 0.4214229 0.5219811 0.4009372 0.3799160 0.3464663 0.0000000 0.1613334 0.5499379 0.3977726 0.3873425 0.3925558 
Spol       0.4772102 0.5211700 0.4152600 0.5081235 0.4513133 0.3903139 0.3912122 0.1613334 0.0000000 0.5798089 0.4532810 0.4070944 0.4493589 
MJM1652    0.4096825 0.1870978 0.3737310 0.2476149 0.3434455 0.3455635 0.3611833 0.5499379 0.5798089 0.0000000 0.3363351 0.3885056 0.3647631 
NepSFB     0.2713635 0.3002188 0.3560924 0.3466805 0.0083410 0.3318771 0.3215883 0.3977726 0.4532810 0.3363351 0.0000000 0.3487436 0.2051280 
WPYJ       0.3443267 0.3532149 0.3878928 0.3820950 0.3475365 0.3338175 0.1525385 0.3873425 0.4070944 0.3885056 0.3487436 0.0000000 0.2922471 
MJM2940    0.1693835 0.3249505 0.3185938 0.3366181 0.2089804 0.3052824 0.2885570 0.3925558 0.4493589 0.3647631 0.2051280 0.2922471 0.0000000 
