13
DrolusSFB  0.0000000 0.3102484 0.3719658 0.3210440 0.2498861 0.3306395 0.3371522 0.3395610 0.3425921 0.3112012 0.2447622 0.3777542 0.1701704 
Dino       0.3102484 0.0000000 0.3948017 0.1724198 0.2919960 0.3659409 0.3175683 0.4086422 0.4209081 0.1608545 0.2896883 0.3676616 0.2794746 
MJM3360    0.3719658 0.3948017 0.0000000 0.4111521 0.3291096 0.3232626 0.3600679 0.3943739 0.4090803 0.3881933 0.3263484 0.4044894 0.3463732 
DrobinSFB  0.3210440 0.1724198 0.4111521 0.0000000 0.2617742 0.3984814 0.3159632 0.3657549 0.3890975 0.1948982 0.2610261 0.3639099 0.2527077 
Neam       0.2498861 0.2919960 0.3291096 0.2617742 0.0000000 0.3116377 0.2895076 0.3211052 0.3391457 0.2716804 0.0094452 0.3296963 0.1861379 
RuprSFB    0.3306395 0.3659409 0.3232626 0.3984814 0.3116377 0.0000000 0.3420585 0.3728194 0.3840873 0.3372993 0.3082814 0.4244789 0.2760181 
Retr       0.3371522 0.3175683 0.3600679 0.3159632 0.2895076 0.3420585 0.0000000 0.3659711 0.3539442 0.3110462 0.2810040 0.1692135 0.2813359 
Beta       0.3395610 0.4086422 0.3943739 0.3657549 0.3211052 0.3728194 0.3659711 0.0000000 0.1470568 0.4330393 0.3250341 0.3881828 0.3334491 
Spol       0.3425921 0.4209081 0.4090803 0.3890975 0.3391457 0.3840873 0.3539442 0.1470568 0.0000000 0.4454977 0.3375712 0.4191195 0.3353194 
MJM1652    0.3112012 0.1608545 0.3881933 0.1948982 0.2716804 0.3372993 0.3110462 0.4330393 0.4454977 0.0000000 0.2720551 0.3569514 0.2636853 
NepSFB     0.2447622 0.2896883 0.3263484 0.2610261 0.0094452 0.3082814 0.2810040 0.3250341 0.3375712 0.2720551 0.0000000 0.3270042 0.1851473 
WPYJ       0.3777542 0.3676616 0.4044894 0.3639099 0.3296963 0.4244789 0.1692135 0.3881828 0.4191195 0.3569514 0.3270042 0.0000000 0.3041656 
MJM2940    0.1701704 0.2794746 0.3463732 0.2527077 0.1861379 0.2760181 0.2813359 0.3334491 0.3353194 0.2636853 0.1851473 0.3041656 0.0000000 
