13
DrolusSFB  0.0000000 0.3136212 0.3950130 0.3412041 0.2583768 0.3126106 0.3631326 0.3336636 0.3349480 0.3262867 0.2664764 0.3752329 0.1656814 
Dino       0.3136212 0.0000000 0.4125559 0.2048427 0.2403276 0.3326325 0.3479197 0.3437419 0.3369438 0.1557170 0.2466902 0.3539786 0.2619448 
MJM3360    0.3950130 0.4125559 0.0000000 0.4244460 0.3520589 0.2709502 0.3994006 0.4368228 0.4152644 0.4062394 0.3571207 0.4078531 0.3349724 
DrobinSFB  0.3412041 0.2048427 0.4244460 0.0000000 0.3100320 0.3587122 0.3950229 0.3951799 0.3652534 0.2173235 0.3154503 0.3830832 0.3010730 
Neam       0.2583768 0.2403276 0.3520589 0.3100320 0.0000000 0.3055643 0.3072337 0.3088272 0.2837006 0.2700588 0.0100395 0.3021920 0.1943352 
RuprSFB    0.3126106 0.3326325 0.2709502 0.3587122 0.3055643 0.0000000 0.3630103 0.3725118 0.3622171 0.3535690 0.3161814 0.3594403 0.3054781 
Retr       0.3631326 0.3479197 0.3994006 0.3950229 0.3072337 0.3630103 0.0000000 0.3903159 0.3491027 0.3593663 0.3124675 0.1979281 0.2968216 
Beta       0.3336636 0.3437419 0.4368228 0.3951799 0.3088272 0.3725118 0.3903159 0.0000000 0.1246313 0.3603511 0.3158377 0.4250760 0.2643022 
Spol       0.3349480 0.3369438 0.4152644 0.3652534 0.2837006 0.3622171 0.3491027 0.1246313 0.0000000 0.3802438 0.2985727 0.3679301 0.2709558 
MJM1652    0.3262867 0.1557170 0.4062394 0.2173235 0.2700588 0.3535690 0.3593663 0.3603511 0.3802438 0.0000000 0.2804595 0.3540742 0.2671112 
NepSFB     0.2664764 0.2466902 0.3571207 0.3154503 0.0100395 0.3161814 0.3124675 0.3158377 0.2985727 0.2804595 0.0000000 0.3147795 0.1998931 
WPYJ       0.3752329 0.3539786 0.4078531 0.3830832 0.3021920 0.3594403 0.1979281 0.4250760 0.3679301 0.3540742 0.3147795 0.0000000 0.3307821 
MJM2940    0.1656814 0.2619448 0.3349724 0.3010730 0.1943352 0.3054781 0.2968216 0.2643022 0.2709558 0.2671112 0.1998931 0.3307821 0.0000000 
