13
DrolusSFB  0.0000000 0.3116038 0.3884477 0.4207490 0.3357967 0.3330368 0.3490066 0.3394950 0.3585298 0.3410356 0.3271754 0.3718585 0.2207780 
Dino       0.3116038 0.0000000 0.3368906 0.1787249 0.2933626 0.2883615 0.3662107 0.3789755 0.3600909 0.1417275 0.2819119 0.4023963 0.2564552 
MJM3360    0.3884477 0.3368906 0.0000000 0.4053044 0.3695457 0.3217532 0.4196242 0.4025098 0.4128802 0.3235048 0.3637763 0.4377350 0.3300249 
DrobinSFB  0.4207490 0.1787249 0.4053044 0.0000000 0.3944676 0.3824112 0.4661962 0.4386391 0.4326048 0.2280190 0.3819219 0.5185901 0.3592819 
Neam       0.3357967 0.2933626 0.3695457 0.3944676 0.0000000 0.3308216 0.3899267 0.3985434 0.3986453 0.3230396 0.0130409 0.4402557 0.2497527 
RuprSFB    0.3330368 0.2883615 0.3217532 0.3824112 0.3308216 0.0000000 0.3684843 0.3615560 0.3851836 0.2978350 0.3268033 0.4058217 0.2612705 
Retr       0.3490066 0.3662107 0.4196242 0.4661962 0.3899267 0.3684843 0.0000000 0.3607391 0.3805537 0.4080578 0.3807713 0.1803311 0.3356216 
Beta       0.3394950 0.3789755 0.4025098 0.4386391 0.3985434 0.3615560 0.3607391 0.0000000 0.1410071 0.4187745 0.3912214 0.3915472 0.3170835 
Spol       0.3585298 0.3600909 0.4128802 0.4326048 0.3986453 0.3851836 0.3805537 0.1410071 0.0000000 0.4167643 0.3861244 0.4508182 0.3276028 
MJM1652    0.3410356 0.1417275 0.3235048 0.2280190 0.3230396 0.2978350 0.4080578 0.4187745 0.4167643 0.0000000 0.3193456 0.4359336 0.2834435 
NepSFB     0.3271754 0.2819119 0.3637763 0.3819219 0.0130409 0.3268033 0.3807713 0.3912214 0.3861244 0.3193456 0.0000000 0.4244695 0.2434018 
WPYJ       0.3718585 0.4023963 0.4377350 0.5185901 0.4402557 0.4058217 0.1803311 0.3915472 0.4508182 0.4359336 0.4244695 0.0000000 0.3391347 
MJM2940    0.2207780 0.2564552 0.3300249 0.3592819 0.2497527 0.2612705 0.3356216 0.3170835 0.3276028 0.2834435 0.2434018 0.3391347 0.0000000 
