13
DrolusSFB  0.0000000 0.3512404 0.4447206 0.3887032 0.3036986 0.3866498 0.3668023 0.4070962 0.4266414 0.3952636 0.3104954 0.3960759 0.2162021 
Dino       0.3512404 0.0000000 0.4480861 0.1982979 0.2770765 0.3570644 0.3453108 0.3880131 0.4218254 0.1801736 0.2775247 0.3774887 0.2734194 
MJM3360    0.4447206 0.4480861 0.0000000 0.4494450 0.4292729 0.3608293 0.3577256 0.4304985 0.4918580 0.5057541 0.4363311 0.4300066 0.4028816 
DrobinSFB  0.3887032 0.1982979 0.4494450 0.0000000 0.3536663 0.4400480 0.3741583 0.3824528 0.4164635 0.2454955 0.3577504 0.3963313 0.3225055 
Neam       0.3036986 0.2770765 0.4292729 0.3536663 0.0000000 0.3351328 0.3313289 0.3686759 0.4049617 0.3634291 0.0085465 0.3431478 0.1889255 
RuprSFB    0.3866498 0.3570644 0.3608293 0.4400480 0.3351328 0.0000000 0.3783182 0.3859391 0.4332978 0.4386439 0.3392547 0.3821128 0.3087624 
Retr       0.3668023 0.3453108 0.3577256 0.3741583 0.3313289 0.3783182 0.0000000 0.3412895 0.4196322 0.3998640 0.3354951 0.2209677 0.3157902 
Beta       0.4070962 0.3880131 0.4304985 0.3824528 0.3686759 0.3859391 0.3412895 0.0000000 0.1896633 0.4446648 0.3708558 0.3704302 0.3527642 
Spol       0.4266414 0.4218254 0.4918580 0.4164635 0.4049617 0.4332978 0.4196322 0.1896633 0.0000000 0.4452881 0.4122872 0.4086907 0.3752787 
MJM1652    0.3952636 0.1801736 0.5057541 0.2454955 0.3634291 0.4386439 0.3998640 0.4446648 0.4452881 0.0000000 0.3675803 0.4415051 0.3345347 
NepSFB     0.3104954 0.2775247 0.4363311 0.3577504 0.0085465 0.3392547 0.3354951 0.3708558 0.4122872 0.3675803 0.0000000 0.3463046 0.1941700 
WPYJ       0.3960759 0.3774887 0.4300066 0.3963313 0.3431478 0.3821128 0.2209677 0.3704302 0.4086907 0.4415051 0.3463046 0.0000000 0.3464278 
MJM2940    0.2162021 0.2734194 0.4028816 0.3225055 0.1889255 0.3087624 0.3157902 0.3527642 0.3752787 0.3345347 0.1941700 0.3464278 0.0000000 
