13
DrolusSFB  0.0000000 0.3378497 0.4525516 0.3756914 0.2766377 0.4157672 0.3908953 0.4450591 0.4759956 0.3859186 0.2890678 0.4172724 0.2033543 
Dino       0.3378497 0.0000000 0.4395215 0.1797513 0.2462169 0.3854848 0.3721061 0.4302603 0.4405495 0.1439768 0.2596756 0.3944155 0.2558546 
MJM3360    0.4525516 0.4395215 0.0000000 0.4700706 0.3809290 0.3064507 0.4194787 0.4816469 0.4689211 0.4752976 0.4041370 0.4125096 0.4043371 
DrobinSFB  0.3756914 0.1797513 0.4700706 0.0000000 0.2800690 0.4160938 0.4165869 0.4611851 0.4872513 0.2281233 0.3032718 0.4333261 0.3078529 
Neam       0.2766377 0.2462169 0.3809290 0.2800690 0.0000000 0.3199640 0.3116387 0.3548928 0.3740729 0.2947188 0.0243032 0.3666488 0.1997727 
RuprSFB    0.4157672 0.3854848 0.3064507 0.4160938 0.3199640 0.0000000 0.3586521 0.4364232 0.4336102 0.4207575 0.3409821 0.4017625 0.3420326 
Retr       0.3908953 0.3721061 0.4194787 0.4165869 0.3116387 0.3586521 0.0000000 0.3910303 0.4078956 0.4055541 0.3158525 0.2003253 0.3123015 
Beta       0.4450591 0.4302603 0.4816469 0.4611851 0.3548928 0.4364232 0.3910303 0.0000000 0.1433876 0.4766970 0.3768837 0.4315041 0.3761593 
Spol       0.4759956 0.4405495 0.4689211 0.4872513 0.3740729 0.4336102 0.4078956 0.1433876 0.0000000 0.4747083 0.3978496 0.4443529 0.4079595 
MJM1652    0.3859186 0.1439768 0.4752976 0.2281233 0.2947188 0.4207575 0.4055541 0.4766970 0.4747083 0.0000000 0.3153741 0.4414084 0.3115213 
NepSFB     0.2890678 0.2596756 0.4041370 0.3032718 0.0243032 0.3409821 0.3158525 0.3768837 0.3978496 0.3153741 0.0000000 0.3620144 0.2110509 
WPYJ       0.4172724 0.3944155 0.4125096 0.4333261 0.3666488 0.4017625 0.2003253 0.4315041 0.4443529 0.4414084 0.3620144 0.0000000 0.3564340 
MJM2940    0.2033543 0.2558546 0.4043371 0.3078529 0.1997727 0.3420326 0.3123015 0.3761593 0.4079595 0.3115213 0.2110509 0.3564340 0.0000000 
