13
DrolusSFB  0.0000000 0.2928634 0.3624352 0.3205485 0.3059670 0.3475625 0.3382662 0.3275378 0.3229122 0.3245859 0.3155793 1.1744726 0.1813703 
Dino       0.2928634 0.0000000 0.3788248 0.1922955 0.3296442 0.3565315 0.3554993 0.3760545 0.3957058 0.1543600 0.3395646 1.1325109 0.2626061 
MJM3360    0.3624352 0.3788248 0.0000000 0.4190306 0.4334213 0.2847660 0.3751317 0.3708704 0.3571913 0.4080538 0.4450543 1.1687007 0.3328073 
DrobinSFB  0.3205485 0.1922955 0.4190306 0.0000000 0.3812315 0.4054932 0.4135177 0.4046226 0.4069136 0.2237423 0.3905787 1.3091358 0.3043250 
Neam       0.3059670 0.3296442 0.4334213 0.3812315 0.0000000 0.3741789 0.4179661 0.3968554 0.3521695 0.3792952 0.0169146 1.2142602 0.2610312 
RuprSFB    0.3475625 0.3565315 0.2847660 0.4054932 0.3741789 0.0000000 0.3466764 0.3439550 0.3472714 0.3904341 0.3882187 1.2160042 0.3054275 
Retr       0.3382662 0.3554993 0.3751317 0.4135177 0.4179661 0.3466764 0.0000000 0.3442285 0.2314927 0.3870249 0.4317150 0.5625014 0.2934714 
Beta       0.3275378 0.3760545 0.3708704 0.4046226 0.3968554 0.3439550 0.3442285 0.0000000 0.1277509 0.4051510 0.4051915 1.1429474 0.3064384 
Spol       0.3229122 0.3957058 0.3571913 0.4069136 0.3521695 0.3472714 0.2314927 0.1277509 0.0000000 0.4185322 0.3540182 0.7600569 0.3003004 
MJM1652    0.3245859 0.1543600 0.4080538 0.2237423 0.3792952 0.3904341 0.3870249 0.4051510 0.4185322 0.0000000 0.3904836 1.1097892 0.2977636 
NepSFB     0.3155793 0.3395646 0.4450543 0.3905787 0.0169146 0.3882187 0.4317150 0.4051915 0.3540182 0.3904836 0.0000000 1.2489440 0.2733081 
WPYJ       1.1744726 1.1325109 1.1687007 1.3091358 1.2142602 1.2160042 0.5625014 1.1429474 0.7600569 1.1097892 1.2489440 0.0000000 0.9889228 
MJM2940    0.1813703 0.2626061 0.3328073 0.3043250 0.2610312 0.3054275 0.2934714 0.3064384 0.3003004 0.2977636 0.2733081 0.9889228 0.0000000 
