13
DrolusSFB  0.0000000 0.3199273 0.4499221 0.3284163 0.2890350 0.4046264 0.3669316 0.3457673 0.3744936 0.3346230 0.2807756 0.3566772 0.2010706 
Dino       0.3199273 0.0000000 0.4399370 0.2231227 0.2816952 0.3698025 0.3715354 0.3893955 0.3804789 0.1722872 0.2762217 0.3472829 0.2600750 
MJM3360    0.4499221 0.4399370 0.0000000 0.4914956 0.3868502 0.3419527 0.4290046 0.4222948 0.3949601 0.4594911 0.3782785 0.3909476 0.4096578 
DrobinSFB  0.3284163 0.2231227 0.4914956 0.0000000 0.3149787 0.4078174 0.3970349 0.3701148 0.3815002 0.2455079 0.3060341 0.3834813 0.2989434 
Neam       0.2890350 0.2816952 0.3868502 0.3149787 0.0000000 0.3605671 0.3297075 0.3408429 0.3354878 0.3167779 0.0147127 0.3204428 0.2087389 
RuprSFB    0.4046264 0.3698025 0.3419527 0.4078174 0.3605671 0.0000000 0.3610814 0.3787531 0.3807768 0.4099106 0.3480699 0.3174505 0.3437364 
Retr       0.3669316 0.3715354 0.4290046 0.3970349 0.3297075 0.3610814 0.0000000 0.3156101 0.2970987 0.3617799 0.3221169 0.1963186 0.3186172 
Beta       0.3457673 0.3893955 0.4222948 0.3701148 0.3408429 0.3787531 0.3156101 0.0000000 0.1139677 0.3796874 0.3359213 0.3453181 0.3324976 
Spol       0.3744936 0.3804789 0.3949601 0.3815002 0.3354878 0.3807768 0.2970987 0.1139677 0.0000000 0.3901636 0.3367628 0.3445432 0.3353805 
MJM1652    0.3346230 0.1722872 0.4594911 0.2455079 0.3167779 0.4099106 0.3617799 0.3796874 0.3901636 0.0000000 0.3158854 0.3071167 0.2807936 
NepSFB     0.2807756 0.2762217 0.3782785 0.3060341 0.0147127 0.3480699 0.3221169 0.3359213 0.3367628 0.3158854 0.0000000 0.3117316 0.2043969 
WPYJ       0.3566772 0.3472829 0.3909476 0.3834813 0.3204428 0.3174505 0.1963186 0.3453181 0.3445432 0.3071167 0.3117316 0.0000000 0.2818494 
MJM2940    0.2010706 0.2600750 0.4096578 0.2989434 0.2087389 0.3437364 0.3186172 0.3324976 0.3353805 0.2807936 0.2043969 0.2818494 0.0000000 
