13
DrolusSFB  0.0000000 0.3807169 0.4955785 0.4249405 0.2658018 0.4728199 0.4314718 0.4243906 0.4826288 0.4562739 0.3206272 0.4333946 0.2049107 
Dino       0.3807169 0.0000000 0.4313766 0.2547991 0.2705488 0.4467238 0.4442063 0.4538425 0.5012928 0.2765413 0.3304120 0.3936517 0.3189877 
MJM3360    0.4955785 0.4313766 0.0000000 0.4620221 0.2729050 0.3105822 0.4503766 0.3864677 0.4788287 0.5126320 0.4479325 0.4717399 0.3993217 
DrobinSFB  0.4249405 0.2547991 0.4620221 0.0000000 0.3957596 0.4910480 0.5332942 0.4595760 0.5534372 0.3565113 0.4306030 0.4459785 0.4025401 
Neam       0.2658018 0.2705488 0.2729050 0.3957596 0.0000000 0.3229542 0.3825251 0.3215723 0.3791503 0.4356979 0.0047428 0.2732625 0.1796311 
RuprSFB    0.4728199 0.4467238 0.3105822 0.4910480 0.3229542 0.0000000 0.4525868 0.3664692 0.4357846 0.5159097 0.4004019 0.4633148 0.3833064 
Retr       0.4314718 0.4442063 0.4503766 0.5332942 0.3825251 0.4525868 0.0000000 0.4172063 0.4825412 0.5440031 0.4113063 0.2573266 0.4082734 
Beta       0.4243906 0.4538425 0.3864677 0.4595760 0.3215723 0.3664692 0.4172063 0.0000000 0.1820879 0.5247467 0.3631556 0.4394991 0.3468120 
Spol       0.4826288 0.5012928 0.4788287 0.5534372 0.3791503 0.4357846 0.4825412 0.1820879 0.0000000 0.6182977 0.4232287 0.4755045 0.4122928 
MJM1652    0.4562739 0.2765413 0.5126320 0.3565113 0.4356979 0.5159097 0.5440031 0.5247467 0.6182977 0.0000000 0.4501630 0.4958799 0.3859543 
NepSFB     0.3206272 0.3304120 0.4479325 0.4306030 0.0047428 0.4004019 0.4113063 0.3631556 0.4232287 0.4501630 0.0000000 0.3819407 0.2352030 
WPYJ       0.4333946 0.3936517 0.4717399 0.4459785 0.2732625 0.4633148 0.2573266 0.4394991 0.4755045 0.4958799 0.3819407 0.0000000 0.4022772 
MJM2940    0.2049107 0.3189877 0.3993217 0.4025401 0.1796311 0.3833064 0.4082734 0.3468120 0.4122928 0.3859543 0.2352030 0.4022772 0.0000000 
