13
DrolusSFB  0.0000000 0.4362083 0.4892091 0.5224722 0.3710244 0.3926672 0.8682629 0.4759326 0.4682174 0.4419425 0.3623320 0.5403621 0.2488272 
Dino       0.4362083 0.0000000 0.3796033 0.1679133 0.2761614 0.3345213 0.2961340 0.3842174 0.3917553 0.1166729 0.2757041 0.4355918 0.2638833 
MJM3360    0.4892091 0.3796033 0.0000000 0.4236924 0.2943074 0.2448664 0.3622431 0.3860454 0.3944001 0.3815801 0.2918323 0.3903668 0.3146255 
DrobinSFB  0.5224722 0.1679133 0.4236924 0.0000000 0.3170655 0.3685606 0.3060827 0.4284539 0.4301588 0.1806416 0.3174823 0.4455237 0.3062144 
Neam       0.3710244 0.2761614 0.2943074 0.3170655 0.0000000 0.2528424 0.2863953 0.3237131 0.3269717 0.2890653 0.0112948 0.3253015 0.1932112 
RuprSFB    0.3926672 0.3345213 0.2448664 0.3685606 0.2528424 0.0000000 0.2830839 0.3248169 0.3313649 0.3425944 0.2468424 0.3479240 0.2603572 
Retr       0.8682629 0.2961340 0.3622431 0.3060827 0.2863953 0.2830839 0.0000000 0.3128830 0.3275094 0.3204308 0.2684851 0.1916733 0.2783235 
Beta       0.4759326 0.3842174 0.3860454 0.4284539 0.3237131 0.3248169 0.3128830 0.0000000 0.1252258 0.3891182 0.3096563 0.3921853 0.3270654 
Spol       0.4682174 0.3917553 0.3944001 0.4301588 0.3269717 0.3313649 0.3275094 0.1252258 0.0000000 0.3926407 0.3137735 0.3988692 0.3153462 
MJM1652    0.4419425 0.1166729 0.3815801 0.1806416 0.2890653 0.3425944 0.3204308 0.3891182 0.3926407 0.0000000 0.2911536 0.4312218 0.2728408 
NepSFB     0.3623320 0.2757041 0.2918323 0.3174823 0.0112948 0.2468424 0.2684851 0.3096563 0.3137735 0.2911536 0.0000000 0.3146376 0.1884039 
WPYJ       0.5403621 0.4355918 0.3903668 0.4455237 0.3253015 0.3479240 0.1916733 0.3921853 0.3988692 0.4312218 0.3146376 0.0000000 0.3448297 
MJM2940    0.2488272 0.2638833 0.3146255 0.3062144 0.1932112 0.2603572 0.2783235 0.3270654 0.3153462 0.2728408 0.1884039 0.3448297 0.0000000 
