13
DrolusSFB  0.0000000 0.2870848 0.3666501 0.3098105 0.2191412 0.3392549 0.3607262 0.3725721 0.3338169 0.2862487 0.2175460 0.3750086 0.1730563 
Dino       0.2870848 0.0000000 0.4099137 0.2069151 0.2415729 0.3512508 0.4111509 0.3822426 0.3573981 0.1359166 0.2408262 0.3965510 0.2192657 
MJM3360    0.3666501 0.4099137 0.0000000 0.4529676 0.3609722 0.2785629 0.5049324 0.4092914 0.4039946 0.4055081 0.3628415 0.3828438 0.3376449 
DrobinSFB  0.3098105 0.2069151 0.4529676 0.0000000 0.2638928 0.4027703 0.5329686 0.4204577 0.4089495 0.2303647 0.2652812 0.3813263 0.2613395 
Neam       0.2191412 0.2415729 0.3609722 0.2638928 0.0000000 0.2999698 0.3562551 0.3362581 0.3085164 0.2610488 0.0106340 0.3351029 0.1806323 
RuprSFB    0.3392549 0.3512508 0.2785629 0.4027703 0.2999698 0.0000000 0.4529120 0.3437813 0.3422836 0.3513330 0.3062233 0.3678671 0.2836544 
Retr       0.3607262 0.4111509 0.5049324 0.5329686 0.3562551 0.4529120 0.0000000 0.4738727 0.4583697 0.4311012 0.3568053 0.2197181 0.3697943 
Beta       0.3725721 0.3822426 0.4092914 0.4204577 0.3362581 0.3437813 0.4738727 0.0000000 0.1126752 0.3683205 0.3385716 0.3783919 0.3224824 
Spol       0.3338169 0.3573981 0.4039946 0.4089495 0.3085164 0.3422836 0.4583697 0.1126752 0.0000000 0.3578983 0.3069728 0.3652145 0.2927745 
MJM1652    0.2862487 0.1359166 0.4055081 0.2303647 0.2610488 0.3513330 0.4311012 0.3683205 0.3578983 0.0000000 0.2611191 0.3970866 0.2466868 
NepSFB     0.2175460 0.2408262 0.3628415 0.2652812 0.0106340 0.3062233 0.3568053 0.3385716 0.3069728 0.2611191 0.0000000 0.3338489 0.1788278 
WPYJ       0.3750086 0.3965510 0.3828438 0.3813263 0.3351029 0.3678671 0.2197181 0.3783919 0.3652145 0.3970866 0.3338489 0.0000000 0.3250281 
MJM2940    0.1730563 0.2192657 0.3376449 0.2613395 0.1806323 0.2836544 0.3697943 0.3224824 0.2927745 0.2466868 0.1788278 0.3250281 0.0000000 
