13
DrolusSFB  0.0000000 0.3741321 0.3449501 0.2766593 0.2608149 0.3103663 0.3229954 0.3735650 0.3982686 0.3803598 0.2644681 0.3421707 0.1961944 
Dino       0.3741321 0.0000000 0.4241646 0.1594863 0.3486071 0.3458119 0.4454381 0.4625388 0.4887829 0.1692731 0.3515317 0.4575592 0.3542676 
MJM3360    0.3449501 0.4241646 0.0000000 0.4092457 0.3320056 0.2884429 0.3425359 0.4136947 0.4271781 0.4027293 0.3283505 0.3717746 0.2924241 
DrobinSFB  0.2766593 0.1594863 0.4092457 0.0000000 0.2854792 0.3093226 0.3738680 0.4287644 0.4355356 0.1664931 0.2872526 0.3637639 0.2928958 
Neam       0.2608149 0.3486071 0.3320056 0.2854792 0.0000000 0.2695842 0.3189956 0.3659748 0.3858381 0.3533707 0.0192902 0.3265002 0.2275952 
RuprSFB    0.3103663 0.3458119 0.2884429 0.3093226 0.2695842 0.0000000 0.2921201 0.3648991 0.3675315 0.3443032 0.2711574 0.3363106 0.2784390 
Retr       0.3229954 0.4454381 0.3425359 0.3738680 0.3189956 0.2921201 0.0000000 0.4135129 0.4219490 0.4291619 0.3153335 0.1928296 0.3114240 
Beta       0.3735650 0.4625388 0.4136947 0.4287644 0.3659748 0.3648991 0.4135129 0.0000000 0.1492380 0.4665937 0.3621054 0.3752471 0.3684885 
Spol       0.3982686 0.4887829 0.4271781 0.4355356 0.3858381 0.3675315 0.4219490 0.1492380 0.0000000 0.4956729 0.3852541 0.3980140 0.3748800 
MJM1652    0.3803598 0.1692731 0.4027293 0.1664931 0.3533707 0.3443032 0.4291619 0.4665937 0.4956729 0.0000000 0.3595735 0.4408716 0.3717988 
NepSFB     0.2644681 0.3515317 0.3283505 0.2872526 0.0192902 0.2711574 0.3153335 0.3621054 0.3852541 0.3595735 0.0000000 0.3309103 0.2239286 
WPYJ       0.3421707 0.4575592 0.3717746 0.3637639 0.3265002 0.3363106 0.1928296 0.3752471 0.3980140 0.4408716 0.3309103 0.0000000 0.3560786 
MJM2940    0.1961944 0.3542676 0.2924241 0.2928958 0.2275952 0.2784390 0.3114240 0.3684885 0.3748800 0.3717988 0.2239286 0.3560786 0.0000000 
