13
DrolusSFB  0.0000000 0.3453817 0.4938985 0.3377002 0.2700767 0.3988255 0.3329752 0.4680923 0.4166112 0.3595375 0.2808779 0.3555994 0.2026517 
Dino       0.3453817 0.0000000 0.4669707 0.2590297 0.3142001 0.3146057 0.2853541 0.3882045 0.3538835 0.2485059 0.3212976 0.3889459 0.2962725 
MJM3360    0.4938985 0.4669707 0.0000000 0.4860019 0.4485661 0.3405963 0.4008655 0.4928352 0.4856804 0.4527896 0.4645129 0.4696947 0.4138530 
DrobinSFB  0.3377002 0.2590297 0.4860019 0.0000000 0.3863689 0.3978245 0.3257895 0.4225898 0.3832863 0.3018235 0.3858174 0.3973274 0.3479032 
Neam       0.2700767 0.3142001 0.4485661 0.3863689 0.0000000 0.3378420 0.2797331 0.3652065 0.3249769 0.3853569 0.0163018 0.3506274 0.2611835 
RuprSFB    0.3988255 0.3146057 0.3405963 0.3978245 0.3378420 0.0000000 0.2728584 0.3973709 0.3721337 0.3421731 0.3407836 0.3728104 0.3032654 
Retr       0.3329752 0.2853541 0.4008655 0.3257895 0.2797331 0.2728584 0.0000000 0.3913157 0.3543731 0.3039337 0.2894525 0.2182513 0.2464620 
Beta       0.4680923 0.3882045 0.4928352 0.4225898 0.3652065 0.3973709 0.3913157 0.0000000 0.1524342 0.4386526 0.3766030 0.4267795 0.3740300 
Spol       0.4166112 0.3538835 0.4856804 0.3832863 0.3249769 0.3721337 0.3543731 0.1524342 0.0000000 0.3942105 0.3306068 0.4099289 0.3522674 
MJM1652    0.3595375 0.2485059 0.4527896 0.3018235 0.3853569 0.3421731 0.3039337 0.4386526 0.3942105 0.0000000 0.3868894 0.3665177 0.3569069 
NepSFB     0.2808779 0.3212976 0.4645129 0.3858174 0.0163018 0.3407836 0.2894525 0.3766030 0.3306068 0.3868894 0.0000000 0.3535799 0.2626966 
WPYJ       0.3555994 0.3889459 0.4696947 0.3973274 0.3506274 0.3728104 0.2182513 0.4267795 0.4099289 0.3665177 0.3535799 0.0000000 0.3299246 
MJM2940    0.2026517 0.2962725 0.4138530 0.3479032 0.2611835 0.3032654 0.2464620 0.3740300 0.3522674 0.3569069 0.2626966 0.3299246 0.0000000 
