13
DrolusSFB  0.0000000 0.2955465 0.3270577 0.2677088 0.2683934 0.3089124 0.2145427 0.3611051 0.3831575 0.3716916 0.2661004 0.3563694 0.1553704 
Dino       0.2955465 0.0000000 0.3374035 0.1511031 0.2449913 0.3065408 0.2746034 0.3547783 0.3804708 0.1538559 0.2459560 0.3089156 0.2616841 
MJM3360    0.3270577 0.3374035 0.0000000 0.3765136 0.3132880 0.2571363 0.3031028 0.3519341 0.4037513 0.3756189 0.3167612 0.3471509 0.3153192 
DrobinSFB  0.2677088 0.1511031 0.3765136 0.0000000 0.2552422 0.3115105 0.3142602 0.3370238 0.3514523 0.1936438 0.2600782 0.3588414 0.3000302 
Neam       0.2683934 0.2449913 0.3132880 0.2552422 0.0000000 0.2620873 0.2256410 0.3333379 0.3503982 0.3081664 0.0096291 0.2766538 0.2081196 
RuprSFB    0.3089124 0.3065408 0.2571363 0.3115105 0.2620873 0.0000000 0.2636606 0.2966502 0.3478636 0.3555654 0.2639810 0.2767477 0.2834505 
Retr       0.2145427 0.2746034 0.3031028 0.3142602 0.2256410 0.2636606 0.0000000 0.2811439 0.2823563 0.3276376 0.2314700 0.1647462 0.2516063 
Beta       0.3611051 0.3547783 0.3519341 0.3370238 0.3333379 0.2966502 0.2811439 0.0000000 0.1351393 0.3791279 0.3398583 0.3120348 0.3264871 
Spol       0.3831575 0.3804708 0.4037513 0.3514523 0.3503982 0.3478636 0.2823563 0.1351393 0.0000000 0.4114055 0.3535068 0.3336193 0.3513704 
MJM1652    0.3716916 0.1538559 0.3756189 0.1936438 0.3081664 0.3555654 0.3276376 0.3791279 0.4114055 0.0000000 0.3089370 0.3756441 0.3350549 
NepSFB     0.2661004 0.2459560 0.3167612 0.2600782 0.0096291 0.2639810 0.2314700 0.3398583 0.3535068 0.3089370 0.0000000 0.2898151 0.2111216 
WPYJ       0.3563694 0.3089156 0.3471509 0.3588414 0.2766538 0.2767477 0.1647462 0.3120348 0.3336193 0.3756441 0.2898151 0.0000000 0.2910892 
MJM2940    0.1553704 0.2616841 0.3153192 0.3000302 0.2081196 0.2834505 0.2516063 0.3264871 0.3513704 0.3350549 0.2111216 0.2910892 0.0000000 
