13
DrolusSFB  0.0000000 0.4466752 0.3001386 0.5774327 0.3817955 0.3591831 0.8112753 0.4772690 0.5268552 0.3635998 0.3419243 0.5886367 0.2454698 
Dino       0.4466752 0.0000000 0.3128768 0.2439513 0.4349073 0.3357848 1.0648512 0.5865451 0.6228650 0.1814252 0.3841278 0.6540975 0.3712384 
MJM3360    0.3001386 0.3128768 0.0000000 0.3548299 0.3410064 0.2474289 0.7872045 0.2968100 0.3122960 0.4210772 0.2791257 0.3709979 0.2639871 
DrobinSFB  0.5774327 0.2439513 0.3548299 0.0000000 0.5549216 0.3622823 1.4784196 0.6742015 0.6984620 0.2467344 0.4702614 0.8071717 0.4880157 
Neam       0.3817955 0.4349073 0.3410064 0.5549216 0.0000000 0.3559350 0.6781429 0.5669742 0.5563954 0.3591657 0.0174262 0.5648995 0.3008604 
RuprSFB    0.3591831 0.3357848 0.2474289 0.3622823 0.3559350 0.0000000 2.0521214 0.2935241 0.2897806 0.4221116 0.2746743 0.3844584 0.2932704 
Retr       0.8112753 1.0648512 0.7872045 1.4784196 0.6781429 2.0521214 0.0000000 0.8686463 0.9515395 0.6496559 0.6795221 0.3560348 0.6729046 
Beta       0.4772690 0.5865451 0.2968100 0.6742015 0.5669742 0.2935241 0.8686463 0.0000000 0.1791346 0.4191008 0.4790591 0.6095882 0.4515162 
Spol       0.5268552 0.6228650 0.3122960 0.6984620 0.5563954 0.2897806 0.9515395 0.1791346 0.0000000 0.4290300 0.4687516 0.6525159 0.4544178 
MJM1652    0.3635998 0.1814252 0.4210772 0.2467344 0.3591657 0.4221116 0.6496559 0.4191008 0.4290300 0.0000000 0.3132519 0.4366578 0.3189764 
NepSFB     0.3419243 0.3841278 0.2791257 0.4702614 0.0174262 0.2746743 0.6795221 0.4790591 0.4687516 0.3132519 0.0000000 0.5227378 0.2616748 
WPYJ       0.5886367 0.6540975 0.3709979 0.8071717 0.5648995 0.3844584 0.3560348 0.6095882 0.6525159 0.4366578 0.5227378 0.0000000 0.4853153 
MJM2940    0.2454698 0.3712384 0.2639871 0.4880157 0.3008604 0.2932704 0.6729046 0.4515162 0.4544178 0.3189764 0.2616748 0.4853153 0.0000000 
