13
DrolusSFB  0.0000000 0.3213098 0.5112158 0.4407258 0.2210821 0.3097796 0.2678151 0.3301478 0.3186194 0.3876622 0.2205518 0.2922480 0.1780831 
Dino       0.3213098 0.0000000 0.5269221 0.2557796 0.3105013 0.3958240 0.3009905 0.4315535 0.3943195 0.1871022 0.3137525 0.3520012 0.2992998 
MJM3360    0.5112158 0.5269221 0.0000000 0.6103168 0.4424610 0.4225988 0.5318172 0.5577908 0.5415957 0.4614850 0.4437508 0.5010578 0.4448629 
DrobinSFB  0.4407258 0.2557796 0.6103168 0.0000000 0.4098892 0.5017951 0.4385295 0.4936874 0.5008679 0.2532898 0.4103734 0.4606645 0.3909220 
Neam       0.2210821 0.3105013 0.4424610 0.4098892 0.0000000 0.2719939 0.2223479 0.3000985 0.2821307 0.3717464 0.0079158 0.2566550 0.1786192 
RuprSFB    0.3097796 0.3958240 0.4225988 0.5017951 0.2719939 0.0000000 0.2593547 0.3521621 0.3451112 0.4426185 0.2736864 0.3250901 0.2947223 
Retr       0.2678151 0.3009905 0.5318172 0.4385295 0.2223479 0.2593547 0.0000000 0.3321672 0.3282065 0.2479551 0.2219852 0.1697555 0.2250839 
Beta       0.3301478 0.4315535 0.5577908 0.4936874 0.3000985 0.3521621 0.3321672 0.0000000 0.1329728 0.4342187 0.3030622 0.3614715 0.3081525 
Spol       0.3186194 0.3943195 0.5415957 0.5008679 0.2821307 0.3451112 0.3282065 0.1329728 0.0000000 0.4286508 0.2841888 0.3691328 0.2871189 
MJM1652    0.3876622 0.1871022 0.4614850 0.2532898 0.3717464 0.4426185 0.2479551 0.4342187 0.4286508 0.0000000 0.3764574 0.4013324 0.3623184 
NepSFB     0.2205518 0.3137525 0.4437508 0.4103734 0.0079158 0.2736864 0.2219852 0.3030622 0.2841888 0.3764574 0.0000000 0.2594143 0.1802876 
WPYJ       0.2922480 0.3520012 0.5010578 0.4606645 0.2566550 0.3250901 0.1697555 0.3614715 0.3691328 0.4013324 0.2594143 0.0000000 0.2595838 
MJM2940    0.1780831 0.2992998 0.4448629 0.3909220 0.1786192 0.2947223 0.2250839 0.3081525 0.2871189 0.3623184 0.1802876 0.2595838 0.0000000 
