13
DrolusSFB  0.0000000 0.2269335 0.2791698 0.2756097 0.1992316 0.3145936 0.2635598 0.2864327 0.4203686 0.2600073 0.2084279 0.2899346 0.1511083 
Dino       0.2269335 0.0000000 0.2644879 0.1350455 0.1797530 0.2687878 0.2600226 0.3021023 0.3950496 0.1070982 0.1873398 0.2733521 0.1970457 
MJM3360    0.2791698 0.2644879 0.0000000 0.3251015 0.2711870 0.2271692 0.2960379 0.3072162 0.3806733 0.3053606 0.2814603 0.2949319 0.2679853 
DrobinSFB  0.2756097 0.1350455 0.3251015 0.0000000 0.2282525 0.3360102 0.3179839 0.3304665 0.4250867 0.1805787 0.2346226 0.3021246 0.2404005 
Neam       0.1992316 0.1797530 0.2711870 0.2282525 0.0000000 0.2676316 0.2501794 0.2662813 0.3714338 0.2156761 0.0087126 0.2324720 0.1543951 
RuprSFB    0.3145936 0.2687878 0.2271692 0.3360102 0.2676316 0.0000000 0.3137117 0.2894192 0.4151030 0.2953086 0.2752453 0.3281526 0.2671919 
Retr       0.2635598 0.2600226 0.2960379 0.3179839 0.2501794 0.3137117 0.0000000 0.2787127 0.3823241 0.2863540 0.2569001 0.1417246 0.2272521 
Beta       0.2864327 0.3021023 0.3072162 0.3304665 0.2662813 0.2894192 0.2787127 0.0000000 0.3099450 0.3289878 0.2669427 0.2585023 0.2512434 
Spol       0.4203686 0.3950496 0.3806733 0.4250867 0.3714338 0.4151030 0.3823241 0.3099450 0.0000000 0.4509756 0.3745604 0.4082074 0.3641089 
MJM1652    0.2600073 0.1070982 0.3053606 0.1805787 0.2156761 0.2953086 0.2863540 0.3289878 0.4509756 0.0000000 0.2194420 0.3085502 0.2165850 
NepSFB     0.2084279 0.1873398 0.2814603 0.2346226 0.0087126 0.2752453 0.2569001 0.2669427 0.3745604 0.2194420 0.0000000 0.2349031 0.1603954 
WPYJ       0.2899346 0.2733521 0.2949319 0.3021246 0.2324720 0.3281526 0.1417246 0.2585023 0.4082074 0.3085502 0.2349031 0.0000000 0.2502737 
MJM2940    0.1511083 0.1970457 0.2679853 0.2404005 0.1543951 0.2671919 0.2272521 0.2512434 0.3641089 0.2165850 0.1603954 0.2502737 0.0000000 
