13
DrolusSFB  0.0000000 0.2437867 0.2850592 0.2432189 0.2258561 0.2191478 0.2842166 0.2555053 0.2577631 0.2146441 0.2226508 0.2951813 0.1375083 
Dino       0.2437867 0.0000000 0.3537600 0.1174746 0.1969463 0.2422292 0.2418514 0.2505781 0.2766518 0.0975716 0.1898221 0.3056985 0.1976854 
MJM3360    0.2850592 0.3537600 0.0000000 0.3618078 0.2959844 0.2076911 0.3316375 0.3000156 0.3211937 0.3025363 0.2897649 0.2984071 0.2687688 
DrobinSFB  0.2432189 0.1174746 0.3618078 0.0000000 0.2382646 0.2599419 0.2666950 0.2544130 0.3079178 0.1436342 0.2328460 0.3196357 0.2202475 
Neam       0.2258561 0.1969463 0.2959844 0.2382646 0.0000000 0.1987669 0.2073239 0.2528479 0.2587359 0.1951855 0.0067839 0.2499508 0.1449546 
RuprSFB    0.2191478 0.2422292 0.2076911 0.2599419 0.1987669 0.0000000 0.2582236 0.2270449 0.2033040 0.2333272 0.1938199 0.2504283 0.1949616 
Retr       0.2842166 0.2418514 0.3316375 0.2666950 0.2073239 0.2582236 0.0000000 0.2723454 0.2887770 0.2351410 0.2055828 0.1363547 0.2219056 
Beta       0.2555053 0.2505781 0.3000156 0.2544130 0.2528479 0.2270449 0.2723454 0.0000000 0.1073245 0.2629859 0.2546797 0.2726935 0.2153569 
Spol       0.2577631 0.2766518 0.3211937 0.3079178 0.2587359 0.2033040 0.2887770 0.1073245 0.0000000 0.2653887 0.2606092 0.3150068 0.2190034 
MJM1652    0.2146441 0.0975716 0.3025363 0.1436342 0.1951855 0.2333272 0.2351410 0.2629859 0.2653887 0.0000000 0.1901794 0.3070235 0.1849913 
NepSFB     0.2226508 0.1898221 0.2897649 0.2328460 0.0067839 0.1938199 0.2055828 0.2546797 0.2606092 0.1901794 0.0000000 0.2455633 0.1438163 
WPYJ       0.2951813 0.3056985 0.2984071 0.3196357 0.2499508 0.2504283 0.1363547 0.2726935 0.3150068 0.3070235 0.2455633 0.0000000 0.2472834 
MJM2940    0.1375083 0.1976854 0.2687688 0.2202475 0.1449546 0.1949616 0.2219056 0.2153569 0.2190034 0.1849913 0.1438163 0.2472834 0.0000000 
