13
DrolusSFB  0.0000000 0.2995737 0.3836846 0.2553974 0.2937948 0.3367662 0.3636534 0.2661637 0.3206734 0.2442689 0.2987248 0.3392983 0.1726971 
Dino       0.2995737 0.0000000 0.3399984 0.1912130 0.4038068 0.3063826 0.4086390 0.4604279 0.4419576 0.1674491 0.4075863 0.2883157 0.2113891 
MJM3360    0.3836846 0.3399984 0.0000000 0.3272426 0.2970047 0.2648033 0.3861865 0.3215891 0.3476433 0.2830382 0.3023093 0.3380188 0.3375782 
DrobinSFB  0.2553974 0.1912130 0.3272426 0.0000000 0.2302578 0.2813637 0.3686533 0.3200916 0.3562566 0.1682055 0.2427058 0.3126578 0.2436253 
Neam       0.2937948 0.4038068 0.2970047 0.2302578 0.0000000 0.2596672 0.3678011 0.3861153 0.4143753 0.3438862 0.0168954 0.2610305 0.1933236 
RuprSFB    0.3367662 0.3063826 0.2648033 0.2813637 0.2596672 0.0000000 0.3061392 0.2612573 0.2850610 0.2930257 0.2707819 0.2385227 0.2568940 
Retr       0.3636534 0.4086390 0.3861865 0.3686533 0.3678011 0.3061392 0.0000000 0.3249845 0.3380256 0.3493807 0.3679750 0.1738431 0.3191201 
Beta       0.2661637 0.4604279 0.3215891 0.3200916 0.3861153 0.2612573 0.3249845 0.0000000 0.1244738 0.5349071 0.3880032 0.2684933 0.2472715 
Spol       0.3206734 0.4419576 0.3476433 0.3562566 0.4143753 0.2850610 0.3380256 0.1244738 0.0000000 0.4724367 0.4051385 0.2718298 0.2799910 
MJM1652    0.2442689 0.1674491 0.2830382 0.1682055 0.3438862 0.2930257 0.3493807 0.5349071 0.4724367 0.0000000 0.3496638 0.2578568 0.1817751 
NepSFB     0.2987248 0.4075863 0.3023093 0.2427058 0.0168954 0.2707819 0.3679750 0.3880032 0.4051385 0.3496638 0.0000000 0.2548431 0.1935365 
WPYJ       0.3392983 0.2883157 0.3380188 0.3126578 0.2610305 0.2385227 0.1738431 0.2684933 0.2718298 0.2578568 0.2548431 0.0000000 0.2768910 
MJM2940    0.1726971 0.2113891 0.3375782 0.2436253 0.1933236 0.2568940 0.3191201 0.2472715 0.2799910 0.1817751 0.1935365 0.2768910 0.0000000 
