13
DrolusSFB  0.0000000 0.2913987 0.2923806 0.2789285 0.2165209 0.3225960 0.3103165 0.2888789 0.3329118 0.2923936 0.2192893 0.3530563 0.1770702 
Dino       0.2913987 0.0000000 0.3248315 0.1364983 0.2200324 0.3780982 0.3372675 0.3339900 0.3504923 0.1311355 0.2216991 0.3676953 0.2428512 
MJM3360    0.2923806 0.3248315 0.0000000 0.3229393 0.2397043 0.2483411 0.3469892 0.3126476 0.3305401 0.3409529 0.2498475 0.3501422 0.2723638 
DrobinSFB  0.2789285 0.1364983 0.3229393 0.0000000 0.2204310 0.3832160 0.3483906 0.3474353 0.3460913 0.1927488 0.2221016 0.3643829 0.2549426 
Neam       0.2165209 0.2200324 0.2397043 0.2204310 0.0000000 0.2265156 0.2818718 0.2491393 0.2617944 0.2349544 0.0071980 0.2921235 0.1468290 
RuprSFB    0.3225960 0.3780982 0.2483411 0.3832160 0.2265156 0.0000000 0.3809480 0.3628396 0.3896021 0.3859146 0.2297182 0.3697400 0.2950540 
Retr       0.3103165 0.3372675 0.3469892 0.3483906 0.2818718 0.3809480 0.0000000 0.3688789 0.3809239 0.3789783 0.2856128 0.2300452 0.3356020 
Beta       0.2888789 0.3339900 0.3126476 0.3474353 0.2491393 0.3628396 0.3688789 0.0000000 0.1408648 0.3865194 0.2538926 0.3745468 0.3244528 
Spol       0.3329118 0.3504923 0.3305401 0.3460913 0.2617944 0.3896021 0.3809239 0.1408648 0.0000000 0.3935765 0.2696647 0.3641497 0.3388373 
MJM1652    0.2923936 0.1311355 0.3409529 0.1927488 0.2349544 0.3859146 0.3789783 0.3865194 0.3935765 0.0000000 0.2393244 0.4085274 0.2850123 
NepSFB     0.2192893 0.2216991 0.2498475 0.2221016 0.0071980 0.2297182 0.2856128 0.2538926 0.2696647 0.2393244 0.0000000 0.2991366 0.1535873 
WPYJ       0.3530563 0.3676953 0.3501422 0.3643829 0.2921235 0.3697400 0.2300452 0.3745468 0.3641497 0.4085274 0.2991366 0.0000000 0.3377504 
MJM2940    0.1770702 0.2428512 0.2723638 0.2549426 0.1468290 0.2950540 0.3356020 0.3244528 0.3388373 0.2850123 0.1535873 0.3377504 0.0000000 
