13
DrolusSFB  0.0000000 0.3273965 0.3734657 0.3351225 0.2548693 0.3339679 0.3671868 0.3971505 0.4174187 0.3671699 0.2553662 0.4311854 0.1738801 
Dino       0.3273965 0.0000000 0.4141832 0.2149640 0.2965397 0.4040663 0.3828696 0.4544624 0.4755599 0.1880602 0.2964366 0.4575864 0.2943615 
MJM3360    0.3734657 0.4141832 0.0000000 0.4241060 0.4077070 0.3045338 0.4192848 0.4109458 0.4313157 0.4525379 0.4176984 0.3230925 0.3653430 
DrobinSFB  0.3351225 0.2149640 0.4241060 0.0000000 0.3218257 0.4144721 0.4152824 0.4768290 0.4651648 0.2560059 0.3239582 0.4728515 0.3157382 
Neam       0.2548693 0.2965397 0.4077070 0.3218257 0.0000000 0.3187117 0.3518448 0.3972044 0.4180073 0.3496720 0.0124811 0.3767938 0.2140684 
RuprSFB    0.3339679 0.4040663 0.3045338 0.4144721 0.3187117 0.0000000 0.3575884 0.3770278 0.3899857 0.4429293 0.3176560 0.3804991 0.3045103 
Retr       0.3671868 0.3828696 0.4192848 0.4152824 0.3518448 0.3575884 0.0000000 0.4090108 0.4389532 0.4471054 0.3521951 0.2090504 0.3368751 
Beta       0.3971505 0.4544624 0.4109458 0.4768290 0.3972044 0.3770278 0.4090108 0.0000000 0.1531313 0.5125393 0.3935296 0.4357221 0.3581815 
Spol       0.4174187 0.4755599 0.4313157 0.4651648 0.4180073 0.3899857 0.4389532 0.1531313 0.0000000 0.5362778 0.4140786 0.4755240 0.3853944 
MJM1652    0.3671699 0.1880602 0.4525379 0.2560059 0.3496720 0.4429293 0.4471054 0.5125393 0.5362778 0.0000000 0.3509821 0.5137713 0.3334754 
NepSFB     0.2553662 0.2964366 0.4176984 0.3239582 0.0124811 0.3176560 0.3521951 0.3935296 0.4140786 0.3509821 0.0000000 0.3737182 0.2150478 
WPYJ       0.4311854 0.4575864 0.3230925 0.4728515 0.3767938 0.3804991 0.2090504 0.4357221 0.4755240 0.5137713 0.3737182 0.0000000 0.4033615 
MJM2940    0.1738801 0.2943615 0.3653430 0.3157382 0.2140684 0.3045103 0.3368751 0.3581815 0.3853944 0.3334754 0.2150478 0.4033615 0.0000000 
