13
DrolusSFB  0.0000000 0.3586669 0.3266343 0.3495506 0.2523021 0.3745724 0.2339278 0.4356582 0.4380274 0.3644654 0.2544252 0.3422234 0.2040040 
Dino       0.3586669 0.0000000 0.3520468 0.1745221 0.3597476 0.3468405 0.2759177 0.5305772 0.5649005 0.1960557 0.3640954 0.3713890 0.3595413 
MJM3360    0.3266343 0.3520468 0.0000000 0.3976379 0.2651705 0.3145703 0.2738610 0.4385858 0.4432688 0.3346893 0.2680563 0.4146859 0.2819683 
DrobinSFB  0.3495506 0.1745221 0.3976379 0.0000000 0.2756955 0.3485963 0.3117627 0.4640073 0.5056230 0.1887655 0.2776060 0.3956769 0.2875037 
Neam       0.2523021 0.3597476 0.2651705 0.2756955 0.0000000 0.2790173 0.2345903 0.4210069 0.4126720 0.3751660 0.0075903 0.3184431 0.2120630 
RuprSFB    0.3745724 0.3468405 0.3145703 0.3485963 0.2790173 0.0000000 0.2963510 0.4455808 0.4650269 0.3729300 0.2762623 0.3621115 0.3169544 
Retr       0.2339278 0.2759177 0.2738610 0.3117627 0.2345903 0.2963510 0.0000000 0.3311144 0.3250861 0.2646736 0.2416926 0.1722550 0.2011459 
Beta       0.4356582 0.5305772 0.4385858 0.4640073 0.4210069 0.4455808 0.3311144 0.0000000 0.1656972 0.5174582 0.4198616 0.4048978 0.4147735 
Spol       0.4380274 0.5649005 0.4432688 0.5056230 0.4126720 0.4650269 0.3250861 0.1656972 0.0000000 0.5688796 0.4078771 0.3933707 0.4061133 
MJM1652    0.3644654 0.1960557 0.3346893 0.1887655 0.3751660 0.3729300 0.2646736 0.5174582 0.5688796 0.0000000 0.3804736 0.3706640 0.3617748 
NepSFB     0.2544252 0.3640954 0.2680563 0.2776060 0.0075903 0.2762623 0.2416926 0.4198616 0.4078771 0.3804736 0.0000000 0.3230076 0.2129492 
WPYJ       0.3422234 0.3713890 0.4146859 0.3956769 0.3184431 0.3621115 0.1722550 0.4048978 0.3933707 0.3706640 0.3230076 0.0000000 0.2914209 
MJM2940    0.2040040 0.3595413 0.2819683 0.2875037 0.2120630 0.3169544 0.2011459 0.4147735 0.4061133 0.3617748 0.2129492 0.2914209 0.0000000 
