13
DrolusSFB  0.0000000 0.3316063 0.3653851 0.3797453 0.2196382 0.3371748 0.2994722 0.3868826 0.4137021 0.4019069 0.2210026 0.3556529 0.1607573 
Dino       0.3316063 0.0000000 0.3890030 0.2189241 0.2993844 0.3562852 0.3870907 0.4789663 0.5111198 0.2075199 0.3011332 0.4213249 0.2836703 
MJM3360    0.3653851 0.3890030 0.0000000 0.4287455 0.3295166 0.2595944 0.3223543 0.4448546 0.4638573 0.4628568 0.3276008 0.3780706 0.3231672 
DrobinSFB  0.3797453 0.2189241 0.4287455 0.0000000 0.3473473 0.4211112 0.4312923 0.5314741 0.5356473 0.2880104 0.3411740 0.4564532 0.3452532 
Neam       0.2196382 0.2993844 0.3295166 0.3473473 0.0000000 0.2774819 0.2934265 0.3625055 0.3856673 0.4021602 0.0110585 0.3399253 0.1787708 
RuprSFB    0.3371748 0.3562852 0.2595944 0.4211112 0.2774819 0.0000000 0.3007025 0.4514829 0.4620745 0.4319468 0.2726354 0.3476935 0.2688946 
Retr       0.2994722 0.3870907 0.3223543 0.4312923 0.2934265 0.3007025 0.0000000 0.4111446 0.4484314 0.4571911 0.2897559 0.1845918 0.2737164 
Beta       0.3868826 0.4789663 0.4448546 0.5314741 0.3625055 0.4514829 0.4111446 0.0000000 0.1658594 0.4918516 0.3640619 0.4304835 0.3827883 
Spol       0.4137021 0.5111198 0.4638573 0.5356473 0.3856673 0.4620745 0.4484314 0.1658594 0.0000000 0.5230522 0.3803652 0.4632872 0.4179214 
MJM1652    0.4019069 0.2075199 0.4628568 0.2880104 0.4021602 0.4319468 0.4571911 0.4918516 0.5230522 0.0000000 0.4023976 0.4696854 0.3575685 
NepSFB     0.2210026 0.3011332 0.3276008 0.3411740 0.0110585 0.2726354 0.2897559 0.3640619 0.3803652 0.4023976 0.0000000 0.3383258 0.1765403 
WPYJ       0.3556529 0.4213249 0.3780706 0.4564532 0.3399253 0.3476935 0.1845918 0.4304835 0.4632872 0.4696854 0.3383258 0.0000000 0.3246104 
MJM2940    0.1607573 0.2836703 0.3231672 0.3452532 0.1787708 0.2688946 0.2737164 0.3827883 0.4179214 0.3575685 0.1765403 0.3246104 0.0000000 
