13
DrolusSFB  0.0000000 0.3337647 0.4482544 0.3622040 0.2757338 0.3325875 0.3039750 0.3793013 0.3979622 0.3939605 0.2760787 0.3077203 0.1993596 
Dino       0.3337647 0.0000000 0.4359354 0.1875628 0.2786095 0.3412226 0.3205317 0.3904687 0.3917788 0.1972866 0.2850454 0.3517775 0.2741963 
MJM3360    0.4482544 0.4359354 0.0000000 0.4773277 0.4002154 0.3236907 0.3378989 0.4584692 0.4767450 0.4934835 0.4068217 0.3829842 0.3968577 
DrobinSFB  0.3622040 0.1875628 0.4773277 0.0000000 0.3021032 0.3761088 0.3605373 0.4244742 0.4375684 0.2340480 0.3059065 0.3996978 0.2966649 
Neam       0.2757338 0.2786095 0.4002154 0.3021032 0.0000000 0.2918257 0.3071309 0.3405711 0.3555912 0.3365006 0.0089216 0.3099533 0.1957792 
RuprSFB    0.3325875 0.3412226 0.3236907 0.3761088 0.2918257 0.0000000 0.3049195 0.3734468 0.3880285 0.4012546 0.2951394 0.3108188 0.2903037 
Retr       0.3039750 0.3205317 0.3378989 0.3605373 0.3071309 0.3049195 0.0000000 0.3331364 0.3461220 0.3314602 0.3089834 0.1499966 0.2686222 
Beta       0.3793013 0.3904687 0.4584692 0.4244742 0.3405711 0.3734468 0.3331364 0.0000000 0.1396439 0.4293888 0.3477642 0.3455233 0.3292975 
Spol       0.3979622 0.3917788 0.4767450 0.4375684 0.3555912 0.3880285 0.3461220 0.1396439 0.0000000 0.4532362 0.3594209 0.3677640 0.3395966 
MJM1652    0.3939605 0.1972866 0.4934835 0.2340480 0.3365006 0.4012546 0.3314602 0.4293888 0.4532362 0.0000000 0.3412622 0.3664258 0.3363801 
NepSFB     0.2760787 0.2850454 0.4068217 0.3059065 0.0089216 0.2951394 0.3089834 0.3477642 0.3594209 0.3412622 0.0000000 0.3166384 0.1992072 
WPYJ       0.3077203 0.3517775 0.3829842 0.3996978 0.3099533 0.3108188 0.1499966 0.3455233 0.3677640 0.3664258 0.3166384 0.0000000 0.2913334 
MJM2940    0.1993596 0.2741963 0.3968577 0.2966649 0.1957792 0.2903037 0.2686222 0.3292975 0.3395966 0.3363801 0.1992072 0.2913334 0.0000000 
