13
DrolusSFB  0.0000000 0.3096255 0.3700650 0.3639424 0.2426803 0.3448699 0.3878640 0.3561475 0.3994063 0.3316122 0.2704741 0.3840320 0.2086829 
Dino       0.3096255 0.0000000 0.4456752 0.2097075 0.2778283 0.3859636 0.4290534 0.4238110 0.4431743 0.1407229 0.3514721 0.4335605 0.2952156 
MJM3360    0.3700650 0.4456752 0.0000000 0.4745568 0.3580223 0.2862458 0.3962972 0.4165893 0.4386794 0.4500727 0.4324399 0.4151169 0.3306249 
DrobinSFB  0.3639424 0.2097075 0.4745568 0.0000000 0.3315261 0.4129097 0.4594568 0.4277889 0.4209074 0.2377960 0.3872958 0.5023867 0.3555671 
Neam       0.2426803 0.2778283 0.3580223 0.3315261 0.0000000 0.2832448 0.3451810 0.3544840 0.3704127 0.3034060 0.0066535 0.3704508 0.2296398 
RuprSFB    0.3448699 0.3859636 0.2862458 0.4129097 0.2832448 0.0000000 0.3425390 0.3617406 0.3963351 0.4121940 0.3278993 0.3872882 0.3013678 
Retr       0.3878640 0.4290534 0.3962972 0.4594568 0.3451810 0.3425390 0.0000000 0.3591302 0.3832347 0.4307316 0.4206926 0.2191249 0.3465975 
Beta       0.3561475 0.4238110 0.4165893 0.4277889 0.3544840 0.3617406 0.3591302 0.0000000 0.1323130 0.4048474 0.3848922 0.3812516 0.3670621 
Spol       0.3994063 0.4431743 0.4386794 0.4209074 0.3704127 0.3963351 0.3832347 0.1323130 0.0000000 0.4382957 0.3980650 0.3944577 0.3964579 
MJM1652    0.3316122 0.1407229 0.4500727 0.2377960 0.3034060 0.4121940 0.4307316 0.4048474 0.4382957 0.0000000 0.3912685 0.4353277 0.3096873 
NepSFB     0.2704741 0.3514721 0.4324399 0.3872958 0.0066535 0.3278993 0.4206926 0.3848922 0.3980650 0.3912685 0.0000000 0.4210688 0.2640488 
WPYJ       0.3840320 0.4335605 0.4151169 0.5023867 0.3704508 0.3872882 0.2191249 0.3812516 0.3944577 0.4353277 0.4210688 0.0000000 0.3520818 
MJM2940    0.2086829 0.2952156 0.3306249 0.3555671 0.2296398 0.3013678 0.3465975 0.3670621 0.3964579 0.3096873 0.2640488 0.3520818 0.0000000 
