13
DrolusSFB  0.0000000 0.2183525 0.3340814 0.3633915 0.2375289 0.2885524 0.2597739 0.4498269 0.4945070 0.3527968 0.2713860 0.3689252 0.2116397 
Dino       0.2183525 0.0000000 0.2502424 0.1260726 0.1909608 0.2134607 9.0000000 0.2880971 0.3119305 0.1009154 0.1985172 0.2925976 0.1925422 
MJM3360    0.3340814 0.2502424 0.0000000 0.3804883 0.2868319 0.2371141 0.3549726 0.3990643 0.4531692 0.3534540 0.3137703 0.3934001 0.3062590 
DrobinSFB  0.3633915 0.1260726 0.3804883 0.0000000 0.2435752 0.3364272 0.3380015 0.4908707 0.5225117 0.2275620 0.3094803 0.4311180 0.3140250 
Neam       0.2375289 0.1909608 0.2868319 0.2435752 0.0000000 0.2600792 0.3195146 0.2984753 0.3208885 0.2700868 0.0144049 0.3757010 0.1765712 
RuprSFB    0.2885524 0.2134607 0.2371141 0.3364272 0.2600792 0.0000000 0.2777482 0.3754531 0.4033265 0.3157487 0.2755311 0.3689430 0.2506342 
Retr       0.2597739 9.0000000 0.3549726 0.3380015 0.3195146 0.2777482 0.0000000 0.4281239 0.5135083 0.3313497 0.2644018 0.1677162 0.2658027 
Beta       0.4498269 0.2880971 0.3990643 0.4908707 0.2984753 0.3754531 0.4281239 0.0000000 0.1676083 0.4708664 0.4143080 0.4372484 0.4140525 
Spol       0.4945070 0.3119305 0.4531692 0.5225117 0.3208885 0.4033265 0.5135083 0.1676083 0.0000000 0.5013154 0.4442435 0.4939561 0.4408960 
MJM1652    0.3527968 0.1009154 0.3534540 0.2275620 0.2700868 0.3157487 0.3313497 0.4708664 0.5013154 0.0000000 0.3159623 0.4116165 0.2978865 
NepSFB     0.2713860 0.1985172 0.3137703 0.3094803 0.0144049 0.2755311 0.2644018 0.4143080 0.4442435 0.3159623 0.0000000 0.3400909 0.2014049 
WPYJ       0.3689252 0.2925976 0.3934001 0.4311180 0.3757010 0.3689430 0.1677162 0.4372484 0.4939561 0.4116165 0.3400909 0.0000000 0.3526349 
MJM2940    0.2116397 0.1925422 0.3062590 0.3140250 0.1765712 0.2506342 0.2658027 0.4140525 0.4408960 0.2978865 0.2014049 0.3526349 0.0000000 
