13
DrolusSFB  0.0000000 0.2817985 0.3794831 0.2885754 0.2268606 0.3057858 0.3216241 0.3534366 0.3436806 0.3121072 0.2178714 0.3368714 0.1337274 
Dino       0.2817985 0.0000000 0.3676497 0.1405842 0.2226805 0.2928769 0.3305951 0.3700662 0.3745228 0.1272286 0.2169037 0.3508315 0.2044370 
MJM3360    0.3794831 0.3676497 0.0000000 0.4176411 0.3653996 0.2888674 0.3830918 0.4134174 0.4129287 0.3983432 0.3600954 0.3898760 0.3311790 
DrobinSFB  0.2885754 0.1405842 0.4176411 0.0000000 0.2742926 0.3064953 0.3707692 0.4014662 0.4495667 0.1518891 0.2690706 0.3723113 0.2191981 
Neam       0.2268606 0.2226805 0.3653996 0.2742926 0.0000000 0.3105153 0.3052508 0.3570774 0.3539845 0.2737200 0.0117346 0.3334871 0.1850962 
RuprSFB    0.3057858 0.2928769 0.2888674 0.3064953 0.3105153 0.0000000 0.3325596 0.3866825 0.4039427 0.3309733 0.3077235 0.3133699 0.2749297 
Retr       0.3216241 0.3305951 0.3830918 0.3707692 0.3052508 0.3325596 0.0000000 0.3633172 0.3784947 0.3506856 0.2972064 0.1571649 0.2835677 
Beta       0.3534366 0.3700662 0.4134174 0.4014662 0.3570774 0.3866825 0.3633172 0.0000000 0.1322493 0.3803082 0.3557679 0.3596762 0.2998058 
Spol       0.3436806 0.3745228 0.4129287 0.4495667 0.3539845 0.4039427 0.3784947 0.1322493 0.0000000 0.3709546 0.3466086 0.3622827 0.3209256 
MJM1652    0.3121072 0.1272286 0.3983432 0.1518891 0.2737200 0.3309733 0.3506856 0.3803082 0.3709546 0.0000000 0.2726022 0.3680940 0.2366084 
NepSFB     0.2178714 0.2169037 0.3600954 0.2690706 0.0117346 0.3077235 0.2972064 0.3557679 0.3466086 0.2726022 0.0000000 0.3233549 0.1782050 
WPYJ       0.3368714 0.3508315 0.3898760 0.3723113 0.3334871 0.3133699 0.1571649 0.3596762 0.3622827 0.3680940 0.3233549 0.0000000 0.2912248 
MJM2940    0.1337274 0.2044370 0.3311790 0.2191981 0.1850962 0.2749297 0.2835677 0.2998058 0.3209256 0.2366084 0.1782050 0.2912248 0.0000000 
