13
DrolusSFB  0.0000000 0.3183317 0.4078086 0.3277573 0.2778700 0.4175028 0.4082323 0.4148380 0.4309011 0.3593972 0.2723290 0.4251690 0.1866183 
Dino       0.3183317 0.0000000 0.4353086 0.2285587 0.2849394 0.4042562 0.4229608 0.4017093 0.4228146 0.1722993 0.2886586 0.4609502 0.2890570 
MJM3360    0.4078086 0.4353086 0.0000000 0.4715125 0.4448411 0.3712747 0.4475947 0.4483482 0.4491912 0.4913971 0.4316138 0.4616074 0.4025761 
DrobinSFB  0.3277573 0.2285587 0.4715125 0.0000000 0.3136739 0.4408113 0.4271024 0.3964463 0.4300022 0.2474238 0.3175396 0.4645737 0.2946445 
Neam       0.2778700 0.2849394 0.4448411 0.3136739 0.0000000 0.3761022 0.4123771 0.3829699 0.3767037 0.3288715 0.0189316 0.4360645 0.2572489 
RuprSFB    0.4175028 0.4042562 0.3712747 0.4408113 0.3761022 0.0000000 0.4397134 0.4085730 0.4162096 0.4370604 0.3689179 0.4640437 0.3975992 
Retr       0.4082323 0.4229608 0.4475947 0.4271024 0.4123771 0.4397134 0.0000000 0.3618118 0.3748648 0.4221037 0.4218892 0.2146311 0.3545761 
Beta       0.4148380 0.4017093 0.4483482 0.3964463 0.3829699 0.4085730 0.3618118 0.0000000 0.1473915 0.4066635 0.3863889 0.4321201 0.3873246 
Spol       0.4309011 0.4228146 0.4491912 0.4300022 0.3767037 0.4162096 0.3748648 0.1473915 0.0000000 0.4589660 0.3737420 0.4213950 0.3896008 
MJM1652    0.3593972 0.1722993 0.4913971 0.2474238 0.3288715 0.4370604 0.4221037 0.4066635 0.4589660 0.0000000 0.3354176 0.4561437 0.3177398 
NepSFB     0.2723290 0.2886586 0.4316138 0.3175396 0.0189316 0.3689179 0.4218892 0.3863889 0.3737420 0.3354176 0.0000000 0.4398432 0.2633684 
WPYJ       0.4251690 0.4609502 0.4616074 0.4645737 0.4360645 0.4640437 0.2146311 0.4321201 0.4213950 0.4561437 0.4398432 0.0000000 0.4059693 
MJM2940    0.1866183 0.2890570 0.4025761 0.2946445 0.2572489 0.3975992 0.3545761 0.3873246 0.3896008 0.3177398 0.2633684 0.4059693 0.0000000 
