13
DrolusSFB  0.0000000 0.2979798 0.3718007 0.3308112 0.2513974 0.3181966 0.3153642 0.3427228 0.3610640 0.3152110 0.2520442 0.3601154 0.1795826 
Dino       0.2979798 0.0000000 0.3811972 0.1924606 0.2423940 0.3207248 0.3372095 0.3771358 0.3829455 0.1366895 0.2440830 0.3713987 0.2274662 
MJM3360    0.3718007 0.3811972 0.0000000 0.3792752 0.3553706 0.2639176 0.3448061 0.3758517 0.4042631 0.3683464 0.3534092 0.3720632 0.3450188 
DrobinSFB  0.3308112 0.1924606 0.3792752 0.0000000 0.2486601 0.3360326 0.3366343 0.3553037 0.3701399 0.1969211 0.2483981 0.4131590 0.2527076 
Neam       0.2513974 0.2423940 0.3553706 0.2486601 0.0000000 0.2804262 0.2796380 0.3372115 0.3424294 0.2502849 0.0067360 0.3469998 0.1837396 
RuprSFB    0.3181966 0.3207248 0.2639176 0.3360326 0.2804262 0.0000000 0.3161040 0.3406813 0.3611491 0.3023758 0.2826953 0.3666419 0.2763490 
Retr       0.3153642 0.3372095 0.3448061 0.3366343 0.2796380 0.3161040 0.0000000 0.3435732 0.3441625 0.3192643 0.2804250 0.1775963 0.2648786 
Beta       0.3427228 0.3771358 0.3758517 0.3553037 0.3372115 0.3406813 0.3435732 0.0000000 0.1315848 0.3545977 0.3454359 0.3756342 0.3361007 
Spol       0.3610640 0.3829455 0.4042631 0.3701399 0.3424294 0.3611491 0.3441625 0.1315848 0.0000000 0.3621819 0.3487516 0.3809271 0.3299363 
MJM1652    0.3152110 0.1366895 0.3683464 0.1969211 0.2502849 0.3023758 0.3192643 0.3545977 0.3621819 0.0000000 0.2511679 0.3752247 0.2436203 
NepSFB     0.2520442 0.2440830 0.3534092 0.2483981 0.0067360 0.2826953 0.2804250 0.3454359 0.3487516 0.2511679 0.0000000 0.3540929 0.1883976 
WPYJ       0.3601154 0.3713987 0.3720632 0.4131590 0.3469998 0.3666419 0.1775963 0.3756342 0.3809271 0.3752247 0.3540929 0.0000000 0.3134050 
MJM2940    0.1795826 0.2274662 0.3450188 0.2527076 0.1837396 0.2763490 0.2648786 0.3361007 0.3299363 0.2436203 0.1883976 0.3134050 0.0000000 
