13
DrolusSFB  0.0000000 0.3228514 0.4825026 0.3933681 0.3722081 0.4737595 0.4214346 0.4576052 0.4092985 0.3817657 0.3867547 0.4541940 0.2127559 
Dino       0.3228514 0.0000000 0.4939473 0.2348936 0.3022601 0.4684160 0.3860513 0.4314856 0.4374213 0.2241927 0.3123706 0.4700165 0.2817817 
MJM3360    0.4825026 0.4939473 0.0000000 0.4976476 0.4895933 0.3790107 0.4578128 0.4657191 0.4954426 0.4974193 0.5075290 0.5821089 0.3918061 
DrobinSFB  0.3933681 0.2348936 0.4976476 0.0000000 0.4165205 0.4762937 0.4298910 0.4886255 0.4854158 0.2694813 0.4425431 0.5279326 0.3379033 
Neam       0.3722081 0.3022601 0.4895933 0.4165205 0.0000000 0.4959599 0.4475599 0.4596683 0.4623394 0.3803835 0.0217050 0.5321464 0.3030824 
RuprSFB    0.4737595 0.4684160 0.3790107 0.4762937 0.4959599 0.0000000 0.3754109 0.4320495 0.4498756 0.4733666 0.5071637 0.4677820 0.3924635 
Retr       0.4214346 0.3860513 0.4578128 0.4298910 0.4475599 0.3754109 0.0000000 0.4243441 0.4298241 0.4108535 0.4632602 0.2261137 0.3260321 
Beta       0.4576052 0.4314856 0.4657191 0.4886255 0.4596683 0.4320495 0.4243441 0.0000000 0.1840977 0.5070002 0.4736246 0.4480695 0.4051777 
Spol       0.4092985 0.4374213 0.4954426 0.4854158 0.4623394 0.4498756 0.4298241 0.1840977 0.0000000 0.4938650 0.4793391 0.4517759 0.3913723 
MJM1652    0.3817657 0.2241927 0.4974193 0.2694813 0.3803835 0.4733666 0.4108535 0.5070002 0.4938650 0.0000000 0.3993653 0.4976013 0.3398901 
NepSFB     0.3867547 0.3123706 0.5075290 0.4425431 0.0217050 0.5071637 0.4632602 0.4736246 0.4793391 0.3993653 0.0000000 0.5249122 0.3154614 
WPYJ       0.4541940 0.4700165 0.5821089 0.5279326 0.5321464 0.4677820 0.2261137 0.4480695 0.4517759 0.4976013 0.5249122 0.0000000 0.4204286 
MJM2940    0.2127559 0.2817817 0.3918061 0.3379033 0.3030824 0.3924635 0.3260321 0.4051777 0.3913723 0.3398901 0.3154614 0.4204286 0.0000000 
