13
DrolusSFB  0.0000000 0.2862891 0.3282417 0.3839377 0.2372605 0.3826249 0.3757236 0.4191573 0.4227986 0.3226030 0.2497101 0.3971454 0.1489808 
Dino       0.2862891 0.0000000 0.3641242 0.2788580 0.2916730 0.3887264 0.4131676 0.3912977 0.4170694 0.1617097 0.3060428 0.3965320 0.2515450 
MJM3360    0.3282417 0.3641242 0.0000000 0.3281725 0.2744163 0.2336711 0.2867795 0.3298818 0.3629526 0.3848113 0.2837899 0.3265673 0.2688819 
DrobinSFB  0.3839377 0.2788580 0.3281725 0.0000000 0.3544826 0.4879261 0.4613081 0.4540906 0.4951636 0.3272714 0.3651057 0.4591526 0.3435075 
Neam       0.2372605 0.2916730 0.2744163 0.3544826 0.0000000 0.3422248 0.3529390 0.3773713 0.4003369 0.3423387 0.0130330 0.3517943 0.1796052 
RuprSFB    0.3826249 0.3887264 0.2336711 0.4879261 0.3422248 0.0000000 0.3390070 0.4028848 0.4711001 0.4688963 0.3538298 0.3178665 0.3191059 
Retr       0.3757236 0.4131676 0.2867795 0.4613081 0.3529390 0.3390070 0.0000000 0.3770187 0.4356233 0.4644808 0.3638179 0.2076203 0.3465547 
Beta       0.4191573 0.3912977 0.3298818 0.4540906 0.3773713 0.4028848 0.3770187 0.0000000 0.1619529 0.4517819 0.3789089 0.3908161 0.3277779 
Spol       0.4227986 0.4170694 0.3629526 0.4951636 0.4003369 0.4711001 0.4356233 0.1619529 0.0000000 0.4602501 0.3920388 0.4331537 0.3512039 
MJM1652    0.3226030 0.1617097 0.3848113 0.3272714 0.3423387 0.4688963 0.4644808 0.4517819 0.4602501 0.0000000 0.3532265 0.4532409 0.2942731 
NepSFB     0.2497101 0.3060428 0.2837899 0.3651057 0.0130330 0.3538298 0.3638179 0.3789089 0.3920388 0.3532265 0.0000000 0.3643618 0.1869522 
WPYJ       0.3971454 0.3965320 0.3265673 0.4591526 0.3517943 0.3178665 0.2076203 0.3908161 0.4331537 0.4532409 0.3643618 0.0000000 0.3428562 
MJM2940    0.1489808 0.2515450 0.2688819 0.3435075 0.1796052 0.3191059 0.3465547 0.3277779 0.3512039 0.2942731 0.1869522 0.3428562 0.0000000 
