13
DrolusSFB  0.0000000 0.2843707 0.4163510 0.2836236 0.2156366 0.3375768 0.3307752 0.3869604 0.3708721 0.3187830 0.2291376 0.3681986 0.1797703 
Dino       0.2843707 0.0000000 0.4205654 0.2066500 0.2208329 0.3653048 0.3345947 0.3713250 0.3750465 0.1555744 0.2366316 0.3737530 0.2572546 
MJM3360    0.4163510 0.4205654 0.0000000 0.4204673 0.3598901 0.3293964 0.4013221 0.4429974 0.4378564 0.4207279 0.3726733 0.4325929 0.4110424 
DrobinSFB  0.2836236 0.2066500 0.4204673 0.0000000 0.2350248 0.3656368 0.3409645 0.3614661 0.3672111 0.2291716 0.2563047 0.3612210 0.2575771 
Neam       0.2156366 0.2208329 0.3598901 0.2350248 0.0000000 0.2986226 0.2979786 0.3122556 0.3347398 0.2539989 0.0075952 0.3222856 0.1839967 
RuprSFB    0.3375768 0.3653048 0.3293964 0.3656368 0.2986226 0.0000000 0.3319117 0.3664406 0.3749515 0.3734601 0.3138424 0.3612041 0.3301987 
Retr       0.3307752 0.3345947 0.4013221 0.3409645 0.2979786 0.3319117 0.0000000 0.3412766 0.3470518 0.3649431 0.2986116 0.1690146 0.3168764 
Beta       0.3869604 0.3713250 0.4429974 0.3614661 0.3122556 0.3664406 0.3412766 0.0000000 0.1390517 0.4111144 0.3353231 0.3969692 0.3568420 
Spol       0.3708721 0.3750465 0.4378564 0.3672111 0.3347398 0.3749515 0.3470518 0.1390517 0.0000000 0.4182072 0.3491035 0.3893606 0.3721936 
MJM1652    0.3187830 0.1555744 0.4207279 0.2291716 0.2539989 0.3734601 0.3649431 0.4111144 0.4182072 0.0000000 0.2704559 0.4330073 0.2913020 
NepSFB     0.2291376 0.2366316 0.3726733 0.2563047 0.0075952 0.3138424 0.2986116 0.3353231 0.3491035 0.2704559 0.0000000 0.3343208 0.2002914 
WPYJ       0.3681986 0.3737530 0.4325929 0.3612210 0.3222856 0.3612041 0.1690146 0.3969692 0.3893606 0.4330073 0.3343208 0.0000000 0.3503706 
MJM2940    0.1797703 0.2572546 0.4110424 0.2575771 0.1839967 0.3301987 0.3168764 0.3568420 0.3721936 0.2913020 0.2002914 0.3503706 0.0000000 
