13
DrolusSFB  0.0000000 0.3118800 0.3542260 0.2776134 0.2586511 0.3317975 0.3361646 0.3890881 0.3839993 0.3041812 0.2591771 0.3779676 0.1740156 
Dino       0.3118800 0.0000000 0.3863564 0.1583298 0.3003671 0.3320924 0.3932307 0.4115951 0.4134690 0.1752914 0.3065011 0.3984964 0.2681880 
MJM3360    0.3542260 0.3863564 0.0000000 0.3517652 0.3208413 0.2645148 0.3263704 0.3464933 0.3273784 0.3826885 0.3274990 0.4070847 0.3191976 
DrobinSFB  0.2776134 0.1583298 0.3517652 0.0000000 0.2901954 0.3385588 0.3650032 0.4241514 0.4021963 0.1742523 0.2964352 0.3774174 0.2364490 
Neam       0.2586511 0.3003671 0.3208413 0.2901954 0.0000000 0.2821156 0.3263111 0.3465149 0.3561472 0.2974413 0.0129917 0.3649806 0.2162487 
RuprSFB    0.3317975 0.3320924 0.2645148 0.3385588 0.2821156 0.0000000 0.3310634 0.3341189 0.3658249 0.3402358 0.2890788 0.3742784 0.2722733 
Retr       0.3361646 0.3932307 0.3263704 0.3650032 0.3263111 0.3310634 0.0000000 0.3210878 0.3164967 0.4100766 0.3342643 0.1914734 0.3030452 
Beta       0.3890881 0.4115951 0.3464933 0.4241514 0.3465149 0.3341189 0.3210878 0.0000000 0.1404702 0.4023973 0.3494086 0.3393705 0.3034665 
Spol       0.3839993 0.4134690 0.3273784 0.4021963 0.3561472 0.3658249 0.3164967 0.1404702 0.0000000 0.4345515 0.3665177 0.3439679 0.3263613 
MJM1652    0.3041812 0.1752914 0.3826885 0.1742523 0.2974413 0.3402358 0.4100766 0.4023973 0.4345515 0.0000000 0.3045324 0.4074248 0.2919900 
NepSFB     0.2591771 0.3065011 0.3274990 0.2964352 0.0129917 0.2890788 0.3342643 0.3494086 0.3665177 0.3045324 0.0000000 0.3674942 0.2169674 
WPYJ       0.3779676 0.3984964 0.4070847 0.3774174 0.3649806 0.3742784 0.1914734 0.3393705 0.3439679 0.4074248 0.3674942 0.0000000 0.3412193 
MJM2940    0.1740156 0.2681880 0.3191976 0.2364490 0.2162487 0.2722733 0.3030452 0.3034665 0.3263613 0.2919900 0.2169674 0.3412193 0.0000000 
