13
DrolusSFB  0.0000000 0.3452640 0.4132505 0.3053542 0.2741587 0.3345663 0.3164001 0.4011834 0.4133589 0.3590843 0.2817944 0.3272746 0.1839464 
Dino       0.3452640 0.0000000 0.4152756 0.1705596 0.2841899 0.3568773 0.3673145 0.4474411 0.4357062 0.1890643 0.2933636 0.3878356 0.3097872 
MJM3360    0.4132505 0.4152756 0.0000000 0.4026914 0.3619587 0.3016356 0.4555601 0.4031662 0.3634019 0.4051313 0.3598572 0.4207387 0.3545486 
DrobinSFB  0.3053542 0.1705596 0.4026914 0.0000000 0.2674735 0.3569763 0.3783764 0.3992180 0.3960340 0.2010363 0.2778233 0.4225090 0.2691903 
Neam       0.2741587 0.2841899 0.3619587 0.2674735 0.0000000 0.3197583 0.3170206 0.3998731 0.4036095 0.3310788 0.0179432 0.3249298 0.2302095 
RuprSFB    0.3345663 0.3568773 0.3016356 0.3569763 0.3197583 0.0000000 0.3453904 0.3467854 0.3460566 0.3938993 0.3242670 0.3402167 0.3229973 
Retr       0.3164001 0.3673145 0.4555601 0.3783764 0.3170206 0.3453904 0.0000000 0.3601565 0.3497695 0.3798841 0.3153880 0.1866192 0.2932975 
Beta       0.4011834 0.4474411 0.4031662 0.3992180 0.3998731 0.3467854 0.3601565 0.0000000 0.1616274 0.4592898 0.4163973 0.3691970 0.3924978 
Spol       0.4133589 0.4357062 0.3634019 0.3960340 0.4036095 0.3460566 0.3497695 0.1616274 0.0000000 0.4327262 0.4148162 0.3669609 0.3927012 
MJM1652    0.3590843 0.1890643 0.4051313 0.2010363 0.3310788 0.3938993 0.3798841 0.4592898 0.4327262 0.0000000 0.3373346 0.4045667 0.3170434 
NepSFB     0.2817944 0.2933636 0.3598572 0.2778233 0.0179432 0.3242670 0.3153880 0.4163973 0.4148162 0.3373346 0.0000000 0.3301294 0.2375181 
WPYJ       0.3272746 0.3878356 0.4207387 0.4225090 0.3249298 0.3402167 0.1866192 0.3691970 0.3669609 0.4045667 0.3301294 0.0000000 0.3360263 
MJM2940    0.1839464 0.3097872 0.3545486 0.2691903 0.2302095 0.3229973 0.2932975 0.3924978 0.3927012 0.3170434 0.2375181 0.3360263 0.0000000 
