13
DrolusSFB  0.0000000 0.3259319 0.2952647 0.3747675 0.3179872 0.2828502 0.3254492 0.3700546 0.4392304 0.3754950 0.3173424 0.3158130 0.2247388 
Dino       0.3259319 0.0000000 0.3253281 0.2064092 0.2881538 0.2909964 0.3107076 0.3612643 0.4078488 0.1655574 0.2861084 0.3142923 0.2595303 
MJM3360    0.2952647 0.3253281 0.0000000 0.3533585 0.3383545 0.2120237 0.2878909 0.3108461 0.3390369 0.3725924 0.3295184 0.3489385 0.2941984 
DrobinSFB  0.3747675 0.2064092 0.3533585 0.0000000 0.3364608 0.3564110 0.3454778 0.4220945 0.5280810 0.2683871 0.3286506 0.3371661 0.3460306 
Neam       0.3179872 0.2881538 0.3383545 0.3364608 0.0000000 0.2905719 0.3217504 0.3826989 0.4316280 0.3045563 0.0163322 0.3228334 0.2137831 
RuprSFB    0.2828502 0.2909964 0.2120237 0.3564110 0.2905719 0.0000000 0.2600560 0.2567582 0.3324976 0.3030821 0.2928643 0.3089362 0.2562554 
Retr       0.3254492 0.3107076 0.2878909 0.3454778 0.3217504 0.2600560 0.0000000 0.3346375 0.3631315 0.3196356 0.3165626 0.1702868 0.2630715 
Beta       0.3700546 0.3612643 0.3108461 0.4220945 0.3826989 0.2567582 0.3346375 0.0000000 0.1750730 0.4187054 0.3685836 0.3478147 0.3288347 
Spol       0.4392304 0.4078488 0.3390369 0.5280810 0.4316280 0.3324976 0.3631315 0.1750730 0.0000000 0.4835585 0.4280993 0.3786191 0.3642497 
MJM1652    0.3754950 0.1655574 0.3725924 0.2683871 0.3045563 0.3030821 0.3196356 0.4187054 0.4835585 0.0000000 0.3059784 0.3466727 0.3097048 
NepSFB     0.3173424 0.2861084 0.3295184 0.3286506 0.0163322 0.2928643 0.3165626 0.3685836 0.4280993 0.3059784 0.0000000 0.3186718 0.2120058 
WPYJ       0.3158130 0.3142923 0.3489385 0.3371661 0.3228334 0.3089362 0.1702868 0.3478147 0.3786191 0.3466727 0.3186718 0.0000000 0.2614639 
MJM2940    0.2247388 0.2595303 0.2941984 0.3460306 0.2137831 0.2562554 0.2630715 0.3288347 0.3642497 0.3097048 0.2120058 0.2614639 0.0000000 
