13
DrolusSFB  0.0000000 0.2902936 0.3393079 0.3613994 0.2678234 0.2552045 0.3583654 0.3687412 0.3721185 0.3118974 0.2747097 0.2898081 0.1752567 
Dino       0.2902936 0.0000000 0.3229922 0.2250796 0.2229469 0.2694800 0.3483275 0.3741883 0.3805034 0.1851961 0.2244597 0.2922065 0.2350567 
MJM3360    0.3393079 0.3229922 0.0000000 0.3887945 0.2853128 0.2578364 0.3650519 0.3736692 0.3918707 0.3116438 0.2903533 0.3104976 0.2832052 
DrobinSFB  0.3613994 0.2250796 0.3887945 0.0000000 0.2990744 0.3212890 0.4471914 0.3984791 0.4083670 0.2390744 0.3002592 0.3335599 0.2940953 
Neam       0.2678234 0.2229469 0.2853128 0.2990744 0.0000000 0.2326534 0.3608268 0.3482726 0.3437008 0.2701491 0.0112050 0.2997408 0.2004478 
RuprSFB    0.2552045 0.2694800 0.2578364 0.3212890 0.2326534 0.0000000 0.3117948 0.2967027 0.3053668 0.2561106 0.2336365 0.2678035 0.2184810 
Retr       0.3583654 0.3483275 0.3650519 0.4471914 0.3608268 0.3117948 0.0000000 0.4049054 0.3961848 0.3780800 0.3689253 0.1758361 0.2969117 
Beta       0.3687412 0.3741883 0.3736692 0.3984791 0.3482726 0.2967027 0.4049054 0.0000000 0.1358236 0.3667899 0.3527056 0.3174660 0.3262318 
Spol       0.3721185 0.3805034 0.3918707 0.4083670 0.3437008 0.3053668 0.3961848 0.1358236 0.0000000 0.3610277 0.3504684 0.3231064 0.3400467 
MJM1652    0.3118974 0.1851961 0.3116438 0.2390744 0.2701491 0.2561106 0.3780800 0.3667899 0.3610277 0.0000000 0.2740809 0.3214041 0.2625932 
NepSFB     0.2747097 0.2244597 0.2903533 0.3002592 0.0112050 0.2336365 0.3689253 0.3527056 0.3504684 0.2740809 0.0000000 0.3010617 0.2059764 
WPYJ       0.2898081 0.2922065 0.3104976 0.3335599 0.2997408 0.2678035 0.1758361 0.3174660 0.3231064 0.3214041 0.3010617 0.0000000 0.2330539 
MJM2940    0.1752567 0.2350567 0.2832052 0.2940953 0.2004478 0.2184810 0.2969117 0.3262318 0.3400467 0.2625932 0.2059764 0.2330539 0.0000000 
