13
DrolusSFB  0.0000000 0.2991554 0.4386554 0.3065010 0.2146980 0.3442777 0.3962391 0.4372199 0.4152448 0.3428649 0.2375920 0.3813397 0.2004794 
Dino       0.2991554 0.0000000 0.4272637 0.1863707 0.2336028 0.3494305 0.3777412 0.4332953 0.4315787 0.1388546 0.2377610 0.4374495 0.2405359 
MJM3360    0.4386554 0.4272637 0.0000000 0.4342111 0.3510837 0.3328389 0.4329183 0.4618070 0.4656856 0.4495013 0.3790869 0.3878159 0.4114267 
DrobinSFB  0.3065010 0.1863707 0.4342111 0.0000000 0.2526135 0.3691207 0.4047820 0.4463219 0.4504415 0.2194392 0.2571770 0.3691306 0.2606139 
Neam       0.2146980 0.2336028 0.3510837 0.2526135 0.0000000 0.3040442 0.2996435 0.3617293 0.3280347 0.2325419 0.0157411 0.2862064 0.1889156 
RuprSFB    0.3442777 0.3494305 0.3328389 0.3691207 0.3040442 0.0000000 0.3599451 0.4049057 0.4270934 0.3702779 0.3112620 0.3768769 0.2931303 
Retr       0.3962391 0.3777412 0.4329183 0.4047820 0.2996435 0.3599451 0.0000000 0.4504690 0.4586639 0.4104488 0.3323276 0.1916784 0.3345862 
Beta       0.4372199 0.4332953 0.4618070 0.4463219 0.3617293 0.4049057 0.4504690 0.0000000 0.1554089 0.4329375 0.3430939 0.4215560 0.3615371 
Spol       0.4152448 0.4315787 0.4656856 0.4504415 0.3280347 0.4270934 0.4586639 0.1554089 0.0000000 0.4485153 0.3587576 0.4039849 0.3802843 
MJM1652    0.3428649 0.1388546 0.4495013 0.2194392 0.2325419 0.3702779 0.4104488 0.4329375 0.4485153 0.0000000 0.2780599 0.3566406 0.2621134 
NepSFB     0.2375920 0.2377610 0.3790869 0.2571770 0.0157411 0.3112620 0.3323276 0.3430939 0.3587576 0.2780599 0.0000000 0.2857724 0.1950906 
WPYJ       0.3813397 0.4374495 0.3878159 0.3691306 0.2862064 0.3768769 0.1916784 0.4215560 0.4039849 0.3566406 0.2857724 0.0000000 0.3394440 
MJM2940    0.2004794 0.2405359 0.4114267 0.2606139 0.1889156 0.2931303 0.3345862 0.3615371 0.3802843 0.2621134 0.1950906 0.3394440 0.0000000 
