13
DrolusSFB  0.0000000 0.2774862 0.4130225 0.3140704 0.2438239 0.2955459 0.3800309 0.3652677 0.3806097 0.3417749 0.2468374 0.3774870 0.1955882 
Dino       0.2774862 0.0000000 0.4080275 0.1956657 0.2707381 0.3458118 0.3747942 0.3989142 0.4150557 0.1880944 0.2921893 0.4091512 0.2764784 
MJM3360    0.4130225 0.4080275 0.0000000 0.3800085 0.3933135 0.3371237 0.4579678 0.4330460 0.4204928 0.4648446 0.3973484 0.4909713 0.4184701 
DrobinSFB  0.3140704 0.1956657 0.3800085 0.0000000 0.2961573 0.3374551 0.3920731 0.4336247 0.4281402 0.2399580 0.3134507 0.4399061 0.3243441 
Neam       0.2438239 0.2707381 0.3933135 0.2961573 0.0000000 0.2970836 0.3219959 0.3603061 0.3548963 0.3404418 0.0193517 0.3503623 0.2076108 
RuprSFB    0.2955459 0.3458118 0.3371237 0.3374551 0.2970836 0.0000000 0.3529429 0.3659706 0.3433419 0.3878014 0.3146313 0.3615444 0.2906986 
Retr       0.3800309 0.3747942 0.4579678 0.3920731 0.3219959 0.3529429 0.0000000 0.3996788 0.3927701 0.3997630 0.3446199 0.2154326 0.3235643 
Beta       0.3652677 0.3989142 0.4330460 0.4336247 0.3603061 0.3659706 0.3996788 0.0000000 0.1272096 0.5405601 0.3773499 0.4120254 0.3620499 
Spol       0.3806097 0.4150557 0.4204928 0.4281402 0.3548963 0.3433419 0.3927701 0.1272096 0.0000000 0.5082656 0.3693161 0.4279928 0.3664224 
MJM1652    0.3417749 0.1880944 0.4648446 0.2399580 0.3404418 0.3878014 0.3997630 0.5405601 0.5082656 0.0000000 0.3377165 0.4437777 0.3205826 
NepSFB     0.2468374 0.2921893 0.3973484 0.3134507 0.0193517 0.3146313 0.3446199 0.3773499 0.3693161 0.3377165 0.0000000 0.3616868 0.2268641 
WPYJ       0.3774870 0.4091512 0.4909713 0.4399061 0.3503623 0.3615444 0.2154326 0.4120254 0.4279928 0.4437777 0.3616868 0.0000000 0.3112875 
MJM2940    0.1955882 0.2764784 0.4184701 0.3243441 0.2076108 0.2906986 0.3235643 0.3620499 0.3664224 0.3205826 0.2268641 0.3112875 0.0000000 
