13
DrolusSFB  0.0000000 0.3773329 0.4423816 0.4188606 0.2902551 0.3760995 0.3987915 0.4029968 0.4373316 0.4341969 0.2864559 0.4154680 0.2123427 
Dino       0.3773329 0.0000000 0.4489350 0.2352644 0.3055296 0.4383843 0.4427243 0.4175771 0.4338180 0.1553639 0.3040881 0.4351575 0.3230067 
MJM3360    0.4423816 0.4489350 0.0000000 0.4785653 0.3513788 0.3178413 0.4249753 0.4451833 0.4717693 0.4692733 0.3537581 0.3916370 0.3724556 
DrobinSFB  0.4188606 0.2352644 0.4785653 0.0000000 0.3321654 0.4525711 0.4393225 0.4518181 0.4936871 0.2838688 0.3364508 0.4636780 0.3713992 
Neam       0.2902551 0.3055296 0.3513788 0.3321654 0.0000000 0.3382293 0.3190418 0.3443827 0.3860198 0.3702388 0.0098588 0.3377515 0.2124580 
RuprSFB    0.3760995 0.4383843 0.3178413 0.4525711 0.3382293 0.0000000 0.3947097 0.3930638 0.4347284 0.4709864 0.3411976 0.3690652 0.3504876 
Retr       0.3987915 0.4427243 0.4249753 0.4393225 0.3190418 0.3947097 0.0000000 0.4041775 0.4450574 0.4686776 0.3234047 0.2257963 0.3275983 
Beta       0.4029968 0.4175771 0.4451833 0.4518181 0.3443827 0.3930638 0.4041775 0.0000000 0.1856234 0.4669586 0.3420495 0.3748806 0.3616959 
Spol       0.4373316 0.4338180 0.4717693 0.4936871 0.3860198 0.4347284 0.4450574 0.1856234 0.0000000 0.4834813 0.3844040 0.3765204 0.3876921 
MJM1652    0.4341969 0.1553639 0.4692733 0.2838688 0.3702388 0.4709864 0.4686776 0.4669586 0.4834813 0.0000000 0.3741540 0.4710173 0.3870941 
NepSFB     0.2864559 0.3040881 0.3537581 0.3364508 0.0098588 0.3411976 0.3234047 0.3420495 0.3844040 0.3741540 0.0000000 0.3490344 0.2125032 
WPYJ       0.4154680 0.4351575 0.3916370 0.4636780 0.3377515 0.3690652 0.2257963 0.3748806 0.3765204 0.4710173 0.3490344 0.0000000 0.3276270 
MJM2940    0.2123427 0.3230067 0.3724556 0.3713992 0.2124580 0.3504876 0.3275983 0.3616959 0.3876921 0.3870941 0.2125032 0.3276270 0.0000000 
