13
DrolusSFB  0.0000000 0.3666711 0.2845381 0.4610435 0.2891809 0.2616705 0.3080195 0.4017411 0.4306650 0.3988562 0.2915704 0.3347201 0.2168770 
Dino       0.3666711 0.0000000 0.2374815 0.2321308 0.2203862 0.2402693 0.3021546 0.4158980 0.4605608 0.1440148 0.2344696 0.3129658 0.2328711 
MJM3360    0.2845381 0.2374815 0.0000000 0.3097125 0.2124464 0.2007265 0.2601449 0.2774220 0.2649254 0.2362809 0.2111466 0.2691140 0.2057996 
DrobinSFB  0.4610435 0.2321308 0.3097125 0.0000000 0.3108535 0.3162509 0.3914266 0.4646336 0.4668976 0.2703611 0.3184539 0.4058195 0.3107138 
Neam       0.2891809 0.2203862 0.2124464 0.3108535 0.0000000 0.2280088 0.2517364 0.3421765 0.3637614 0.2759505 0.0100249 0.2699808 0.1554044 
RuprSFB    0.2616705 0.2402693 0.2007265 0.3162509 0.2280088 0.0000000 0.2519139 0.2837626 0.2424373 0.2373945 0.2169983 0.2737579 0.2055119 
Retr       0.3080195 0.3021546 0.2601449 0.3914266 0.2517364 0.2519139 0.0000000 0.3358764 0.3197232 0.2978430 0.2524678 0.1603916 0.2431026 
Beta       0.4017411 0.4158980 0.2774220 0.4646336 0.3421765 0.2837626 0.3358764 0.0000000 0.1686295 0.4244362 0.3251651 0.3322578 0.2957485 
Spol       0.4306650 0.4605608 0.2649254 0.4668976 0.3637614 0.2424373 0.3197232 0.1686295 0.0000000 0.4326146 0.3479110 0.3209679 0.3018338 
MJM1652    0.3988562 0.1440148 0.2362809 0.2703611 0.2759505 0.2373945 0.2978430 0.4244362 0.4326146 0.0000000 0.2781098 0.3257886 0.2723690 
NepSFB     0.2915704 0.2344696 0.2111466 0.3184539 0.0100249 0.2169983 0.2524678 0.3251651 0.3479110 0.2781098 0.0000000 0.2663876 0.1607315 
WPYJ       0.3347201 0.3129658 0.2691140 0.4058195 0.2699808 0.2737579 0.1603916 0.3322578 0.3209679 0.3257886 0.2663876 0.0000000 0.2725448 
MJM2940    0.2168770 0.2328711 0.2057996 0.3107138 0.1554044 0.2055119 0.2431026 0.2957485 0.3018338 0.2723690 0.1607315 0.2725448 0.0000000 
