13
DrolusSFB  0.0000000 0.3017289 0.3640352 0.3315354 0.2891700 0.3583711 0.3566805 0.3774425 0.3774731 0.3382136 0.2841822 0.4054273 0.1689723 
Dino       0.3017289 0.0000000 0.3918922 0.2108050 0.2777886 0.3862373 0.3614713 0.4184585 0.4061398 0.1469677 0.2683311 0.4108029 0.2710200 
MJM3360    0.3640352 0.3918922 0.0000000 0.4471953 0.3509821 0.3026388 0.4113172 0.4154626 0.4107799 0.4083752 0.3401471 0.4327504 0.3248918 
DrobinSFB  0.3315354 0.2108050 0.4471953 0.0000000 0.3379342 0.4358859 0.4069288 0.4380804 0.4267723 0.2352046 0.3252334 0.4262751 0.2978209 
Neam       0.2891700 0.2777886 0.3509821 0.3379342 0.0000000 0.3559670 0.3565749 0.3782465 0.3690240 0.3100911 0.0092173 0.3752192 0.2337159 
RuprSFB    0.3583711 0.3862373 0.3026388 0.4358859 0.3559670 0.0000000 0.3946735 0.3823773 0.3893532 0.4031946 0.3458197 0.4204777 0.3204835 
Retr       0.3566805 0.3614713 0.4113172 0.4069288 0.3565749 0.3946735 0.0000000 0.4391943 0.4185397 0.4168611 0.3580773 0.2469616 0.3181919 
Beta       0.3774425 0.4184585 0.4154626 0.4380804 0.3782465 0.3823773 0.4391943 0.0000000 0.1306507 0.4422705 0.3635839 0.4750861 0.3368614 
Spol       0.3774731 0.4061398 0.4107799 0.4267723 0.3690240 0.3893532 0.4185397 0.1306507 0.0000000 0.4274975 0.3570750 0.4523612 0.3230536 
MJM1652    0.3382136 0.1469677 0.4083752 0.2352046 0.3100911 0.4031946 0.4168611 0.4422705 0.4274975 0.0000000 0.2925390 0.4777553 0.3004981 
NepSFB     0.2841822 0.2683311 0.3401471 0.3252334 0.0092173 0.3458197 0.3580773 0.3635839 0.3570750 0.2925390 0.0000000 0.3834278 0.2262155 
WPYJ       0.4054273 0.4108029 0.4327504 0.4262751 0.3752192 0.4204777 0.2469616 0.4750861 0.4523612 0.4777553 0.3834278 0.0000000 0.3590102 
MJM2940    0.1689723 0.2710200 0.3248918 0.2978209 0.2337159 0.3204835 0.3181919 0.3368614 0.3230536 0.3004981 0.2262155 0.3590102 0.0000000 
