13
DrolusSFB  0.0000000 0.3818859 0.4310744 0.4290377 0.2666349 0.3673759 0.4427544 0.4367535 0.4799492 0.4100353 0.2575827 0.4729074 0.1997988 
Dino       0.3818859 0.0000000 0.4531206 0.1852024 0.2864050 0.3782609 0.4350745 0.4809721 0.5379653 0.1376594 0.2856738 0.4713670 0.3189730 
MJM3360    0.4310744 0.4531206 0.0000000 0.5123811 0.3698338 0.2508382 0.4422416 0.4518466 0.4786827 0.4590845 0.3591789 0.5034728 0.3625175 
DrobinSFB  0.4290377 0.1852024 0.5123811 0.0000000 0.3377897 0.4084980 0.4864226 0.5401338 0.6234172 0.2109727 0.3320395 0.5425251 0.3642987 
Neam       0.2666349 0.2864050 0.3698338 0.3377897 0.0000000 0.3069873 0.3523722 0.3896450 0.4312138 0.3282207 0.0071044 0.3768786 0.1991002 
RuprSFB    0.3673759 0.3782609 0.2508382 0.4084980 0.3069873 0.0000000 0.3753337 0.3830344 0.4423162 0.3964140 0.2644425 0.4295750 0.2713848 
Retr       0.4427544 0.4350745 0.4422416 0.4864226 0.3523722 0.3753337 0.0000000 0.4449683 0.5125652 0.4559539 0.3393370 0.2097103 0.3679260 
Beta       0.4367535 0.4809721 0.4518466 0.5401338 0.3896450 0.3830344 0.4449683 0.0000000 0.1502107 0.4599742 0.3452042 0.5248415 0.3569458 
Spol       0.4799492 0.5379653 0.4786827 0.6234172 0.4312138 0.4423162 0.5125652 0.1502107 0.0000000 0.5519065 0.4352435 0.5445728 0.4282180 
MJM1652    0.4100353 0.1376594 0.4590845 0.2109727 0.3282207 0.3964140 0.4559539 0.4599742 0.5519065 0.0000000 0.3088114 0.5139041 0.3332262 
NepSFB     0.2575827 0.2856738 0.3591789 0.3320395 0.0071044 0.2644425 0.3393370 0.3452042 0.4352435 0.3088114 0.0000000 0.3800112 0.1902415 
WPYJ       0.4729074 0.4713670 0.5034728 0.5425251 0.3768786 0.4295750 0.2097103 0.5248415 0.5445728 0.5139041 0.3800112 0.0000000 0.4311089 
MJM2940    0.1997988 0.3189730 0.3625175 0.3642987 0.1991002 0.2713848 0.3679260 0.3569458 0.4282180 0.3332262 0.1902415 0.4311089 0.0000000 
