13
DrolusSFB  0.0000000 0.2959810 0.4889294 0.3097471 0.2360469 0.3311759 0.3953303 0.4441042 0.4731706 0.3139335 0.2496905 0.3533109 0.1890593 
Dino       0.2959810 0.0000000 0.4132567 0.1691039 0.2568284 0.2860849 0.4281452 0.4482769 0.4880378 0.1454501 0.2598633 0.2475872 0.2387633 
MJM3360    0.4889294 0.4132567 0.0000000 0.3406416 0.4225089 0.3262443 0.6919414 0.5230775 0.5365153 0.4114933 0.4276416 0.2925791 0.3723718 
DrobinSFB  0.3097471 0.1691039 0.3406416 0.0000000 0.2694962 0.3091872 0.5915282 0.4374575 0.4863389 0.1958730 0.2765273 0.2392447 0.2274682 
Neam       0.2360469 0.2568284 0.4225089 0.2694962 0.0000000 0.3110873 0.3618682 0.3951667 0.4187826 0.2745101 0.0174164 0.2617420 0.1885842 
RuprSFB    0.3311759 0.2860849 0.3262443 0.3091872 0.3110873 0.0000000 0.4118965 0.4487482 0.4946650 0.3175350 0.3138097 0.2699952 0.2694499 
Retr       0.3953303 0.4281452 0.6919414 0.5915282 0.3618682 0.4118965 0.0000000 0.5818730 0.6080044 0.4172772 0.3767249 9.0000000 0.3727420 
Beta       0.4441042 0.4482769 0.5230775 0.4374575 0.3951667 0.4487482 0.5818730 0.0000000 0.1963256 0.4382324 0.4039740 0.3728769 0.3870189 
Spol       0.4731706 0.4880378 0.5365153 0.4863389 0.4187826 0.4946650 0.6080044 0.1963256 0.0000000 0.4991849 0.4323845 0.3960726 0.4278520 
MJM1652    0.3139335 0.1454501 0.4114933 0.1958730 0.2745101 0.3175350 0.4172772 0.4382324 0.4991849 0.0000000 0.2709308 0.2590233 0.2571333 
NepSFB     0.2496905 0.2598633 0.4276416 0.2765273 0.0174164 0.3138097 0.3767249 0.4039740 0.4323845 0.2709308 0.0000000 0.2589161 0.2016229 
WPYJ       0.3533109 0.2475872 0.2925791 0.2392447 0.2617420 0.2699952 9.0000000 0.3728769 0.3960726 0.2590233 0.2589161 0.0000000 0.2429044 
MJM2940    0.1890593 0.2387633 0.3723718 0.2274682 0.1885842 0.2694499 0.3727420 0.3870189 0.4278520 0.2571333 0.2016229 0.2429044 0.0000000 
