13
DrolusSFB  0.0000000 0.3192749 0.3201439 0.3333519 0.2472101 0.3578201 0.3178416 0.3789202 0.3599261 0.3458229 0.2449168 0.2553398 0.1651458 
Dino       0.3192749 0.0000000 0.3869535 0.1915451 0.2875245 0.3549614 0.3127104 0.4032148 0.4452458 0.1699925 0.2920734 0.2897020 0.2687257 
MJM3360    0.3201439 0.3869535 0.0000000 0.4184158 0.3391712 0.2854777 0.3110162 0.4335398 0.4512395 0.4314982 0.3398521 0.3075856 0.3321220 
DrobinSFB  0.3333519 0.1915451 0.4184158 0.0000000 0.3269761 0.3774732 0.3424623 0.4179113 0.4329645 0.2308832 0.3343577 0.3028342 0.3074981 
Neam       0.2472101 0.2875245 0.3391712 0.3269761 0.0000000 0.2878652 0.2758578 0.3432368 0.3415746 0.3278181 0.0130174 0.2776657 0.2077475 
RuprSFB    0.3578201 0.3549614 0.2854777 0.3774732 0.2878652 0.0000000 0.2950961 0.3827480 0.3909839 0.3858169 0.2907970 0.2945222 0.3071509 
Retr       0.3178416 0.3127104 0.3110162 0.3424623 0.2758578 0.2950961 0.0000000 0.3484189 0.3279132 0.3240538 0.2822941 0.1517141 0.2687416 
Beta       0.3789202 0.4032148 0.4335398 0.4179113 0.3432368 0.3827480 0.3484189 0.0000000 0.1478006 0.4142629 0.3512032 0.3653730 0.3642780 
Spol       0.3599261 0.4452458 0.4512395 0.4329645 0.3415746 0.3909839 0.3279132 0.1478006 0.0000000 0.4480189 0.3465453 0.3489184 0.3609941 
MJM1652    0.3458229 0.1699925 0.4314982 0.2308832 0.3278181 0.3858169 0.3240538 0.4142629 0.4480189 0.0000000 0.3341704 0.3301276 0.3268638 
NepSFB     0.2449168 0.2920734 0.3398521 0.3343577 0.0130174 0.2907970 0.2822941 0.3512032 0.3465453 0.3341704 0.0000000 0.2809551 0.2117863 
WPYJ       0.2553398 0.2897020 0.3075856 0.3028342 0.2776657 0.2945222 0.1517141 0.3653730 0.3489184 0.3301276 0.2809551 0.0000000 0.2687889 
MJM2940    0.1651458 0.2687257 0.3321220 0.3074981 0.2077475 0.3071509 0.2687416 0.3642780 0.3609941 0.3268638 0.2117863 0.2687889 0.0000000 
