13
DrolusSFB  0.0000000 0.2645568 0.3730759 0.3156293 0.2395628 0.2959814 0.3359678 0.3312463 0.3316230 0.2958692 0.2431775 0.3677166 0.1855819 
Dino       0.2645568 0.0000000 0.4109091 0.1630730 0.2288769 0.2935700 0.3050034 0.3646845 0.3493836 0.1352661 0.2333044 0.3478082 0.2445495 
MJM3360    0.3730759 0.4109091 0.0000000 0.4456276 0.3572844 0.2794051 0.3841186 0.4271648 0.4345774 0.4654345 0.3623653 0.4049200 0.3612974 
DrobinSFB  0.3156293 0.1630730 0.4456276 0.0000000 0.2697331 0.3422253 0.3594296 0.4121270 0.3715629 0.1886916 0.2752239 0.3796911 0.3003438 
Neam       0.2395628 0.2288769 0.3572844 0.2697331 0.0000000 0.2446672 0.2785788 0.3247974 0.3339574 0.2625131 0.0067913 0.3109770 0.2026396 
RuprSFB    0.2959814 0.2935700 0.2794051 0.3422253 0.2446672 0.0000000 0.3292499 0.3363619 0.3318741 0.3225051 0.2484490 0.3586536 0.2549465 
Retr       0.3359678 0.3050034 0.3841186 0.3594296 0.2785788 0.3292499 0.0000000 0.3670586 0.3930536 0.3222506 0.2744168 0.1955161 0.2983441 
Beta       0.3312463 0.3646845 0.4271648 0.4121270 0.3247974 0.3363619 0.3670586 0.0000000 0.1506398 0.3880579 0.3214572 0.3773550 0.3130154 
Spol       0.3316230 0.3493836 0.4345774 0.3715629 0.3339574 0.3318741 0.3930536 0.1506398 0.0000000 0.3773993 0.3389052 0.3777735 0.3081996 
MJM1652    0.2958692 0.1352661 0.4654345 0.1886916 0.2625131 0.3225051 0.3222506 0.3880579 0.3773993 0.0000000 0.2673383 0.4006119 0.2898830 
NepSFB     0.2431775 0.2333044 0.3623653 0.2752239 0.0067913 0.2484490 0.2744168 0.3214572 0.3389052 0.2673383 0.0000000 0.3155102 0.2062824 
WPYJ       0.3677166 0.3478082 0.4049200 0.3796911 0.3109770 0.3586536 0.1955161 0.3773550 0.3777735 0.4006119 0.3155102 0.0000000 0.3230333 
MJM2940    0.1855819 0.2445495 0.3612974 0.3003438 0.2026396 0.2549465 0.2983441 0.3130154 0.3081996 0.2898830 0.2062824 0.3230333 0.0000000 
