13
DrolusSFB  0.0000000 0.3551962 0.4039196 0.3557952 9.0000000 0.4059748 0.3839178 0.3710509 0.3408349 0.3761680 0.2865938 0.3619424 0.2235815 
Dino       0.3551962 0.0000000 0.3983941 0.2030216 0.4426086 0.4823841 0.3729593 0.5046429 0.5111458 0.2208871 0.3438674 0.3599514 0.3292443 
MJM3360    0.4039196 0.3983941 0.0000000 0.4204462 0.4090283 0.3331645 0.4259595 0.4272925 0.4177006 0.4260023 0.3674610 0.3741273 0.3735312 
DrobinSFB  0.3557952 0.2030216 0.4204462 0.0000000 0.4534606 0.4669724 0.4051989 0.4795415 0.4844403 0.2721084 0.3585688 0.3641940 0.3565925 
Neam       9.0000000 0.4426086 0.4090283 0.4534606 0.0000000 0.5802501 9.0000000 0.6425101 0.6428603 0.5938009 0.0159574 9.0000000 0.3489698 
RuprSFB    0.4059748 0.4823841 0.3331645 0.4669724 0.5802501 0.0000000 0.4454874 0.5040165 0.5176987 0.5506291 0.4203437 0.3768397 0.3992330 
Retr       0.3839178 0.3729593 0.4259595 0.4051989 9.0000000 0.4454874 0.0000000 0.3873108 0.4336074 0.4370860 0.3337671 0.1679219 0.3333725 
Beta       0.3710509 0.5046429 0.4272925 0.4795415 0.6425101 0.5040165 0.3873108 0.0000000 0.1510381 0.5699695 0.4480828 0.3616785 0.4196624 
Spol       0.3408349 0.5111458 0.4177006 0.4844403 0.6428603 0.5176987 0.4336074 0.1510381 0.0000000 0.5846887 0.4555219 0.3550295 0.4287372 
MJM1652    0.3761680 0.2208871 0.4260023 0.2721084 0.5938009 0.5506291 0.4370860 0.5699695 0.5846887 0.0000000 0.4402268 0.3958266 0.4079554 
NepSFB     0.2865938 0.3438674 0.3674610 0.3585688 0.0159574 0.4203437 0.3337671 0.4480828 0.4555219 0.4402268 0.0000000 0.3341623 0.2560871 
WPYJ       0.3619424 0.3599514 0.3741273 0.3641940 9.0000000 0.3768397 0.1679219 0.3616785 0.3550295 0.3958266 0.3341623 0.0000000 0.3633743 
MJM2940    0.2235815 0.3292443 0.3735312 0.3565925 0.3489698 0.3992330 0.3333725 0.4196624 0.4287372 0.4079554 0.2560871 0.3633743 0.0000000 
