13
DrolusSFB  0.0000000 0.3336537 0.3956342 0.3714813 0.2690681 0.3041295 0.3913578 0.3631171 0.4156681 0.2959485 0.2723183 0.3664461 0.1947445 
Dino       0.3336537 0.0000000 0.3820368 0.2562154 0.3057229 0.2999904 0.5135254 0.4106172 0.4470611 0.1724615 0.2984503 0.4357088 0.3119694 
MJM3360    0.3956342 0.3820368 0.0000000 0.4456041 0.3508373 0.3145728 0.4762574 0.4483785 0.4351758 0.3983613 0.3619603 0.3920758 0.3592473 
DrobinSFB  0.3714813 0.2562154 0.4456041 0.0000000 0.3516384 0.3617803 0.4651302 0.4453218 0.4641656 0.2407895 0.3504882 0.4415994 0.3333987 
Neam       0.2690681 0.3057229 0.3508373 0.3516384 0.0000000 0.2623947 0.2961025 0.3653831 0.3959115 0.2786184 0.0130993 0.3098435 0.2027068 
RuprSFB    0.3041295 0.2999904 0.3145728 0.3617803 0.2623947 0.0000000 0.2916737 0.3532762 0.3611103 0.3180109 0.2667083 0.3185868 0.2591528 
Retr       0.3913578 0.5135254 0.4762574 0.4651302 0.2961025 0.2916737 0.0000000 0.3666447 0.3508081 0.4172811 0.2774444 0.1982309 0.3101068 
Beta       0.3631171 0.4106172 0.4483785 0.4453218 0.3653831 0.3532762 0.3666447 0.0000000 0.1190521 0.3513187 0.3561190 0.3345710 0.2907281 
Spol       0.4156681 0.4470611 0.4351758 0.4641656 0.3959115 0.3611103 0.3508081 0.1190521 0.0000000 0.3869087 0.3898741 0.3877456 0.3379212 
MJM1652    0.2959485 0.1724615 0.3983613 0.2407895 0.2786184 0.3180109 0.4172811 0.3513187 0.3869087 0.0000000 0.2794644 0.3763936 0.2490035 
NepSFB     0.2723183 0.2984503 0.3619603 0.3504882 0.0130993 0.2667083 0.2774444 0.3561190 0.3898741 0.2794644 0.0000000 0.3095985 0.2060164 
WPYJ       0.3664461 0.4357088 0.3920758 0.4415994 0.3098435 0.3185868 0.1982309 0.3345710 0.3877456 0.3763936 0.3095985 0.0000000 0.3226116 
MJM2940    0.1947445 0.3119694 0.3592473 0.3333987 0.2027068 0.2591528 0.3101068 0.2907281 0.3379212 0.2490035 0.2060164 0.3226116 0.0000000 
