13
DrolusSFB  0.0000000 0.3225087 0.3869155 0.4610104 0.4135021 0.4082910 0.4640274 0.4430236 0.4153323 0.4044447 0.3647672 0.5179891 0.2215502 
Dino       0.3225087 0.0000000 0.3784798 0.2854003 0.3368842 0.3764746 0.4393287 0.4105794 0.4261263 0.1777818 0.3013996 0.5310406 0.2826633 
MJM3360    0.3869155 0.3784798 0.0000000 0.4834101 0.4141546 0.3165270 0.4288547 0.4304342 0.4606935 0.4142506 0.3725810 0.5281877 0.3606166 
DrobinSFB  0.4610104 0.2854003 0.4834101 0.0000000 0.5219226 0.4651028 0.5054362 0.5108046 0.4836568 0.3229371 0.4247353 0.6213290 0.4438087 
Neam       0.4135021 0.3368842 0.4141546 0.5219226 0.0000000 0.4176494 0.4862170 0.4568111 0.4735599 0.3843429 0.0168308 0.5909798 0.2703551 
RuprSFB    0.4082910 0.3764746 0.3165270 0.4651028 0.4176494 0.0000000 0.4600315 0.4064969 0.4194816 0.4089492 0.3660747 0.5307656 0.3469346 
Retr       0.4640274 0.4393287 0.4288547 0.5054362 0.4862170 0.4600315 0.0000000 0.4749646 0.4458131 0.5119931 0.4489506 0.2455714 0.3988028 
Beta       0.4430236 0.4105794 0.4304342 0.5108046 0.4568111 0.4064969 0.4749646 0.0000000 0.1814360 0.4572272 0.4093114 0.5751820 0.3712072 
Spol       0.4153323 0.4261263 0.4606935 0.4836568 0.4735599 0.4194816 0.4458131 0.1814360 0.0000000 0.4476314 0.4154048 0.5600139 0.3673448 
MJM1652    0.4044447 0.1777818 0.4142506 0.3229371 0.3843429 0.4089492 0.5119931 0.4572272 0.4476314 0.0000000 0.3705960 0.5953667 0.3727773 
NepSFB     0.3647672 0.3013996 0.3725810 0.4247353 0.0168308 0.3660747 0.4489506 0.4093114 0.4154048 0.3705960 0.0000000 0.5336834 0.2587065 
WPYJ       0.5179891 0.5310406 0.5281877 0.6213290 0.5909798 0.5307656 0.2455714 0.5751820 0.5600139 0.5953667 0.5336834 0.0000000 0.4682143 
MJM2940    0.2215502 0.2826633 0.3606166 0.4438087 0.2703551 0.3469346 0.3988028 0.3712072 0.3673448 0.3727773 0.2587065 0.4682143 0.0000000 
