13
DrolusSFB  0.0000000 0.2232557 0.2884299 0.3182595 0.2331313 0.3169411 0.3837591 0.4122398 0.4259252 0.2922430 0.2061520 0.2569299 0.1830980 
Dino       0.2232557 0.0000000 0.2968590 0.1581401 0.1917441 0.2729451 0.2898331 0.3247586 0.2960246 0.1502418 0.1766944 0.2625215 0.1830584 
MJM3360    0.2884299 0.2968590 0.0000000 0.3718187 0.3696349 0.2997886 0.3464225 0.4347789 0.4285987 0.3220471 0.3122741 0.2967099 0.3155221 
DrobinSFB  0.3182595 0.1581401 0.3718187 0.0000000 0.2991801 0.3961384 0.3758181 0.3897128 0.3578911 0.2625141 0.3232562 0.3314203 0.2631329 
Neam       0.2331313 0.1917441 0.3696349 0.2991801 0.0000000 0.3613773 0.3174278 0.3279204 0.3592600 0.2527901 0.0057694 0.2821678 0.1592324 
RuprSFB    0.3169411 0.2729451 0.2997886 0.3961384 0.3613773 0.0000000 0.3875674 0.4200209 0.4086453 0.3671531 0.3295039 0.2931697 0.3297626 
Retr       0.3837591 0.2898331 0.3464225 0.3758181 0.3174278 0.3875674 0.0000000 0.3549071 0.3928659 0.3471248 0.2849693 0.2178982 0.3659067 
Beta       0.4122398 0.3247586 0.4347789 0.3897128 0.3279204 0.4200209 0.3549071 0.0000000 0.1335314 0.3687752 0.2736599 0.3393523 0.3768563 
Spol       0.4259252 0.2960246 0.4285987 0.3578911 0.3592600 0.4086453 0.3928659 0.1335314 0.0000000 0.3740064 0.2743316 0.3792416 0.3982940 
MJM1652    0.2922430 0.1502418 0.3220471 0.2625141 0.2527901 0.3671531 0.3471248 0.3687752 0.3740064 0.0000000 0.2703502 0.3042236 0.2402087 
NepSFB     0.2061520 0.1766944 0.3122741 0.3232562 0.0057694 0.3295039 0.2849693 0.2736599 0.2743316 0.2703502 0.0000000 0.3127762 0.1590538 
WPYJ       0.2569299 0.2625215 0.2967099 0.3314203 0.2821678 0.2931697 0.2178982 0.3393523 0.3792416 0.3042236 0.3127762 0.0000000 0.2392577 
MJM2940    0.1830980 0.1830584 0.3155221 0.2631329 0.1592324 0.3297626 0.3659067 0.3768563 0.3982940 0.2402087 0.1590538 0.2392577 0.0000000 
