13
DrolusSFB  0.0000000 0.3333203 0.4211460 0.3501069 0.2597662 0.3588896 0.3433402 0.3730211 0.3450152 0.3420807 0.2627040 0.3778361 0.1620983 
Dino       0.3333203 0.0000000 0.4594177 0.2401902 0.2955954 0.4319121 0.3940577 0.4139514 0.3906594 0.1708071 0.3007713 0.4403898 0.2830065 
MJM3360    0.4211460 0.4594177 0.0000000 0.4869017 0.3863090 0.3044452 0.4234765 0.4448046 0.4076968 0.4162952 0.3930711 0.4444027 0.3574661 
DrobinSFB  0.3501069 0.2401902 0.4869017 0.0000000 0.3164481 0.4314321 0.3877721 0.3841537 0.3556433 0.2523674 0.3213295 0.4299591 0.3112228 
Neam       0.2597662 0.2955954 0.3863090 0.3164481 0.0000000 0.3594079 0.3373973 0.3761039 0.3220036 0.3101375 0.0134624 0.3828666 0.2067283 
RuprSFB    0.3588896 0.4319121 0.3044452 0.4314321 0.3594079 0.0000000 0.3675544 0.3608029 0.3489219 0.4178241 0.3631305 0.3719388 0.2928103 
Retr       0.3433402 0.3940577 0.4234765 0.3877721 0.3373973 0.3675544 0.0000000 0.3330267 0.3208242 0.4280181 0.3277730 0.1958841 0.2804675 
Beta       0.3730211 0.4139514 0.4448046 0.3841537 0.3761039 0.3608029 0.3330267 0.0000000 0.1493534 0.4053452 0.3755492 0.3789627 0.3062352 
Spol       0.3450152 0.3906594 0.4076968 0.3556433 0.3220036 0.3489219 0.3208242 0.1493534 0.0000000 0.3810699 0.3348743 0.3618549 0.2888156 
MJM1652    0.3420807 0.1708071 0.4162952 0.2523674 0.3101375 0.4178241 0.4280181 0.4053452 0.3810699 0.0000000 0.3149811 0.4425759 0.2908710 
NepSFB     0.2627040 0.3007713 0.3930711 0.3213295 0.0134624 0.3631305 0.3277730 0.3755492 0.3348743 0.3149811 0.0000000 0.3917822 0.2046247 
WPYJ       0.3778361 0.4403898 0.4444027 0.4299591 0.3828666 0.3719388 0.1958841 0.3789627 0.3618549 0.4425759 0.3917822 0.0000000 0.2975637 
MJM2940    0.1620983 0.2830065 0.3574661 0.3112228 0.2067283 0.2928103 0.2804675 0.3062352 0.2888156 0.2908710 0.2046247 0.2975637 0.0000000 
