13
DrolusSFB  0.0000000 0.2957246 0.3659761 0.3775984 0.2488880 0.3291344 0.3671089 0.4063481 0.4033415 0.3453160 0.2409510 0.3450629 0.1976619 
Dino       0.2957246 0.0000000 0.3608075 0.2293307 0.2402148 0.3334520 0.4105323 0.4069505 0.3946231 0.1507128 0.2370933 0.3422740 0.2049983 
MJM3360    0.3659761 0.3608075 0.0000000 0.4502827 0.3350902 0.4020401 0.4066051 0.4192256 0.4248907 0.4231726 0.3381609 0.3221806 0.3293001 
DrobinSFB  0.3775984 0.2293307 0.4502827 0.0000000 0.3190429 0.3712413 0.4313136 0.4777417 0.4604410 0.2430425 0.3044208 0.3072964 0.3006092 
Neam       0.2488880 0.2402148 0.3350902 0.3190429 0.0000000 0.3348582 0.3419098 0.4275150 0.3621598 0.3106800 0.0147245 0.2716889 0.1784582 
RuprSFB    0.3291344 0.3334520 0.4020401 0.3712413 0.3348582 0.0000000 0.3579055 0.3464011 0.3241674 0.3525373 0.3323776 0.3150927 0.3148471 
Retr       0.3671089 0.4105323 0.4066051 0.4313136 0.3419098 0.3579055 0.0000000 0.4541529 0.4181182 0.4335058 0.3364779 0.1639932 0.2851108 
Beta       0.4063481 0.4069505 0.4192256 0.4777417 0.4275150 0.3464011 0.4541529 0.0000000 0.1944738 0.4499542 0.4162483 0.3633514 0.3634032 
Spol       0.4033415 0.3946231 0.4248907 0.4604410 0.3621598 0.3241674 0.4181182 0.1944738 0.0000000 0.4281474 0.3660349 0.3502596 0.3897720 
MJM1652    0.3453160 0.1507128 0.4231726 0.2430425 0.3106800 0.3525373 0.4335058 0.4499542 0.4281474 0.0000000 0.2961139 0.3426067 0.2776149 
NepSFB     0.2409510 0.2370933 0.3381609 0.3044208 0.0147245 0.3323776 0.3364779 0.4162483 0.3660349 0.2961139 0.0000000 0.2752563 0.1678355 
WPYJ       0.3450629 0.3422740 0.3221806 0.3072964 0.2716889 0.3150927 0.1639932 0.3633514 0.3502596 0.3426067 0.2752563 0.0000000 0.2536858 
MJM2940    0.1976619 0.2049983 0.3293001 0.3006092 0.1784582 0.3148471 0.2851108 0.3634032 0.3897720 0.2776149 0.1678355 0.2536858 0.0000000 
