13
DrolusSFB  0.0000000 0.3713710 0.3505905 0.3396716 0.2070275 0.2763587 0.2761240 0.3081231 0.3109505 0.3513174 0.2064466 0.2799155 0.1582193 
Dino       0.3713710 0.0000000 0.4732619 0.2424358 0.3544856 0.4130061 0.4562906 0.4463068 0.4226250 0.2145816 0.3596408 0.4453016 0.3434509 
MJM3360    0.3505905 0.4732619 0.0000000 0.4361509 0.3361909 0.2731680 0.3394160 0.3886652 0.3763693 0.4313531 0.3427333 0.3318412 0.3096759 
DrobinSFB  0.3396716 0.2424358 0.4361509 0.0000000 0.3323798 0.3590720 0.4010594 0.4295874 0.3531350 0.2583663 0.3395919 0.4070245 0.3312535 
Neam       0.2070275 0.3544856 0.3361909 0.3323798 0.0000000 0.2801448 0.2709620 0.2836834 0.3051785 0.2946984 0.0121854 0.2808675 0.1620784 
RuprSFB    0.2763587 0.4130061 0.2731680 0.3590720 0.2801448 0.0000000 0.2606624 0.3352602 0.2920865 0.3746002 0.2780596 0.2814512 0.2390012 
Retr       0.2761240 0.4562906 0.3394160 0.4010594 0.2709620 0.2606624 0.0000000 0.2875230 0.2816473 0.4206117 0.2726006 0.1216266 0.2431314 
Beta       0.3081231 0.4463068 0.3886652 0.4295874 0.2836834 0.3352602 0.2875230 0.0000000 0.1283737 0.4327759 0.2810536 0.2811169 0.2935762 
Spol       0.3109505 0.4226250 0.3763693 0.3531350 0.3051785 0.2920865 0.2816473 0.1283737 0.0000000 0.4067759 0.3052178 0.2732957 0.2888776 
MJM1652    0.3513174 0.2145816 0.4313531 0.2583663 0.2946984 0.3746002 0.4206117 0.4327759 0.4067759 0.0000000 0.3001809 0.3854912 0.2845206 
NepSFB     0.2064466 0.3596408 0.3427333 0.3395919 0.0121854 0.2780596 0.2726006 0.2810536 0.3052178 0.3001809 0.0000000 0.2752206 0.1682441 
WPYJ       0.2799155 0.4453016 0.3318412 0.4070245 0.2808675 0.2814512 0.1216266 0.2811169 0.2732957 0.3854912 0.2752206 0.0000000 0.2461516 
MJM2940    0.1582193 0.3434509 0.3096759 0.3312535 0.1620784 0.2390012 0.2431314 0.2935762 0.2888776 0.2845206 0.1682441 0.2461516 0.0000000 
