13
DrolusSFB  0.0000000 0.3729812 0.3283943 0.2693368 0.3317542 0.2476908 0.2444537 0.3290646 0.3385539 0.3571952 0.3526508 0.2383626 0.2204813 
Dino       0.3729812 0.0000000 0.3527058 0.2490802 0.3566041 0.2669559 0.3035031 0.4276151 0.4370256 0.1826313 0.3595322 0.2880102 0.3042807 
MJM3360    0.3283943 0.3527058 0.0000000 0.3625727 0.3056506 0.2198282 0.2980753 0.3304221 0.3537522 0.3399148 0.2984167 0.3225618 0.2658599 
DrobinSFB  0.2693368 0.2490802 0.3625727 0.0000000 0.3127851 0.2718286 0.2985871 0.3273873 0.2970429 0.2448310 0.3117301 0.3497525 0.2846710 
Neam       0.3317542 0.3566041 0.3056506 0.3127851 0.0000000 0.2272467 0.2972630 0.3702891 0.4071208 0.3558860 0.0269388 0.2770691 0.2897682 
RuprSFB    0.2476908 0.2669559 0.2198282 0.2718286 0.2272467 0.0000000 0.2487519 0.2694544 0.2749932 0.2938748 0.2462337 0.2697794 0.2157164 
Retr       0.2444537 0.3035031 0.2980753 0.2985871 0.2972630 0.2487519 0.0000000 0.2084485 0.2136345 0.3099423 0.2994845 0.1589140 0.2528610 
Beta       0.3290646 0.4276151 0.3304221 0.3273873 0.3702891 0.2694544 0.2084485 0.0000000 0.1483447 0.4431058 0.3866944 0.2524167 0.2801992 
Spol       0.3385539 0.4370256 0.3537522 0.2970429 0.4071208 0.2749932 0.2136345 0.1483447 0.0000000 0.4361319 0.4158127 0.2750517 0.3223714 
MJM1652    0.3571952 0.1826313 0.3399148 0.2448310 0.3558860 0.2938748 0.3099423 0.4431058 0.4361319 0.0000000 0.3776100 0.3056135 0.3180312 
NepSFB     0.3526508 0.3595322 0.2984167 0.3117301 0.0269388 0.2462337 0.2994845 0.3866944 0.4158127 0.3776100 0.0000000 0.2837919 0.2945855 
WPYJ       0.2383626 0.2880102 0.3225618 0.3497525 0.2770691 0.2697794 0.1589140 0.2524167 0.2750517 0.3056135 0.2837919 0.0000000 0.2261978 
MJM2940    0.2204813 0.3042807 0.2658599 0.2846710 0.2897682 0.2157164 0.2528610 0.2801992 0.3223714 0.3180312 0.2945855 0.2261978 0.0000000 
