13
DrolusSFB  0.0000000 0.3138200 0.4852565 0.3709916 0.3037416 0.4341892 0.4530947 0.5055229 0.4959461 0.3648813 0.3019004 0.6863722 0.2289145 
Dino       0.3138200 0.0000000 0.4724288 0.2087418 0.2608649 0.3776678 0.4260914 0.4611378 0.4545255 0.1579711 0.2610488 0.5458456 0.2712469 
MJM3360    0.4852565 0.4724288 0.0000000 0.4569844 0.4797539 0.4180431 0.5216387 0.5124413 0.5225915 0.4717673 0.4767353 0.8109496 0.4359528 
DrobinSFB  0.3709916 0.2087418 0.4569844 0.0000000 0.3286713 0.4736078 0.5195320 0.4980743 0.5141972 0.2658521 0.3207138 0.7026398 0.3174851 
Neam       0.3037416 0.2608649 0.4797539 0.3286713 0.0000000 0.4212170 0.4734300 0.4831481 0.4864295 0.3230045 0.0167888 0.7263351 0.2485430 
RuprSFB    0.4341892 0.3776678 0.4180431 0.4736078 0.4212170 0.0000000 0.4428562 0.5325920 0.5320796 0.4406217 0.4176859 0.7632483 0.3876322 
Retr       0.4530947 0.4260914 0.5216387 0.5195320 0.4734300 0.4428562 0.0000000 0.5084933 0.4847668 0.5118816 0.4764988 0.1828237 0.3887846 
Beta       0.5055229 0.4611378 0.5124413 0.4980743 0.4831481 0.5325920 0.5084933 0.0000000 0.1708993 0.5423367 0.4797208 0.7833740 0.4592614 
Spol       0.4959461 0.4545255 0.5225915 0.5141972 0.4864295 0.5320796 0.4847668 0.1708993 0.0000000 0.5693589 0.4858859 0.7747361 0.4616367 
MJM1652    0.3648813 0.1579711 0.4717673 0.2658521 0.3230045 0.4406217 0.5118816 0.5423367 0.5693589 0.0000000 0.3273190 0.7230211 0.3166025 
NepSFB     0.3019004 0.2610488 0.4767353 0.3207138 0.0167888 0.4176859 0.4764988 0.4797208 0.4858859 0.3273190 0.0000000 0.7308218 0.2523792 
WPYJ       0.6863722 0.5458456 0.8109496 0.7026398 0.7263351 0.7632483 0.1828237 0.7833740 0.7747361 0.7230211 0.7308218 0.0000000 0.6093481 
MJM2940    0.2289145 0.2712469 0.4359528 0.3174851 0.2485430 0.3876322 0.3887846 0.4592614 0.4616367 0.3166025 0.2523792 0.6093481 0.0000000 
