13
DrolusSFB  0.0000000 0.3322551 0.4396120 0.3282245 0.3146286 0.3690272 0.4135832 0.3820577 0.4158944 0.3418428 0.3199123 0.4116832 0.2383557 
Dino       0.3322551 0.0000000 0.3844994 0.2130509 0.3077144 0.3177737 0.3661816 0.4008050 0.3515539 0.1580986 0.3043245 0.4122141 0.2473519 
MJM3360    0.4396120 0.3844994 0.0000000 0.4763457 0.4092860 0.3450029 0.4262623 0.4002703 0.3768424 0.3636150 0.4143615 0.4541183 0.4160775 
DrobinSFB  0.3282245 0.2130509 0.4763457 0.0000000 0.3031649 0.3552673 0.4120145 0.4055572 0.3823063 0.2272774 0.3154103 0.4264624 0.2603282 
Neam       0.3146286 0.3077144 0.4092860 0.3031649 0.0000000 0.3375799 0.3646108 0.3708516 0.3515111 0.3011637 0.0079100 0.3572684 0.2097692 
RuprSFB    0.3690272 0.3177737 0.3450029 0.3552673 0.3375799 0.0000000 0.3343389 0.3544705 0.3310961 0.3219154 0.3550652 0.3765054 0.3131626 
Retr       0.4135832 0.3661816 0.4262623 0.4120145 0.3646108 0.3343389 0.0000000 0.4072458 0.3721507 0.3265642 0.3723365 0.1889459 0.3521157 
Beta       0.3820577 0.4008050 0.4002703 0.4055572 0.3708516 0.3544705 0.4072458 0.0000000 0.1205580 0.4055952 0.3822790 0.3655895 0.3190604 
Spol       0.4158944 0.3515539 0.3768424 0.3823063 0.3515111 0.3310961 0.3721507 0.1205580 0.0000000 0.3728191 0.3582013 0.3540140 0.3074023 
MJM1652    0.3418428 0.1580986 0.3636150 0.2272774 0.3011637 0.3219154 0.3265642 0.4055952 0.3728191 0.0000000 0.2952088 0.3705610 0.2545399 
NepSFB     0.3199123 0.3043245 0.4143615 0.3154103 0.0079100 0.3550652 0.3723365 0.3822790 0.3582013 0.2952088 0.0000000 0.3577740 0.2248175 
WPYJ       0.4116832 0.4122141 0.4541183 0.4264624 0.3572684 0.3765054 0.1889459 0.3655895 0.3540140 0.3705610 0.3577740 0.0000000 0.3687293 
MJM2940    0.2383557 0.2473519 0.4160775 0.2603282 0.2097692 0.3131626 0.3521157 0.3190604 0.3074023 0.2545399 0.2248175 0.3687293 0.0000000 
