13
DrolusSFB  0.0000000 0.2492870 0.3689366 0.3040675 0.2544750 0.3209573 0.3430315 0.3202066 0.3279884 0.3160891 0.2561107 0.3668578 0.1745059 
Dino       0.2492870 0.0000000 0.3622074 0.1504633 0.2496550 0.3166479 0.3086655 0.3314689 0.3386377 0.1753442 0.2563065 0.3245232 0.2206953 
MJM3360    0.3689366 0.3622074 0.0000000 0.3780215 0.3556491 0.3205989 0.3898910 0.4062147 0.4065119 0.4100009 0.3655842 0.3584103 0.3278555 
DrobinSFB  0.3040675 0.1504633 0.3780215 0.0000000 0.2996302 0.3613335 0.3546126 0.3768643 0.3719934 0.2217372 0.3095939 0.3748177 0.2592601 
Neam       0.2544750 0.2496550 0.3556491 0.2996302 0.0000000 0.3005659 0.3175768 0.3244751 0.3356608 0.3184884 0.0185030 0.3050967 0.2167544 
RuprSFB    0.3209573 0.3166479 0.3205989 0.3613335 0.3005659 0.0000000 0.3456879 0.3439566 0.3494525 0.3695130 0.3052702 0.3260423 0.2771099 
Retr       0.3430315 0.3086655 0.3898910 0.3546126 0.3175768 0.3456879 0.0000000 0.3451010 0.3374143 0.3756250 0.3220769 0.1854082 0.2781294 
Beta       0.3202066 0.3314689 0.4062147 0.3768643 0.3244751 0.3439566 0.3451010 0.0000000 0.1228945 0.3829362 0.3293914 0.3403519 0.2901372 
Spol       0.3279884 0.3386377 0.4065119 0.3719934 0.3356608 0.3494525 0.3374143 0.1228945 0.0000000 0.3877395 0.3372694 0.3432026 0.2890066 
MJM1652    0.3160891 0.1753442 0.4100009 0.2217372 0.3184884 0.3695130 0.3756250 0.3829362 0.3877395 0.0000000 0.3215602 0.3453444 0.2929510 
NepSFB     0.2561107 0.2563065 0.3655842 0.3095939 0.0185030 0.3052702 0.3220769 0.3293914 0.3372694 0.3215602 0.0000000 0.3004417 0.2219761 
WPYJ       0.3668578 0.3245232 0.3584103 0.3748177 0.3050967 0.3260423 0.1854082 0.3403519 0.3432026 0.3453444 0.3004417 0.0000000 0.2885214 
MJM2940    0.1745059 0.2206953 0.3278555 0.2592601 0.2167544 0.2771099 0.2781294 0.2901372 0.2890066 0.2929510 0.2219761 0.2885214 0.0000000 
