13
DrolusSFB  0.0000000 0.2780029 0.3802873 0.3542527 0.2653780 0.3684456 0.3176898 0.3414074 0.3542383 0.3081296 0.2672817 0.3673580 0.1842828 
Dino       0.2780029 0.0000000 0.4227340 0.1950651 0.2368736 0.3506220 0.3080166 0.3485901 0.3713444 0.1304028 0.2401430 0.3394216 0.2554515 
MJM3360    0.3802873 0.4227340 0.0000000 0.4628098 0.3775428 0.2827818 0.4100552 0.3778565 0.3744458 0.4118584 0.3805071 0.4535405 0.3600294 
DrobinSFB  0.3542527 0.1950651 0.4628098 0.0000000 0.2807318 0.4327772 0.3429681 0.4223169 0.4339552 0.2520366 0.2829518 0.3789448 0.3155675 
Neam       0.2653780 0.2368736 0.3775428 0.2807318 0.0000000 0.3133467 0.2799751 0.2820072 0.2836828 0.2719672 0.0047810 0.3068559 0.2113636 
RuprSFB    0.3684456 0.3506220 0.2827818 0.4327772 0.3133467 0.0000000 0.3408659 0.3309125 0.3289762 0.3983889 0.3103717 0.3453684 0.3287870 
Retr       0.3176898 0.3080166 0.4100552 0.3429681 0.2799751 0.3408659 0.0000000 0.2996895 0.3051381 0.3267716 0.2832262 0.1688997 0.2822998 
Beta       0.3414074 0.3485901 0.3778565 0.4223169 0.2820072 0.3309125 0.2996895 0.0000000 0.1111950 0.3857173 0.2813439 0.3339806 0.3161343 
Spol       0.3542383 0.3713444 0.3744458 0.4339552 0.2836828 0.3289762 0.3051381 0.1111950 0.0000000 0.3855533 0.2859492 0.3227897 0.3048850 
MJM1652    0.3081296 0.1304028 0.4118584 0.2520366 0.2719672 0.3983889 0.3267716 0.3857173 0.3855533 0.0000000 0.2753651 0.3495225 0.2555745 
NepSFB     0.2672817 0.2401430 0.3805071 0.2829518 0.0047810 0.3103717 0.2832262 0.2813439 0.2859492 0.2753651 0.0000000 0.3062118 0.2179053 
WPYJ       0.3673580 0.3394216 0.4535405 0.3789448 0.3068559 0.3453684 0.1688997 0.3339806 0.3227897 0.3495225 0.3062118 0.0000000 0.2977394 
MJM2940    0.1842828 0.2554515 0.3600294 0.3155675 0.2113636 0.3287870 0.2822998 0.3161343 0.3048850 0.2555745 0.2179053 0.2977394 0.0000000 
