13
DrolusSFB  0.0000000 0.2711654 0.4192349 0.3234004 0.2481048 0.3445722 0.3400513 0.4141183 0.4222594 0.3148010 0.2467352 0.3253576 0.1677439 
Dino       0.2711654 0.0000000 0.4037793 0.1732251 0.2308376 0.3606190 0.3574755 0.3544335 0.3860107 0.1246418 0.2367240 0.3269300 0.2285266 
MJM3360    0.4192349 0.4037793 0.0000000 0.4833580 0.3412604 0.2705518 0.4230788 0.4358647 0.4372441 0.4037894 0.3434197 0.3535376 0.3859224 
DrobinSFB  0.3234004 0.1732251 0.4833580 0.0000000 0.2674595 0.3841794 0.3973988 0.3882900 0.4037660 0.1944961 0.2668267 0.3762347 0.2567321 
Neam       0.2481048 0.2308376 0.3412604 0.2674595 0.0000000 0.2768021 0.2643768 0.2992772 0.3049846 0.2439537 0.0106602 0.2552949 0.1630200 
RuprSFB    0.3445722 0.3606190 0.2705518 0.3841794 0.2768021 0.0000000 0.3543138 0.3902406 0.3725563 0.3704748 0.2869087 0.3379661 0.3099778 
Retr       0.3400513 0.3574755 0.4230788 0.3973988 0.2643768 0.3543138 0.0000000 0.3426073 0.3997555 0.3860989 0.2717132 0.1609373 0.2996342 
Beta       0.4141183 0.3544335 0.4358647 0.3882900 0.2992772 0.3902406 0.3426073 0.0000000 0.1310700 0.3709113 0.2972007 0.3382039 0.3548921 
Spol       0.4222594 0.3860107 0.4372441 0.4037660 0.3049846 0.3725563 0.3997555 0.1310700 0.0000000 0.4011458 0.3056851 0.3557241 0.3532456 
MJM1652    0.3148010 0.1246418 0.4037894 0.1944961 0.2439537 0.3704748 0.3860989 0.3709113 0.4011458 0.0000000 0.2449685 0.3228691 0.2706442 
NepSFB     0.2467352 0.2367240 0.3434197 0.2668267 0.0106602 0.2869087 0.2717132 0.2972007 0.3056851 0.2449685 0.0000000 0.2571694 0.1633799 
WPYJ       0.3253576 0.3269300 0.3535376 0.3762347 0.2552949 0.3379661 0.1609373 0.3382039 0.3557241 0.3228691 0.2571694 0.0000000 0.2917947 
MJM2940    0.1677439 0.2285266 0.3859224 0.2567321 0.1630200 0.3099778 0.2996342 0.3548921 0.3532456 0.2706442 0.1633799 0.2917947 0.0000000 
