13
DrolusSFB  0.0000000 0.2637632 0.2542674 0.2539768 0.1894345 0.2387496 0.1806665 0.2901833 0.4004816 0.3411796 0.2009478 0.2463240 0.1165006 
Dino       0.2637632 0.0000000 0.3399181 0.1443438 0.2329529 0.2293126 0.3348155 0.3272033 0.3253712 0.1299884 0.2215696 0.3015442 0.2127105 
MJM3360    0.2542674 0.3399181 0.0000000 0.2746848 0.3001620 0.2345203 0.2544380 0.2772737 0.2758308 0.4340144 0.2983451 0.2515627 0.2410274 
DrobinSFB  0.2539768 0.1443438 0.2746848 0.0000000 0.2484469 0.2554119 0.3039593 0.2615704 0.2710430 0.2197868 0.2374671 0.2825474 0.1985591 
Neam       0.1894345 0.2329529 0.3001620 0.2484469 0.0000000 0.1797937 0.2349339 0.2385699 0.2877998 0.2741063 0.0058324 0.1915055 0.1273636 
RuprSFB    0.2387496 0.2293126 0.2345203 0.2554119 0.1797937 0.0000000 0.2141353 0.2442106 0.2537734 0.3081783 0.1691740 0.1846764 0.1565668 
Retr       0.1806665 0.3348155 0.2544380 0.3039593 0.2349339 0.2141353 0.0000000 0.2721238 0.3066817 0.3968418 0.2336783 0.1703411 0.2025699 
Beta       0.2901833 0.3272033 0.2772737 0.2615704 0.2385699 0.2442106 0.2721238 0.0000000 0.1348915 0.3602495 0.2373092 0.2552288 0.2275223 
Spol       0.4004816 0.3253712 0.2758308 0.2710430 0.2877998 0.2537734 0.3066817 0.1348915 0.0000000 0.3723550 0.2763151 0.2417779 0.2738195 
MJM1652    0.3411796 0.1299884 0.4340144 0.2197868 0.2741063 0.3081783 0.3968418 0.3602495 0.3723550 0.0000000 0.2610766 0.3548566 0.3095574 
NepSFB     0.2009478 0.2215696 0.2983451 0.2374671 0.0058324 0.1691740 0.2336783 0.2373092 0.2763151 0.2610766 0.0000000 0.1815079 0.1363455 
WPYJ       0.2463240 0.3015442 0.2515627 0.2825474 0.1915055 0.1846764 0.1703411 0.2552288 0.2417779 0.3548566 0.1815079 0.0000000 0.1771900 
MJM2940    0.1165006 0.2127105 0.2410274 0.1985591 0.1273636 0.1565668 0.2025699 0.2275223 0.2738195 0.3095574 0.1363455 0.1771900 0.0000000 
