13
DrolusSFB  0.0000000 0.2352927 0.3623558 0.3065314 0.2237135 0.3200531 0.2840983 0.3624377 0.3769272 0.2913429 0.2284599 0.3371171 0.1749493 
Dino       0.2352927 0.0000000 0.3302163 0.1611357 0.1914721 0.2868295 0.2901247 0.3472813 0.3252993 0.1171573 0.1919670 0.3143797 0.2198142 
MJM3360    0.3623558 0.3302163 0.0000000 0.3977380 0.3131262 0.2440658 0.3101413 0.3815195 0.3981520 0.3698615 0.3158254 0.3277337 0.3364831 
DrobinSFB  0.3065314 0.1611357 0.3977380 0.0000000 0.2606267 0.3559493 0.3302494 0.4059487 0.4282876 0.1949915 0.2606143 0.3895696 0.2798475 
Neam       0.2237135 0.1914721 0.3131262 0.2606267 0.0000000 0.2921586 0.2782948 0.3508497 0.3564727 0.2409258 0.0100041 0.3021397 0.1882158 
RuprSFB    0.3200531 0.2868295 0.2440658 0.3559493 0.2921586 0.0000000 0.2802562 0.3775595 0.3670488 0.3489652 0.2872982 0.3021484 0.3040031 
Retr       0.2840983 0.2901247 0.3101413 0.3302494 0.2782948 0.2802562 0.0000000 0.3245398 0.3316273 0.2950482 0.2763178 0.1521231 0.2657815 
Beta       0.3624377 0.3472813 0.3815195 0.4059487 0.3508497 0.3775595 0.3245398 0.0000000 0.1250019 0.4151766 0.3514165 0.3363805 0.3540073 
Spol       0.3769272 0.3252993 0.3981520 0.4282876 0.3564727 0.3670488 0.3316273 0.1250019 0.0000000 0.4226868 0.3623326 0.3534998 0.3713103 
MJM1652    0.2913429 0.1171573 0.3698615 0.1949915 0.2409258 0.3489652 0.2950482 0.4151766 0.4226868 0.0000000 0.2396258 0.3467790 0.2547773 
NepSFB     0.2284599 0.1919670 0.3158254 0.2606143 0.0100041 0.2872982 0.2763178 0.3514165 0.3623326 0.2396258 0.0000000 0.3030123 0.1895501 
WPYJ       0.3371171 0.3143797 0.3277337 0.3895696 0.3021397 0.3021484 0.1521231 0.3363805 0.3534998 0.3467790 0.3030123 0.0000000 0.3230881 
MJM2940    0.1749493 0.2198142 0.3364831 0.2798475 0.1882158 0.3040031 0.2657815 0.3540073 0.3713103 0.2547773 0.1895501 0.3230881 0.0000000 
