13
DrolusSFB  0.0000000 0.3496248 0.4646762 0.4337891 0.3002791 0.4321037 0.3853266 0.4138407 0.4373194 0.4029148 0.3021320 0.4283560 0.1895330 
Dino       0.3496248 0.0000000 0.4917698 0.2960985 0.2955356 0.4292357 0.4279012 0.4534760 0.4480444 0.1967036 0.3007563 0.4702126 0.2856921 
MJM3360    0.4646762 0.4917698 0.0000000 0.5562855 0.4691789 0.3596214 0.4727513 0.5150158 0.5189079 0.5203731 0.4679060 0.5254235 0.4480959 
DrobinSFB  0.4337891 0.2960985 0.5562855 0.0000000 0.4080559 0.5104891 0.4866259 0.5270348 0.5187181 0.3356676 0.4159485 0.5151165 0.3866380 
Neam       0.3002791 0.2955356 0.4691789 0.4080559 0.0000000 0.3791008 0.3681339 0.4002932 0.4091259 0.3671232 0.0163909 0.4132568 0.2324281 
RuprSFB    0.4321037 0.4292357 0.3596214 0.5104891 0.3791008 0.0000000 0.4283441 0.4417419 0.4313305 0.4649657 0.3846604 0.4769884 0.3685928 
Retr       0.3853266 0.4279012 0.4727513 0.4866259 0.3681339 0.4283441 0.0000000 0.4094844 0.4060340 0.4676245 0.3716703 0.2429004 0.3376701 
Beta       0.4138407 0.4534760 0.5150158 0.5270348 0.4002932 0.4417419 0.4094844 0.0000000 0.1542526 0.4935385 0.4034486 0.4386978 0.3644513 
Spol       0.4373194 0.4480444 0.5189079 0.5187181 0.4091259 0.4313305 0.4060340 0.1542526 0.0000000 0.4839604 0.4033278 0.4490148 0.3910288 
MJM1652    0.4029148 0.1967036 0.5203731 0.3356676 0.3671232 0.4649657 0.4676245 0.4935385 0.4839604 0.0000000 0.3733351 0.4939278 0.3694940 
NepSFB     0.3021320 0.3007563 0.4679060 0.4159485 0.0163909 0.3846604 0.3716703 0.4034486 0.4033278 0.3733351 0.0000000 0.4295903 0.2379812 
WPYJ       0.4283560 0.4702126 0.5254235 0.5151165 0.4132568 0.4769884 0.2429004 0.4386978 0.4490148 0.4939278 0.4295903 0.0000000 0.4190886 
MJM2940    0.1895330 0.2856921 0.4480959 0.3866380 0.2324281 0.3685928 0.3376701 0.3644513 0.3910288 0.3694940 0.2379812 0.4190886 0.0000000 
