13
DrolusSFB  0.0000000 0.3473351 0.4294942 0.3660068 0.2695350 0.3668116 0.3164210 0.3838347 0.3931651 0.3786265 0.2885983 0.3405823 0.2165970 
Dino       0.3473351 0.0000000 0.4197586 0.1929884 0.2794638 0.4093078 0.3495211 0.4297699 0.4489911 0.1843453 0.3476022 0.3599283 0.3115165 
MJM3360    0.4294942 0.4197586 0.0000000 0.4009824 0.3480603 0.2906404 0.3623134 0.3713874 0.3955803 0.4273380 0.3893115 0.4201152 0.3489806 
DrobinSFB  0.3660068 0.1929884 0.4009824 0.0000000 0.2999149 0.4191669 0.3700541 0.4858129 0.4963746 0.2499369 0.3779122 0.3709283 0.3567338 
Neam       0.2695350 0.2794638 0.3480603 0.2999149 0.0000000 0.3144149 0.2901404 0.3201743 0.3457401 0.3102393 0.0090751 0.3121649 0.2038059 
RuprSFB    0.3668116 0.4093078 0.2906404 0.4191669 0.3144149 0.0000000 0.2849676 0.3804067 0.3985503 0.4506241 0.3702545 0.3068832 0.3330026 
Retr       0.3164210 0.3495211 0.3623134 0.3700541 0.2901404 0.2849676 0.0000000 0.3340963 0.3526598 0.3990410 0.2981288 0.1778717 0.2979482 
Beta       0.3838347 0.4297699 0.3713874 0.4858129 0.3201743 0.3804067 0.3340963 0.0000000 0.1369624 0.4978459 0.4069635 0.3085522 0.3841113 
Spol       0.3931651 0.4489911 0.3955803 0.4963746 0.3457401 0.3985503 0.3526598 0.1369624 0.0000000 0.5151825 0.4344358 0.3203703 0.4130903 
MJM1652    0.3786265 0.1843453 0.4273380 0.2499369 0.3102393 0.4506241 0.3990410 0.4978459 0.5151825 0.0000000 0.3943253 0.4598350 0.3631892 
NepSFB     0.2885983 0.3476022 0.3893115 0.3779122 0.0090751 0.3702545 0.2981288 0.4069635 0.4344358 0.3943253 0.0000000 0.3108996 0.2571100 
WPYJ       0.3405823 0.3599283 0.4201152 0.3709283 0.3121649 0.3068832 0.1778717 0.3085522 0.3203703 0.4598350 0.3108996 0.0000000 0.3083372 
MJM2940    0.2165970 0.3115165 0.3489806 0.3567338 0.2038059 0.3330026 0.2979482 0.3841113 0.4130903 0.3631892 0.2571100 0.3083372 0.0000000 
