13
DrolusSFB  0.0000000 0.3493585 0.3855222 0.3591157 0.3086834 0.3510657 0.3190910 0.3845189 0.4511165 0.3997205 0.3326014 0.3847855 0.2116505 
Dino       0.3493585 0.0000000 0.4263815 0.2054574 0.2567250 0.3536044 0.3316280 0.4280943 0.4642803 0.1990128 0.3036680 0.3476250 0.2963767 
MJM3360    0.3855222 0.4263815 0.0000000 0.4750646 0.4458104 0.3459041 0.3622348 0.4784224 0.4968489 0.4886175 0.4375590 0.4815305 0.3511318 
DrobinSFB  0.3591157 0.2054574 0.4750646 0.0000000 0.3363683 0.3957164 0.3514323 0.4045729 0.4492159 0.2261416 0.3752930 0.4218108 0.3157963 
Neam       0.3086834 0.2567250 0.4458104 0.3363683 0.0000000 0.3028642 0.2723680 0.3954393 0.4342450 0.2996565 0.0113342 0.3168329 0.2486584 
RuprSFB    0.3510657 0.3536044 0.3459041 0.3957164 0.3028642 0.0000000 0.3167433 0.3773712 0.4309610 0.4044371 0.3624610 0.4217908 0.3077204 
Retr       0.3190910 0.3316280 0.3622348 0.3514323 0.2723680 0.3167433 0.0000000 0.3516343 0.3869675 0.3572842 0.3001718 0.2018484 0.2756736 
Beta       0.3845189 0.4280943 0.4784224 0.4045729 0.3954393 0.3773712 0.3516343 0.0000000 0.2146747 0.4747916 0.4194543 0.4377161 0.3566633 
Spol       0.4511165 0.4642803 0.4968489 0.4492159 0.4342450 0.4309610 0.3869675 0.2146747 0.0000000 0.5379407 0.4730051 0.4961412 0.3989136 
MJM1652    0.3997205 0.1990128 0.4886175 0.2261416 0.2996565 0.4044371 0.3572842 0.4747916 0.5379407 0.0000000 0.3862472 0.4452206 0.3474229 
NepSFB     0.3326014 0.3036680 0.4375590 0.3752930 0.0113342 0.3624610 0.3001718 0.4194543 0.4730051 0.3862472 0.0000000 0.4216077 0.2545975 
WPYJ       0.3847855 0.3476250 0.4815305 0.4218108 0.3168329 0.4217908 0.2018484 0.4377161 0.4961412 0.4452206 0.4216077 0.0000000 0.3548586 
MJM2940    0.2116505 0.2963767 0.3511318 0.3157963 0.2486584 0.3077204 0.2756736 0.3566633 0.3989136 0.3474229 0.2545975 0.3548586 0.0000000 
