13
DrolusSFB  0.0000000 0.2080804 0.3649281 0.2861574 0.1914017 0.2672778 0.2964121 0.2999598 0.3019609 0.2518656 0.1992726 0.2993347 0.1469270 
Dino       0.2080804 0.0000000 0.3041945 0.1865844 0.1871296 0.2566694 0.2826429 0.2908302 0.2079148 0.1785401 0.1946096 0.2796019 0.1949892 
MJM3360    0.3649281 0.3041945 0.0000000 0.4066807 0.3143000 0.2639703 0.3624269 0.4159424 0.3834406 0.3887446 0.3253373 0.3699187 0.3461554 
DrobinSFB  0.2861574 0.1865844 0.4066807 0.0000000 0.2478189 0.3100232 0.3729670 0.3517067 0.3144952 0.2204987 0.2527299 0.3221499 0.2511577 
Neam       0.1914017 0.1871296 0.3143000 0.2478189 0.0000000 0.2420030 0.2613459 0.2742265 0.2372622 0.2137439 0.0087804 0.2822473 0.1522983 
RuprSFB    0.2672778 0.2566694 0.2639703 0.3100232 0.2420030 0.0000000 0.3430687 0.3421457 0.3067740 0.2797444 0.2460150 0.3600127 0.2483307 
Retr       0.2964121 0.2826429 0.3624269 0.3729670 0.2613459 0.3430687 0.0000000 0.3546958 9.0000000 0.3384267 0.2692044 0.1800280 0.2997005 
Beta       0.2999598 0.2908302 0.4159424 0.3517067 0.2742265 0.3421457 0.3546958 0.0000000 0.0910150 0.3189027 0.2793899 0.3303410 0.2808010 
Spol       0.3019609 0.2079148 0.3834406 0.3144952 0.2372622 0.3067740 9.0000000 0.0910150 0.0000000 0.2962776 0.2414189 9.0000000 0.2574399 
MJM1652    0.2518656 0.1785401 0.3887446 0.2204987 0.2137439 0.2797444 0.3384267 0.3189027 0.2962776 0.0000000 0.2204421 0.3384466 0.2310585 
NepSFB     0.1992726 0.1946096 0.3253373 0.2527299 0.0087804 0.2460150 0.2692044 0.2793899 0.2414189 0.2204421 0.0000000 0.2953222 0.1553463 
WPYJ       0.2993347 0.2796019 0.3699187 0.3221499 0.2822473 0.3600127 0.1800280 0.3303410 9.0000000 0.3384466 0.2953222 0.0000000 0.2811431 
MJM2940    0.1469270 0.1949892 0.3461554 0.2511577 0.1522983 0.2483307 0.2997005 0.2808010 0.2574399 0.2310585 0.1553463 0.2811431 0.0000000 
