13
DrolusSFB  0.0000000 0.2031289 0.4200580 0.5059131 0.3280602 0.3058322 0.4174674 0.3986360 0.4122492 0.4536114 0.3039906 0.4319592 0.2443752 
Dino       0.2031289 0.0000000 0.2673835 0.1665866 0.1324240 0.2461975 0.2974405 0.2832429 0.3386578 0.1199653 0.1580187 0.3046205 0.1898299 
MJM3360    0.4200580 0.2673835 0.0000000 0.4268127 0.2829454 0.2206264 0.3840745 0.3908584 0.4460074 0.3948896 0.2792782 0.4374195 0.3064638 
DrobinSFB  0.5059131 0.1665866 0.4268127 0.0000000 0.3627185 0.3833165 0.4385375 0.4081303 0.4537749 0.2679911 0.3528666 0.4993734 0.3953299 
Neam       0.3280602 0.1324240 0.2829454 0.3627185 0.0000000 0.2318455 0.2917329 0.2883290 0.3204233 0.3292165 0.0066920 0.3822157 0.2432878 
RuprSFB    0.3058322 0.2461975 0.2206264 0.3833165 0.2318455 0.0000000 0.3034266 0.3344523 0.3946071 0.3047884 0.2322021 0.3683345 0.2638550 
Retr       0.4174674 0.2974405 0.3840745 0.4385375 0.2917329 0.3034266 0.0000000 0.3801336 0.3961131 0.3838732 0.2868726 0.1741053 0.3141907 
Beta       0.3986360 0.2832429 0.3908584 0.4081303 0.2883290 0.3344523 0.3801336 0.0000000 0.1707248 0.3848613 0.2867257 0.4610335 0.3430509 
Spol       0.4122492 0.3386578 0.4460074 0.4537749 0.3204233 0.3946071 0.3961131 0.1707248 0.0000000 0.4301519 0.3174113 0.4481960 0.3780533 
MJM1652    0.4536114 0.1199653 0.3948896 0.2679911 0.3292165 0.3047884 0.3838732 0.3848613 0.4301519 0.0000000 0.3039987 0.4290133 0.3521030 
NepSFB     0.3039906 0.1580187 0.2792782 0.3528666 0.0066920 0.2322021 0.2868726 0.2867257 0.3174113 0.3039987 0.0000000 0.3837444 0.2177798 
WPYJ       0.4319592 0.3046205 0.4374195 0.4993734 0.3822157 0.3683345 0.1741053 0.4610335 0.4481960 0.4290133 0.3837444 0.0000000 0.4037997 
MJM2940    0.2443752 0.1898299 0.3064638 0.3953299 0.2432878 0.2638550 0.3141907 0.3430509 0.3780533 0.3521030 0.2177798 0.4037997 0.0000000 
