13
DrolusSFB  0.0000000 0.3627938 0.4140871 0.3502977 0.2914332 0.3875690 0.4373970 0.3960559 0.4728123 0.3386920 0.2839771 0.4049930 0.2096961 
Dino       0.3627938 0.0000000 0.3765855 0.1789353 0.2429219 0.3435940 0.4079078 0.3984361 0.3897805 0.1518355 0.2334747 0.3707905 0.2454349 
MJM3360    0.4140871 0.3765855 0.0000000 0.4152756 0.3558341 0.2584490 0.4686354 0.3712835 0.3811008 0.4028176 0.3607705 0.4296853 0.3612912 
DrobinSFB  0.3502977 0.1789353 0.4152756 0.0000000 0.2806553 0.3329804 0.3442687 0.3662421 0.3794625 0.1713768 0.2723735 0.3449699 0.2320521 
Neam       0.2914332 0.2429219 0.3558341 0.2806553 0.0000000 0.3036904 0.3091567 0.3416175 0.3446572 0.2405008 0.0105215 0.3050303 0.1625729 
RuprSFB    0.3875690 0.3435940 0.2584490 0.3329804 0.3036904 0.0000000 0.3407907 0.3285771 0.3639971 0.3000425 0.2967812 0.3813818 0.2829862 
Retr       0.4373970 0.4079078 0.4686354 0.3442687 0.3091567 0.3407907 0.0000000 0.3803857 0.4077771 0.3667883 0.3087189 0.1596171 0.2860145 
Beta       0.3960559 0.3984361 0.3712835 0.3662421 0.3416175 0.3285771 0.3803857 0.0000000 0.1619545 0.3788822 0.3313286 0.3697359 0.3254803 
Spol       0.4728123 0.3897805 0.3811008 0.3794625 0.3446572 0.3639971 0.4077771 0.1619545 0.0000000 0.3885261 0.3508009 0.3529712 0.3623085 
MJM1652    0.3386920 0.1518355 0.4028176 0.1713768 0.2405008 0.3000425 0.3667883 0.3788822 0.3885261 0.0000000 0.2313715 0.3387158 0.2241811 
NepSFB     0.2839771 0.2334747 0.3607705 0.2723735 0.0105215 0.2967812 0.3087189 0.3313286 0.3508009 0.2313715 0.0000000 0.2935461 0.1582025 
WPYJ       0.4049930 0.3707905 0.4296853 0.3449699 0.3050303 0.3813818 0.1596171 0.3697359 0.3529712 0.3387158 0.2935461 0.0000000 0.2968589 
MJM2940    0.2096961 0.2454349 0.3612912 0.2320521 0.1625729 0.2829862 0.2860145 0.3254803 0.3623085 0.2241811 0.1582025 0.2968589 0.0000000 
