13
DrolusSFB  0.0000000 0.3319532 0.3548877 0.3359535 0.2839937 0.3603709 0.3213230 0.4116856 0.3953666 0.3078544 0.2929247 0.3581002 0.2107102 
Dino       0.3319532 0.0000000 0.3827501 0.1520499 0.2560906 0.3556877 0.3501480 0.3688385 0.3887453 0.1736245 0.2489136 0.4092059 0.2511746 
MJM3360    0.3548877 0.3827501 0.0000000 0.3801200 0.3208377 0.2854243 0.3759604 0.3402608 0.3763279 0.4086220 0.3226400 0.3420431 0.3160611 
DrobinSFB  0.3359535 0.1520499 0.3801200 0.0000000 0.2771438 0.3925025 0.3257618 0.4104747 0.4318354 0.2008963 0.2863674 0.3871330 0.2869864 
Neam       0.2839937 0.2560906 0.3208377 0.2771438 0.0000000 0.3015646 0.2669554 0.3397992 0.3708879 0.2652326 0.0114724 0.3271683 0.1941558 
RuprSFB    0.3603709 0.3556877 0.2854243 0.3925025 0.3015646 0.0000000 0.2721616 0.3474685 0.3573298 0.3284048 0.3069609 0.3193502 0.2826512 
Retr       0.3213230 0.3501480 0.3759604 0.3257618 0.2669554 0.2721616 0.0000000 0.3042849 0.3230064 0.3838250 0.2777685 0.1607010 0.2746463 
Beta       0.4116856 0.3688385 0.3402608 0.4104747 0.3397992 0.3474685 0.3042849 0.0000000 0.1482396 0.3650903 0.3484989 0.3608997 0.3178505 
Spol       0.3953666 0.3887453 0.3763279 0.4318354 0.3708879 0.3573298 0.3230064 0.1482396 0.0000000 0.4012004 0.3775935 0.3392380 0.3253126 
MJM1652    0.3078544 0.1736245 0.4086220 0.2008963 0.2652326 0.3284048 0.3838250 0.3650903 0.4012004 0.0000000 0.2753674 0.3655194 0.2588199 
NepSFB     0.2929247 0.2489136 0.3226400 0.2863674 0.0114724 0.3069609 0.2777685 0.3484989 0.3775935 0.2753674 0.0000000 0.3325944 0.1975258 
WPYJ       0.3581002 0.4092059 0.3420431 0.3871330 0.3271683 0.3193502 0.1607010 0.3608997 0.3392380 0.3655194 0.3325944 0.0000000 0.2813032 
MJM2940    0.2107102 0.2511746 0.3160611 0.2869864 0.1941558 0.2826512 0.2746463 0.3178505 0.3253126 0.2588199 0.1975258 0.2813032 0.0000000 
