13
DrolusSFB  0.0000000 0.4027498 0.4100801 0.4036481 0.3723010 0.3858528 0.4027894 0.4265163 0.4449112 0.3225764 0.3722602 0.4256977 0.2470402 
Dino       0.4027498 0.0000000 0.3618835 0.1912047 0.3208309 0.3723961 0.3622217 0.4121284 0.4433764 0.1833861 0.3219530 0.3968083 0.2913410 
MJM3360    0.4100801 0.3618835 0.0000000 0.3811419 0.3601833 0.2878002 0.3990456 0.4146351 0.4166633 0.4079099 0.3711184 0.4154162 0.3457350 
DrobinSFB  0.4036481 0.1912047 0.3811419 0.0000000 0.3253358 0.3702303 0.3459393 0.4207534 0.4087448 0.2209682 0.3357250 0.3705126 0.2720746 
Neam       0.3723010 0.3208309 0.3601833 0.3253358 0.0000000 0.3363405 0.3367867 0.3960465 0.4210369 0.2903481 0.0120328 0.3705458 0.2370763 
RuprSFB    0.3858528 0.3723961 0.2878002 0.3702303 0.3363405 0.0000000 0.3871712 0.3841535 0.4159228 0.3959325 0.3412800 0.3671121 0.3238585 
Retr       0.4027894 0.3622217 0.3990456 0.3459393 0.3367867 0.3871712 0.0000000 0.4058231 0.4322314 0.3862553 0.3406453 0.2088252 0.3324960 
Beta       0.4265163 0.4121284 0.4146351 0.4207534 0.3960465 0.3841535 0.4058231 0.0000000 0.1401999 0.4040387 0.4040097 0.4585151 0.3630046 
Spol       0.4449112 0.4433764 0.4166633 0.4087448 0.4210369 0.4159228 0.4322314 0.1401999 0.0000000 0.4019695 0.4252675 0.4636391 0.3654821 
MJM1652    0.3225764 0.1833861 0.4079099 0.2209682 0.2903481 0.3959325 0.3862553 0.4040387 0.4019695 0.0000000 0.2845857 0.4317454 0.2804801 
NepSFB     0.3722602 0.3219530 0.3711184 0.3357250 0.0120328 0.3412800 0.3406453 0.4040097 0.4252675 0.2845857 0.0000000 0.3746697 0.2475281 
WPYJ       0.4256977 0.3968083 0.4154162 0.3705126 0.3705458 0.3671121 0.2088252 0.4585151 0.4636391 0.4317454 0.3746697 0.0000000 0.3880420 
MJM2940    0.2470402 0.2913410 0.3457350 0.2720746 0.2370763 0.3238585 0.3324960 0.3630046 0.3654821 0.2804801 0.2475281 0.3880420 0.0000000 
