13
DrolusSFB  0.0000000 0.2554568 0.2757490 0.2767041 0.1770784 0.3257437 0.2661920 0.3110632 0.3312766 0.2569868 0.1806349 0.2564028 0.1795127 
Dino       0.2554568 0.0000000 0.2799918 0.1364576 0.1846681 0.3036673 0.2676483 0.3376549 0.3620455 0.1050999 0.1968553 0.2237818 0.2040645 
MJM3360    0.2757490 0.2799918 0.0000000 0.2856685 0.2590483 0.2257628 0.2519753 0.3423965 0.3454600 0.2779644 0.2703692 0.2343433 0.2451926 
DrobinSFB  0.2767041 0.1364576 0.2856685 0.0000000 0.2306261 0.3508745 0.3128615 0.3616233 0.3842387 0.1631365 0.2293630 0.2451194 0.2347645 
Neam       0.1770784 0.1846681 0.2590483 0.2306261 0.0000000 0.2869819 0.2661315 0.2948535 0.3263746 0.2088776 0.0115641 0.2564755 0.1418690 
RuprSFB    0.3257437 0.3036673 0.2257628 0.3508745 0.2869819 0.0000000 0.2472720 0.2963624 0.3569665 0.2862683 0.2990606 0.2569894 0.2442396 
Retr       0.2661920 0.2676483 0.2519753 0.3128615 0.2661315 0.2472720 0.0000000 0.2755114 0.2866819 0.2536358 0.2665161 0.1366288 0.2536371 
Beta       0.3110632 0.3376549 0.3423965 0.3616233 0.2948535 0.2963624 0.2755114 0.0000000 0.1161967 0.3278655 0.3161713 0.2478923 0.2777757 
Spol       0.3312766 0.3620455 0.3454600 0.3842387 0.3263746 0.3569665 0.2866819 0.1161967 0.0000000 0.3453544 0.3322033 0.3181656 0.3199370 
MJM1652    0.2569868 0.1050999 0.2779644 0.1631365 0.2088776 0.2862683 0.2536358 0.3278655 0.3453544 0.0000000 0.2140146 0.2311211 0.2443724 
NepSFB     0.1806349 0.1968553 0.2703692 0.2293630 0.0115641 0.2990606 0.2665161 0.3161713 0.3322033 0.2140146 0.0000000 0.2669645 0.1464134 
WPYJ       0.2564028 0.2237818 0.2343433 0.2451194 0.2564755 0.2569894 0.1366288 0.2478923 0.3181656 0.2311211 0.2669645 0.0000000 0.2516939 
MJM2940    0.1795127 0.2040645 0.2451926 0.2347645 0.1418690 0.2442396 0.2536371 0.2777757 0.3199370 0.2443724 0.1464134 0.2516939 0.0000000 
