13
DrolusSFB  0.0000000 0.2265702 0.3069211 0.2897745 0.1770164 0.2304358 0.2901632 0.2826094 0.2994214 0.2576556 0.1780672 0.3421384 0.1411955 
Dino       0.2265702 0.0000000 0.3208722 0.2033573 0.2021095 0.2722795 0.3069542 0.3073992 0.3225861 0.0978481 0.1987039 0.3893750 0.1996215 
MJM3360    0.3069211 0.3208722 0.0000000 0.3912082 0.2885403 0.2239708 0.3060470 0.3445751 0.3499399 0.3473689 0.2792000 0.3617147 0.2929411 
DrobinSFB  0.2897745 0.2033573 0.3912082 0.0000000 0.2780068 0.3117083 0.3172879 0.3701527 0.3860331 0.2274650 0.2762567 0.4154336 0.2605298 
Neam       0.1770164 0.2021095 0.2885403 0.2780068 0.0000000 0.2411974 0.2662174 0.2557550 0.2741935 0.2358548 0.0308582 0.3385869 0.1506447 
RuprSFB    0.2304358 0.2722795 0.2239708 0.3117083 0.2411974 0.0000000 0.2701485 0.2977886 0.2919994 0.2797149 0.2286410 0.3065253 0.2301130 
Retr       0.2901632 0.3069542 0.3060470 0.3172879 0.2662174 0.2701485 0.0000000 0.2752786 0.2842661 0.3264012 0.2567921 0.1520265 0.2685637 
Beta       0.2826094 0.3073992 0.3445751 0.3701527 0.2557550 0.2977886 0.2752786 0.0000000 0.1014481 0.3163917 0.2421806 0.3595002 0.2538112 
Spol       0.2994214 0.3225861 0.3499399 0.3860331 0.2741935 0.2919994 0.2842661 0.1014481 0.0000000 0.3343665 0.2627555 0.3725144 0.2672955 
MJM1652    0.2576556 0.0978481 0.3473689 0.2274650 0.2358548 0.2797149 0.3264012 0.3163917 0.3343665 0.0000000 0.2268331 0.4098561 0.2211589 
NepSFB     0.1780672 0.1987039 0.2792000 0.2762567 0.0308582 0.2286410 0.2567921 0.2421806 0.2627555 0.2268331 0.0000000 0.3320398 0.1443854 
WPYJ       0.3421384 0.3893750 0.3617147 0.4154336 0.3385869 0.3065253 0.1520265 0.3595002 0.3725144 0.4098561 0.3320398 0.0000000 0.3261831 
MJM2940    0.1411955 0.1996215 0.2929411 0.2605298 0.1506447 0.2301130 0.2685637 0.2538112 0.2672955 0.2211589 0.1443854 0.3261831 0.0000000 
