13
DrolusSFB  0.0000000 0.3595271 0.5092333 0.4386153 0.3083072 0.4545991 0.4276709 0.5027922 0.4963230 0.3980265 0.3195816 0.4552542 0.2792028 
Dino       0.3595271 0.0000000 0.4629422 0.2063001 0.2631703 0.3893015 0.4174964 0.4234374 0.4262478 0.1501561 0.2703727 0.4229566 0.2993005 
MJM3360    0.5092333 0.4629422 0.0000000 0.4834310 0.4779882 0.3810688 0.5087219 0.5327964 0.5275450 0.4980047 0.4937552 0.5224050 0.4749078 
DrobinSFB  0.4386153 0.2063001 0.4834310 0.0000000 0.3038600 0.4361633 0.4487000 0.4527693 0.4391443 0.2314778 0.3135287 0.4584342 0.3426218 
Neam       0.3083072 0.2631703 0.4779882 0.3038600 0.0000000 0.3803990 0.3583939 0.3970467 0.4062869 0.3040786 0.0123568 0.3653618 0.2081626 
RuprSFB    0.4545991 0.3893015 0.3810688 0.4361633 0.3803990 0.0000000 0.4126619 0.4557986 0.4282725 0.4185986 0.3918353 0.4611821 0.3626008 
Retr       0.4276709 0.4174964 0.5087219 0.4487000 0.3583939 0.4126619 0.0000000 0.4541286 0.4579320 0.4397890 0.3716859 0.2448132 0.3824246 
Beta       0.5027922 0.4234374 0.5327964 0.4527693 0.3970467 0.4557986 0.4541286 0.0000000 0.1787842 0.4774325 0.4054652 0.4953336 0.4013957 
Spol       0.4963230 0.4262478 0.5275450 0.4391443 0.4062869 0.4282725 0.4579320 0.1787842 0.0000000 0.4609519 0.4093635 0.5117648 0.4038178 
MJM1652    0.3980265 0.1501561 0.4980047 0.2314778 0.3040786 0.4185986 0.4397890 0.4774325 0.4609519 0.0000000 0.3122026 0.4512795 0.3382272 
NepSFB     0.3195816 0.2703727 0.4937552 0.3135287 0.0123568 0.3918353 0.3716859 0.4054652 0.4093635 0.3122026 0.0000000 0.3744831 0.2158041 
WPYJ       0.4552542 0.4229566 0.5224050 0.4584342 0.3653618 0.4611821 0.2448132 0.4953336 0.5117648 0.4512795 0.3744831 0.0000000 0.3736409 
MJM2940    0.2792028 0.2993005 0.4749078 0.3426218 0.2081626 0.3626008 0.3824246 0.4013957 0.4038178 0.3382272 0.2158041 0.3736409 0.0000000 
