13
DrolusSFB  0.0000000 0.2881257 0.3353005 0.1949867 0.2341585 0.3181444 0.3226255 0.2859260 0.2719339 0.2458710 0.2488144 0.2465783 0.1647568 
Dino       0.2881257 0.0000000 0.4121083 0.1792109 0.2465611 0.3277117 0.3863120 0.3283926 0.3500024 0.1430537 0.2504913 0.3543558 0.2704821 
MJM3360    0.3353005 0.4121083 0.0000000 0.3642472 0.3189983 0.2699430 0.4077862 0.3647055 0.3353622 0.3510409 0.3166742 0.2904364 0.2898296 
DrobinSFB  0.1949867 0.1792109 0.3642472 0.0000000 0.2290896 0.3094061 0.3410597 0.3207357 0.2895862 0.2064596 0.2458673 0.2971855 0.2305669 
Neam       0.2341585 0.2465611 0.3189983 0.2290896 0.0000000 0.2843843 0.3316572 0.3036916 0.3066471 0.2092995 0.0192278 0.2903799 0.2082301 
RuprSFB    0.3181444 0.3277117 0.2699430 0.3094061 0.2843843 0.0000000 0.3653071 0.3138147 0.3426640 0.3082377 0.2879282 0.2718526 0.2940961 
Retr       0.3226255 0.3863120 0.4077862 0.3410597 0.3316572 0.3653071 0.0000000 0.4130411 0.4082371 0.3348729 0.3499189 0.2641196 0.3077214 
Beta       0.2859260 0.3283926 0.3647055 0.3207357 0.3036916 0.3138147 0.4130411 0.0000000 0.1565384 0.2838545 0.3113754 0.3875928 0.2788429 
Spol       0.2719339 0.3500024 0.3353622 0.2895862 0.3066471 0.3426640 0.4082371 0.1565384 0.0000000 0.2956642 0.3101378 0.3587642 0.2921541 
MJM1652    0.2458710 0.1430537 0.3510409 0.2064596 0.2092995 0.3082377 0.3348729 0.2838545 0.2956642 0.0000000 0.2157136 0.3022373 0.2162168 
NepSFB     0.2488144 0.2504913 0.3166742 0.2458673 0.0192278 0.2879282 0.3499189 0.3113754 0.3101378 0.2157136 0.0000000 0.3016024 0.2128148 
WPYJ       0.2465783 0.3543558 0.2904364 0.2971855 0.2903799 0.2718526 0.2641196 0.3875928 0.3587642 0.3022373 0.3016024 0.0000000 0.2622169 
MJM2940    0.1647568 0.2704821 0.2898296 0.2305669 0.2082301 0.2940961 0.3077214 0.2788429 0.2921541 0.2162168 0.2128148 0.2622169 0.0000000 
