13
DrolusSFB  0.0000000 0.2249972 0.3776140 0.2635805 0.1997143 0.2922462 0.2888685 0.2875317 0.2835858 0.2509107 0.1989125 0.2935941 0.1429874 
Dino       0.2249972 0.0000000 0.3422891 0.1457777 0.1790598 0.2955798 0.3002328 0.2800678 0.2711619 0.1124249 0.1805569 0.3062172 0.1909533 
MJM3360    0.3776140 0.3422891 0.0000000 0.3892534 0.3547104 0.2648951 0.3329015 0.3757779 0.3488208 0.3613065 0.3457406 0.3428521 0.3528976 
DrobinSFB  0.2635805 0.1457777 0.3892534 0.0000000 0.2398804 0.3227890 0.3443960 0.3465098 0.3413378 0.1519980 0.2436174 0.3116296 0.2467225 
Neam       0.1997143 0.1790598 0.3547104 0.2398804 0.0000000 0.2861308 0.2266040 0.2785365 0.2675329 0.2106275 0.0062855 0.2631990 0.1638649 
RuprSFB    0.2922462 0.2955798 0.2648951 0.3227890 0.2861308 0.0000000 0.2677685 0.3501266 0.3492948 0.3280555 0.2867342 0.3106954 0.2528963 
Retr       0.2888685 0.3002328 0.3329015 0.3443960 0.2266040 0.2677685 0.0000000 0.2956465 0.2670984 0.3151230 0.2250553 0.1549419 0.2408559 
Beta       0.2875317 0.2800678 0.3757779 0.3465098 0.2785365 0.3501266 0.2956465 0.0000000 0.1057591 0.2968463 0.2723545 0.3026782 0.2702717 
Spol       0.2835858 0.2711619 0.3488208 0.3413378 0.2675329 0.3492948 0.2670984 0.1057591 0.0000000 0.3010709 0.2682684 0.2699434 0.2459721 
MJM1652    0.2509107 0.1124249 0.3613065 0.1519980 0.2106275 0.3280555 0.3151230 0.2968463 0.3010709 0.0000000 0.2121976 0.3047533 0.2268828 
NepSFB     0.1989125 0.1805569 0.3457406 0.2436174 0.0062855 0.2867342 0.2250553 0.2723545 0.2682684 0.2121976 0.0000000 0.2627833 0.1657147 
WPYJ       0.2935941 0.3062172 0.3428521 0.3116296 0.2631990 0.3106954 0.1549419 0.3026782 0.2699434 0.3047533 0.2627833 0.0000000 0.2721087 
MJM2940    0.1429874 0.1909533 0.3528976 0.2467225 0.1638649 0.2528963 0.2408559 0.2702717 0.2459721 0.2268828 0.1657147 0.2721087 0.0000000 
