13
DrolusSFB  0.0000000 0.3436344 0.4261057 0.3761562 0.3216499 0.3792960 0.2637328 0.4076961 0.4144537 0.3814381 0.3278021 0.2865240 0.2243484 
Dino       0.3436344 0.0000000 0.4472626 0.2086789 0.2845098 0.3863828 0.3013767 0.4330077 0.4167041 0.1395564 0.2891786 0.3338878 0.3093683 
MJM3360    0.4261057 0.4472626 0.0000000 0.4803155 0.4393032 0.3675833 0.2978376 0.4867002 0.4679830 0.4832223 0.4360471 0.3390615 0.4143505 
DrobinSFB  0.3761562 0.2086789 0.4803155 0.0000000 0.3077188 0.3948604 0.2790928 0.4459000 0.4525816 0.2490180 0.3159747 0.3011207 0.3394087 
Neam       0.3216499 0.2845098 0.4393032 0.3077188 0.0000000 0.3470526 0.2728965 0.3874610 0.3843707 0.3168315 0.0107446 0.2984374 0.2784876 
RuprSFB    0.3792960 0.3863828 0.3675833 0.3948604 0.3470526 0.0000000 0.2457282 0.3860358 0.3851577 0.3972500 0.3505708 0.3055831 0.3348573 
Retr       0.2637328 0.3013767 0.2978376 0.2790928 0.2728965 0.2457282 0.0000000 0.3001732 0.2937500 0.3335162 0.2833596 0.1599659 0.2654336 
Beta       0.4076961 0.4330077 0.4867002 0.4459000 0.3874610 0.3860358 0.3001732 0.0000000 0.1214755 0.4554728 0.3883876 0.3475355 0.3887842 
Spol       0.4144537 0.4167041 0.4679830 0.4525816 0.3843707 0.3851577 0.2937500 0.1214755 0.0000000 0.4440796 0.3850861 0.3341161 0.3708686 
MJM1652    0.3814381 0.1395564 0.4832223 0.2490180 0.3168315 0.3972500 0.3335162 0.4554728 0.4440796 0.0000000 0.3218917 0.3386265 0.3284787 
NepSFB     0.3278021 0.2891786 0.4360471 0.3159747 0.0107446 0.3505708 0.2833596 0.3883876 0.3850861 0.3218917 0.0000000 0.3051107 0.2807432 
WPYJ       0.2865240 0.3338878 0.3390615 0.3011207 0.2984374 0.3055831 0.1599659 0.3475355 0.3341161 0.3386265 0.3051107 0.0000000 0.2899696 
MJM2940    0.2243484 0.3093683 0.4143505 0.3394087 0.2784876 0.3348573 0.2654336 0.3887842 0.3708686 0.3284787 0.2807432 0.2899696 0.0000000 
