13
DrolusSFB  0.0000000 0.2718728 0.3885603 0.3159429 0.2841914 0.3513264 0.3406585 0.4083290 0.4275267 0.3105547 0.2838634 0.4649530 0.1698484 
Dino       0.2718728 0.0000000 0.4007205 0.2419771 0.3518230 0.3814071 0.3898507 0.4431084 0.4510026 0.2076769 0.3492491 0.5665463 0.3060033 
MJM3360    0.3885603 0.4007205 0.0000000 0.4391054 0.4222100 0.3712151 0.4595369 0.4305741 0.4655681 0.4362071 0.4224330 0.5772200 0.3665676 
DrobinSFB  0.3159429 0.2419771 0.4391054 0.0000000 0.3928895 0.4118640 0.3887403 0.4399883 0.4653170 0.2606288 0.3899842 0.5134324 0.3391892 
Neam       0.2841914 0.3518230 0.4222100 0.3928895 0.0000000 0.3791343 0.3174824 0.3734220 0.3885300 0.3879125 0.0052081 0.4540389 0.2322304 
RuprSFB    0.3513264 0.3814071 0.3712151 0.4118640 0.3791343 0.0000000 0.3856180 0.4633418 0.5188388 0.4394358 0.3821464 0.4748152 0.3214839 
Retr       0.3406585 0.3898507 0.4595369 0.3887403 0.3174824 0.3856180 0.0000000 0.4013779 0.4240361 0.4420953 0.3162557 0.2360176 0.2846976 
Beta       0.4083290 0.4431084 0.4305741 0.4399883 0.3734220 0.4633418 0.4013779 0.0000000 0.1507776 0.4633382 0.3718990 0.4854939 0.3420364 
Spol       0.4275267 0.4510026 0.4655681 0.4653170 0.3885300 0.5188388 0.4240361 0.1507776 0.0000000 0.4681591 0.3843658 0.4833729 0.3554831 
MJM1652    0.3105547 0.2076769 0.4362071 0.2606288 0.3879125 0.4394358 0.4420953 0.4633382 0.4681591 0.0000000 0.3850179 0.6276893 0.3414002 
NepSFB     0.2838634 0.3492491 0.4224330 0.3899842 0.0052081 0.3821464 0.3162557 0.3718990 0.3843658 0.3850179 0.0000000 0.4528118 0.2305015 
WPYJ       0.4649530 0.5665463 0.5772200 0.5134324 0.4540389 0.4748152 0.2360176 0.4854939 0.4833729 0.6276893 0.4528118 0.0000000 0.3719464 
MJM2940    0.1698484 0.3060033 0.3665676 0.3391892 0.2322304 0.3214839 0.2846976 0.3420364 0.3554831 0.3414002 0.2305015 0.3719464 0.0000000 
