13
DrolusSFB  0.0000000 0.3212816 0.3598041 0.3277825 0.2271008 0.3317957 0.3208281 0.3716499 0.3766988 0.3255268 0.2222329 0.3985289 0.2014499 
Dino       0.3212816 0.0000000 0.3896774 0.2386436 0.2854767 0.3534386 0.3069644 0.3961942 0.4109944 0.1606350 0.2876388 0.3688506 0.2558154 
MJM3360    0.3598041 0.3896774 0.0000000 0.3996258 0.3096385 0.2751651 0.3541612 0.3894403 0.4066288 0.3928091 0.3114012 0.4305777 0.3103574 
DrobinSFB  0.3277825 0.2386436 0.3996258 0.0000000 0.2839940 0.3670124 0.3352561 0.3998899 0.3964874 0.2639268 0.2864095 0.3544974 0.2715257 
Neam       0.2271008 0.2854767 0.3096385 0.2839940 0.0000000 0.2836479 0.2705172 0.3342110 0.3107094 0.2938488 0.0099688 0.3360566 0.1749705 
RuprSFB    0.3317957 0.3534386 0.2751651 0.3670124 0.2836479 0.0000000 0.3387504 0.3573736 0.3758809 0.3743446 0.2807842 0.4195466 0.2794241 
Retr       0.3208281 0.3069644 0.3541612 0.3352561 0.2705172 0.3387504 0.0000000 0.3512180 0.3709884 0.3455701 0.2703094 0.1794592 0.2657911 
Beta       0.3716499 0.3961942 0.3894403 0.3998899 0.3342110 0.3573736 0.3512180 0.0000000 0.1409488 0.4280848 0.3354673 0.4221049 0.3535803 
Spol       0.3766988 0.4109944 0.4066288 0.3964874 0.3107094 0.3758809 0.3709884 0.1409488 0.0000000 0.4295651 0.3161171 0.4611492 0.3553225 
MJM1652    0.3255268 0.1606350 0.3928091 0.2639268 0.2938488 0.3743446 0.3455701 0.4280848 0.4295651 0.0000000 0.2967346 0.4077501 0.2866738 
NepSFB     0.2222329 0.2876388 0.3114012 0.2864095 0.0099688 0.2807842 0.2703094 0.3354673 0.3161171 0.2967346 0.0000000 0.3362844 0.1678060 
WPYJ       0.3985289 0.3688506 0.4305777 0.3544974 0.3360566 0.4195466 0.1794592 0.4221049 0.4611492 0.4077501 0.3362844 0.0000000 0.3639392 
MJM2940    0.2014499 0.2558154 0.3103574 0.2715257 0.1749705 0.2794241 0.2657911 0.3535803 0.3553225 0.2866738 0.1678060 0.3639392 0.0000000 
