13
DrolusSFB  0.0000000 0.2895280 0.2818340 0.2554406 0.2297863 0.2586623 0.3463702 0.3216193 0.2910826 0.2653678 0.2340924 0.3557182 0.1542258 
Dino       0.2895280 0.0000000 0.2531898 0.1726808 0.2605258 0.2472003 0.3000972 0.3683749 0.3047752 0.1589170 0.2591393 0.3501501 0.2799970 
MJM3360    0.2818340 0.2531898 0.0000000 0.2877912 0.2424894 0.2175108 0.2921155 0.3110383 0.2719705 0.2622793 0.2472727 0.3239883 0.2508567 
DrobinSFB  0.2554406 0.1726808 0.2877912 0.0000000 0.2540785 0.2871304 0.3342136 0.3542386 0.3259447 0.2087383 0.2531528 0.3761181 0.2330154 
Neam       0.2297863 0.2605258 0.2424894 0.2540785 0.0000000 0.2242176 0.2998057 0.3282048 0.3041560 0.2682311 0.0065797 0.3295195 0.1919058 
RuprSFB    0.2586623 0.2472003 0.2175108 0.2871304 0.2242176 0.0000000 0.3084904 0.3148359 0.2721993 0.2634689 0.2268980 0.3282587 0.2174756 
Retr       0.3463702 0.3000972 0.2921155 0.3342136 0.2998057 0.3084904 0.0000000 0.3912835 0.3680049 0.3455074 0.3014243 0.1839816 0.2675233 
Beta       0.3216193 0.3683749 0.3110383 0.3542386 0.3282048 0.3148359 0.3912835 0.0000000 0.1510818 0.3628603 0.3314127 0.3987102 0.3031776 
Spol       0.2910826 0.3047752 0.2719705 0.3259447 0.3041560 0.2721993 0.3680049 0.1510818 0.0000000 0.3240916 0.3043416 0.3661052 0.2623591 
MJM1652    0.2653678 0.1589170 0.2622793 0.2087383 0.2682311 0.2634689 0.3455074 0.3628603 0.3240916 0.0000000 0.2648589 0.3889652 0.2926706 
NepSFB     0.2340924 0.2591393 0.2472727 0.2531528 0.0065797 0.2268980 0.3014243 0.3314127 0.3043416 0.2648589 0.0000000 0.3296983 0.1922618 
WPYJ       0.3557182 0.3501501 0.3239883 0.3761181 0.3295195 0.3282587 0.1839816 0.3987102 0.3661052 0.3889652 0.3296983 0.0000000 0.3017501 
MJM2940    0.1542258 0.2799970 0.2508567 0.2330154 0.1919058 0.2174756 0.2675233 0.3031776 0.2623591 0.2926706 0.1922618 0.3017501 0.0000000 
