13
DrolusSFB  0.0000000 0.3402245 0.4732936 0.3263707 0.2615714 0.3485296 0.3372481 0.3655965 0.4386138 0.3559457 0.2416986 0.3815590 0.2064471 
Dino       0.3402245 0.0000000 0.3949424 0.1911224 0.2353376 0.3057946 0.3382937 0.3412118 0.4061443 0.1642469 0.2329398 0.3389108 0.3235656 
MJM3360    0.4732936 0.3949424 0.0000000 0.3689566 0.3410200 0.2874601 0.3979584 0.3710782 0.4016584 0.4349995 0.3337386 0.4300085 0.3652855 
DrobinSFB  0.3263707 0.1911224 0.3689566 0.0000000 0.2463324 0.3290271 0.3749168 0.3412402 0.3615318 0.2252172 0.2469159 0.3659320 0.2576695 
Neam       0.2615714 0.2353376 0.3410200 0.2463324 0.0000000 0.2351081 0.3392132 0.3079375 0.3023648 0.2876881 0.0156224 0.4080118 0.1837234 
RuprSFB    0.3485296 0.3057946 0.2874601 0.3290271 0.2351081 0.0000000 0.3437801 0.3191356 0.3279072 0.3532713 0.2225958 0.4292940 0.2606128 
Retr       0.3372481 0.3382937 0.3979584 0.3749168 0.3392132 0.3437801 0.0000000 0.3288906 0.3397433 0.3722865 0.3288349 0.2078969 0.2936780 
Beta       0.3655965 0.3412118 0.3710782 0.3412402 0.3079375 0.3191356 0.3288906 0.0000000 0.1228499 0.3667629 0.2758286 0.3597094 0.3336239 
Spol       0.4386138 0.4061443 0.4016584 0.3615318 0.3023648 0.3279072 0.3397433 0.1228499 0.0000000 0.4316407 0.2926500 0.3854780 0.3880040 
MJM1652    0.3559457 0.1642469 0.4349995 0.2252172 0.2876881 0.3532713 0.3722865 0.3667629 0.4316407 0.0000000 0.2561851 0.3848475 0.3124389 
NepSFB     0.2416986 0.2329398 0.3337386 0.2469159 0.0156224 0.2225958 0.3288349 0.2758286 0.2926500 0.2561851 0.0000000 0.3475195 0.1668531 
WPYJ       0.3815590 0.3389108 0.4300085 0.3659320 0.4080118 0.4292940 0.2078969 0.3597094 0.3854780 0.3848475 0.3475195 0.0000000 0.3106831 
MJM2940    0.2064471 0.3235656 0.3652855 0.2576695 0.1837234 0.2606128 0.2936780 0.3336239 0.3880040 0.3124389 0.1668531 0.3106831 0.0000000 
