13
DrolusSFB  0.0000000 0.3574290 0.3970585 0.3646530 0.2875558 0.3852923 0.3556106 0.3928210 0.3935800 0.3801634 0.3027557 0.3642787 0.1862671 
Dino       0.3574290 0.0000000 0.3453773 0.1551346 0.2572327 0.3444319 0.3349131 0.3717189 0.3864776 0.1267971 0.2605158 0.3342994 0.2607283 
MJM3360    0.3970585 0.3453773 0.0000000 0.3582678 0.2822519 0.3226364 0.3250353 0.3595844 0.3630046 0.3852152 0.2905046 0.3804072 0.3114693 
DrobinSFB  0.3646530 0.1551346 0.3582678 0.0000000 0.2870302 0.3593932 0.3446754 0.3875711 0.3941499 0.1731722 0.2944821 0.3709488 0.2997264 
Neam       0.2875558 0.2572327 0.2822519 0.2870302 0.0000000 0.2633867 0.2752986 0.2864329 0.3126762 0.2565302 0.0109852 0.3142170 0.1858046 
RuprSFB    0.3852923 0.3444319 0.3226364 0.3593932 0.2633867 0.0000000 0.3017172 0.2787251 0.3129275 0.3462366 0.2748217 0.3442052 0.2841637 
Retr       0.3556106 0.3349131 0.3250353 0.3446754 0.2752986 0.3017172 0.0000000 0.3271980 0.3324801 0.3292799 0.2899923 0.1960780 0.2586181 
Beta       0.3928210 0.3717189 0.3595844 0.3875711 0.2864329 0.2787251 0.3271980 0.0000000 0.0955140 0.3801076 0.2984554 0.3685698 0.3053775 
Spol       0.3935800 0.3864776 0.3630046 0.3941499 0.3126762 0.3129275 0.3324801 0.0955140 0.0000000 0.4091846 0.3220286 0.3796535 0.2940931 
MJM1652    0.3801634 0.1267971 0.3852152 0.1731722 0.2565302 0.3462366 0.3292799 0.3801076 0.4091846 0.0000000 0.2571909 0.3599854 0.2742227 
NepSFB     0.3027557 0.2605158 0.2905046 0.2944821 0.0109852 0.2748217 0.2899923 0.2984554 0.3220286 0.2571909 0.0000000 0.3252666 0.1953725 
WPYJ       0.3642787 0.3342994 0.3804072 0.3709488 0.3142170 0.3442052 0.1960780 0.3685698 0.3796535 0.3599854 0.3252666 0.0000000 0.2872875 
MJM2940    0.1862671 0.2607283 0.3114693 0.2997264 0.1858046 0.2841637 0.2586181 0.3053775 0.2940931 0.2742227 0.1953725 0.2872875 0.0000000 
