13
DrolusSFB  0.0000000 0.2508079 0.3590671 0.2719063 0.2001549 0.3133133 0.3081705 0.2739965 0.3204100 0.2809253 0.2007743 0.3456592 0.1493085 
Dino       0.2508079 0.0000000 0.3684812 0.1456207 0.1915395 0.2951253 0.2841277 0.2861075 0.3198586 0.1194036 0.1892548 0.3140379 0.2272840 
MJM3360    0.3590671 0.3684812 0.0000000 0.3549459 0.3376162 0.2390910 0.3397233 0.3346414 0.3695027 0.3350533 0.3350805 0.3595463 0.3232872 
DrobinSFB  0.2719063 0.1456207 0.3549459 0.0000000 0.2186650 0.3149273 0.3103926 0.2994160 0.3356363 0.1715454 0.2149090 0.3073600 0.2611550 
Neam       0.2001549 0.1915395 0.3376162 0.2186650 0.0000000 0.2620504 0.2818515 0.2541749 0.2734788 0.2153616 0.0085049 0.3158021 0.1387128 
RuprSFB    0.3133133 0.2951253 0.2390910 0.3149273 0.2620504 0.0000000 0.2857096 0.3079781 0.3478769 0.3062888 0.2590132 0.3528294 0.2517615 
Retr       0.3081705 0.2841277 0.3397233 0.3103926 0.2818515 0.2857096 0.0000000 0.2810036 0.3481008 0.3106861 0.2757054 0.2105142 0.2609003 
Beta       0.2739965 0.2861075 0.3346414 0.2994160 0.2541749 0.3079781 0.2810036 0.0000000 0.1417816 0.2741250 0.2461167 0.3109714 0.2354869 
Spol       0.3204100 0.3198586 0.3695027 0.3356363 0.2734788 0.3478769 0.3481008 0.1417816 0.0000000 0.3086585 0.2725641 0.3639251 0.2592739 
MJM1652    0.2809253 0.1194036 0.3350533 0.1715454 0.2153616 0.3062888 0.3106861 0.2741250 0.3086585 0.0000000 0.2103282 0.3443524 0.2461835 
NepSFB     0.2007743 0.1892548 0.3350805 0.2149090 0.0085049 0.2590132 0.2757054 0.2461167 0.2725641 0.2103282 0.0000000 0.3122580 0.1346429 
WPYJ       0.3456592 0.3140379 0.3595463 0.3073600 0.3158021 0.3528294 0.2105142 0.3109714 0.3639251 0.3443524 0.3122580 0.0000000 0.2865651 
MJM2940    0.1493085 0.2272840 0.3232872 0.2611550 0.1387128 0.2517615 0.2609003 0.2354869 0.2592739 0.2461835 0.1346429 0.2865651 0.0000000 
