13
DrolusSFB  0.0000000 0.2745590 0.3540201 0.3048717 0.2411591 0.3106089 0.3371756 0.2803580 0.3728157 0.2758044 0.2462879 0.3720567 0.1706808 
Dino       0.2745590 0.0000000 0.4285168 0.1635171 0.2408465 0.3329977 0.3327523 0.3184650 0.3809688 0.1210993 0.2491079 0.3950198 0.2563680 
MJM3360    0.3540201 0.4285168 0.0000000 0.4622864 0.3824998 0.3226148 0.4236227 0.3463120 0.4242578 0.4067039 0.3955202 0.4065385 0.3828821 
DrobinSFB  0.3048717 0.1635171 0.4622864 0.0000000 0.2848006 0.3622436 0.3558481 0.3093423 0.4021753 0.1959969 0.2941889 0.4022187 0.2942905 
Neam       0.2411591 0.2408465 0.3824998 0.2848006 0.0000000 0.3130795 0.3433736 0.2671328 0.3712903 0.2654585 0.0084585 0.3890768 0.2021193 
RuprSFB    0.3106089 0.3329977 0.3226148 0.3622436 0.3130795 0.0000000 0.3764729 0.3196624 0.3881819 0.3493413 0.3177584 0.3663768 0.3044907 
Retr       0.3371756 0.3327523 0.4236227 0.3558481 0.3433736 0.3764729 0.0000000 0.3026181 0.4126326 0.3593762 0.3481958 0.2315179 0.2928037 
Beta       0.2803580 0.3184650 0.3463120 0.3093423 0.2671328 0.3196624 0.3026181 0.0000000 0.1436624 0.3243474 0.2820550 0.2630261 0.2657765 
Spol       0.3728157 0.3809688 0.4242578 0.4021753 0.3712903 0.3881819 0.4126326 0.1436624 0.0000000 0.4008363 0.3824268 0.4316845 0.3293423 
MJM1652    0.2758044 0.1210993 0.4067039 0.1959969 0.2654585 0.3493413 0.3593762 0.3243474 0.4008363 0.0000000 0.2709111 0.3671025 0.2672656 
NepSFB     0.2462879 0.2491079 0.3955202 0.2941889 0.0084585 0.3177584 0.3481958 0.2820550 0.3824268 0.2709111 0.0000000 0.3929781 0.2067942 
WPYJ       0.3720567 0.3950198 0.4065385 0.4022187 0.3890768 0.3663768 0.2315179 0.2630261 0.4316845 0.3671025 0.3929781 0.0000000 0.3214657 
MJM2940    0.1706808 0.2563680 0.3828821 0.2942905 0.2021193 0.3044907 0.2928037 0.2657765 0.3293423 0.2672656 0.2067942 0.3214657 0.0000000 
