13
DrolusSFB  0.0000000 0.2516171 0.2854380 0.3209977 0.2342796 0.3077667 0.2787848 0.3186466 0.2965423 0.2788989 0.2266330 0.3365582 0.1577878 
Dino       0.2516171 0.0000000 0.3567454 0.2075853 0.2068458 0.3074068 0.3152782 0.3060164 0.3348501 0.1063614 0.2094024 0.3605552 0.2236320 
MJM3360    0.2854380 0.3567454 0.0000000 0.3450926 0.3232016 0.3235413 0.3647064 0.3476774 0.3427279 0.3234609 0.3030639 0.4449179 0.2953032 
DrobinSFB  0.3209977 0.2075853 0.3450926 0.0000000 0.2112388 0.3910319 0.3928683 0.3727832 0.3924562 0.2023883 0.2614458 0.4359481 0.2928854 
Neam       0.2342796 0.2068458 0.3232016 0.2112388 0.0000000 0.2923541 0.2455771 0.2385893 0.2701839 0.2043326 0.0108731 0.3431849 0.1458470 
RuprSFB    0.3077667 0.3074068 0.3235413 0.3910319 0.2923541 0.0000000 0.3236190 0.3284714 0.3123105 0.2878021 0.2560699 0.3638477 0.2849116 
Retr       0.2787848 0.3152782 0.3647064 0.3928683 0.2455771 0.3236190 0.0000000 0.3326411 0.3274931 0.2732952 0.2220419 0.1720661 0.2690182 
Beta       0.3186466 0.3060164 0.3476774 0.3727832 0.2385893 0.3284714 0.3326411 0.0000000 0.1251356 0.3271568 0.2923091 0.4361499 0.3046137 
Spol       0.2965423 0.3348501 0.3427279 0.3924562 0.2701839 0.3123105 0.3274931 0.1251356 0.0000000 0.3117912 0.2777054 0.3706513 0.2978121 
MJM1652    0.2788989 0.1063614 0.3234609 0.2023883 0.2043326 0.2878021 0.2732952 0.3271568 0.3117912 0.0000000 0.2095285 0.3627718 0.2392889 
NepSFB     0.2266330 0.2094024 0.3030639 0.2614458 0.0108731 0.2560699 0.2220419 0.2923091 0.2777054 0.2095285 0.0000000 0.2961169 0.1573176 
WPYJ       0.3365582 0.3605552 0.4449179 0.4359481 0.3431849 0.3638477 0.1720661 0.4361499 0.3706513 0.3627718 0.2961169 0.0000000 0.3282174 
MJM2940    0.1577878 0.2236320 0.2953032 0.2928854 0.1458470 0.2849116 0.2690182 0.3046137 0.2978121 0.2392889 0.1573176 0.3282174 0.0000000 
