13
DrolusSFB  0.0000000 0.3182341 0.4735700 0.4837612 0.3459028 0.3440615 0.3588553 0.4726987 0.4478242 0.3379513 0.3506278 0.3815594 0.2269416 
Dino       0.3182341 0.0000000 0.3780802 0.3271893 0.3008816 0.3107600 0.3122955 0.4473021 0.4217806 0.1736778 0.3032357 0.3904196 0.2620767 
MJM3360    0.4735700 0.3780802 0.0000000 0.5054059 0.4383664 0.3011466 0.4692239 0.5846344 0.5288905 0.4143947 0.4470069 0.6973560 0.4141829 
DrobinSFB  0.4837612 0.3271893 0.5054059 0.0000000 0.4371062 0.3926961 0.4261585 0.4862130 0.4621397 0.3399833 0.4501982 0.5467503 0.4082985 
Neam       0.3459028 0.3008816 0.4383664 0.4371062 0.0000000 0.3122755 0.3108016 0.4324469 0.4182034 0.2972511 0.0538222 0.3258862 0.2501161 
RuprSFB    0.3440615 0.3107600 0.3011466 0.3926961 0.3122755 0.0000000 0.3169757 0.4348239 0.4132761 0.3335865 0.3011909 0.3027385 0.3077436 
Retr       0.3588553 0.3122955 0.4692239 0.4261585 0.3108016 0.3169757 0.0000000 0.3665472 0.3695770 0.3292263 0.3184815 0.1336055 0.2753430 
Beta       0.4726987 0.4473021 0.5846344 0.4862130 0.4324469 0.4348239 0.3665472 0.0000000 0.1657205 0.4466830 0.4195167 0.4129052 0.3440750 
Spol       0.4478242 0.4217806 0.5288905 0.4621397 0.4182034 0.4132761 0.3695770 0.1657205 0.0000000 0.4328594 0.4098697 0.4285948 0.3475675 
MJM1652    0.3379513 0.1736778 0.4143947 0.3399833 0.2972511 0.3335865 0.3292263 0.4466830 0.4328594 0.0000000 0.2945557 0.3868391 0.2735183 
NepSFB     0.3506278 0.3032357 0.4470069 0.4501982 0.0538222 0.3011909 0.3184815 0.4195167 0.4098697 0.2945557 0.0000000 0.3240232 0.2467119 
WPYJ       0.3815594 0.3904196 0.6973560 0.5467503 0.3258862 0.3027385 0.1336055 0.4129052 0.4285948 0.3868391 0.3240232 0.0000000 0.2821210 
MJM2940    0.2269416 0.2620767 0.4141829 0.4082985 0.2501161 0.3077436 0.2753430 0.3440750 0.3475675 0.2735183 0.2467119 0.2821210 0.0000000 
