13
DrolusSFB  0.0000000 0.2635758 0.3115992 0.3128941 0.2315739 0.3116008 0.3740538 0.3302183 0.3545066 0.3165276 0.2335979 0.3630037 0.1610356 
Dino       0.2635758 0.0000000 0.3849776 0.2085687 0.2648566 0.3048805 0.3295212 0.3916016 0.4061813 0.1723749 0.2713526 0.4214685 0.2620213 
MJM3360    0.3115992 0.3849776 0.0000000 0.3655658 0.2964392 0.2011201 0.3578257 0.3245775 0.3528179 0.3861807 0.2990843 0.3686592 0.2825262 
DrobinSFB  0.3128941 0.2085687 0.3655658 0.0000000 0.2956843 0.3326101 0.3732349 0.4555435 0.4725179 0.2225012 0.2892749 0.4784495 0.2614480 
Neam       0.2315739 0.2648566 0.2964392 0.2956843 0.0000000 0.2142826 0.3046702 0.3402572 0.3653513 0.3167193 0.0051542 0.3721999 0.1922937 
RuprSFB    0.3116008 0.3048805 0.2011201 0.3326101 0.2142826 0.0000000 0.3149614 0.3621681 0.4203682 0.3565659 0.2166527 0.3189563 0.2550745 
Retr       0.3740538 0.3295212 0.3578257 0.3732349 0.3046702 0.3149614 0.0000000 0.3231720 0.3504654 0.3789979 0.3031182 0.1490383 0.3070688 
Beta       0.3302183 0.3916016 0.3245775 0.4555435 0.3402572 0.3621681 0.3231720 0.0000000 0.1408297 0.3992955 0.3424109 0.3979243 0.3174055 
Spol       0.3545066 0.4061813 0.3528179 0.4725179 0.3653513 0.4203682 0.3504654 0.1408297 0.0000000 0.4342390 0.3702797 0.3816257 0.3517722 
MJM1652    0.3165276 0.1723749 0.3861807 0.2225012 0.3167193 0.3565659 0.3789979 0.3992955 0.4342390 0.0000000 0.3213769 0.4821064 0.2624689 
NepSFB     0.2335979 0.2713526 0.2990843 0.2892749 0.0051542 0.2166527 0.3031182 0.3424109 0.3702797 0.3213769 0.0000000 0.3653045 0.1920750 
WPYJ       0.3630037 0.4214685 0.3686592 0.4784495 0.3721999 0.3189563 0.1490383 0.3979243 0.3816257 0.4821064 0.3653045 0.0000000 0.3655564 
MJM2940    0.1610356 0.2620213 0.2825262 0.2614480 0.1922937 0.2550745 0.3070688 0.3174055 0.3517722 0.2624689 0.1920750 0.3655564 0.0000000 
