13
DrolusSFB  0.0000000 0.3143075 0.3309397 0.3196071 0.2448806 0.3482834 0.3543269 0.3525343 0.3555077 0.3495771 0.2543291 0.3790558 0.1893613 
Dino       0.3143075 0.0000000 0.3853171 0.1706374 0.2590846 0.3408900 0.3679072 0.3698990 0.3984217 0.1324677 0.2635485 0.3584884 0.2051503 
MJM3360    0.3309397 0.3853171 0.0000000 0.3985426 0.3294845 0.2661400 0.3617892 0.3312465 0.3526425 0.3760286 0.3325113 0.3703153 0.2672007 
DrobinSFB  0.3196071 0.1706374 0.3985426 0.0000000 0.2540408 0.3625310 0.3603301 0.3683352 0.3610930 0.2104952 0.2554304 0.3732770 0.2298441 
Neam       0.2448806 0.2590846 0.3294845 0.2540408 0.0000000 0.3303044 0.3402141 0.3565265 0.3612187 0.2742050 0.0077307 0.3552650 0.1839098 
RuprSFB    0.3482834 0.3408900 0.2661400 0.3625310 0.3303044 0.0000000 0.3683339 0.3524657 0.3696016 0.3703543 0.3317017 0.3651865 0.2798975 
Retr       0.3543269 0.3679072 0.3617892 0.3603301 0.3402141 0.3683339 0.0000000 0.4215003 0.3847587 0.3844768 0.3409613 0.2332534 0.2960341 
Beta       0.3525343 0.3698990 0.3312465 0.3683352 0.3565265 0.3524657 0.4215003 0.0000000 0.2102995 0.3987995 0.3642074 0.4258032 0.3040481 
Spol       0.3555077 0.3984217 0.3526425 0.3610930 0.3612187 0.3696016 0.3847587 0.2102995 0.0000000 0.4149994 0.3710561 0.3612994 0.3015713 
MJM1652    0.3495771 0.1324677 0.3760286 0.2104952 0.2742050 0.3703543 0.3844768 0.3987995 0.4149994 0.0000000 0.2746229 0.3974376 0.2405298 
NepSFB     0.2543291 0.2635485 0.3325113 0.2554304 0.0077307 0.3317017 0.3409613 0.3642074 0.3710561 0.2746229 0.0000000 0.3591874 0.1890606 
WPYJ       0.3790558 0.3584884 0.3703153 0.3732770 0.3552650 0.3651865 0.2332534 0.4258032 0.3612994 0.3974376 0.3591874 0.0000000 0.3052655 
MJM2940    0.1893613 0.2051503 0.2672007 0.2298441 0.1839098 0.2798975 0.2960341 0.3040481 0.3015713 0.2405298 0.1890606 0.3052655 0.0000000 
