13
DrolusSFB  0.0000000 0.3474971 0.4456785 0.4038878 0.2793036 0.3807482 0.6419728 0.4091415 0.4211711 0.4029675 0.2805158 0.4732396 0.2026020 
Dino       0.3474971 0.0000000 0.4818497 0.2452761 0.3007838 0.4276384 0.7495273 0.4726999 0.4683113 0.2021641 0.3037182 0.5002768 0.3198938 
MJM3360    0.4456785 0.4818497 0.0000000 0.4840694 0.4000366 0.3044202 0.7523084 0.4643205 0.4747619 0.5236919 0.4005411 0.4751928 0.3877603 
DrobinSFB  0.4038878 0.2452761 0.4840694 0.0000000 0.3370628 0.4691169 0.7342540 0.4716757 0.4807789 0.3096513 0.3421042 0.5051507 0.3558459 
Neam       0.2793036 0.3007838 0.4000366 0.3370628 0.0000000 0.3442144 0.5416289 0.3902835 0.3938466 0.3495189 0.0113709 0.4115465 0.2188558 
RuprSFB    0.3807482 0.4276384 0.3044202 0.4691169 0.3442144 0.0000000 0.7016171 0.4374553 0.4331245 0.4670899 0.3441999 0.4988719 0.3479706 
Retr       0.6419728 0.7495273 0.7523084 0.7342540 0.5416289 0.7016171 0.0000000 0.9257606 0.8711188 0.7916565 0.5455411 0.2780215 0.5539470 
Beta       0.4091415 0.4726999 0.4643205 0.4716757 0.3902835 0.4374553 0.9257606 0.0000000 0.1501969 0.5186018 0.3896802 0.5202181 0.3927933 
Spol       0.4211711 0.4683113 0.4747619 0.4807789 0.3938466 0.4331245 0.8711188 0.1501969 0.0000000 0.5086961 0.3873706 0.5055870 0.3946854 
MJM1652    0.4029675 0.2021641 0.5236919 0.3096513 0.3495189 0.4670899 0.7916565 0.5186018 0.5086961 0.0000000 0.3504520 0.5182949 0.3713413 
NepSFB     0.2805158 0.3037182 0.4005411 0.3421042 0.0113709 0.3441999 0.5455411 0.3896802 0.3873706 0.3504520 0.0000000 0.4130594 0.2191491 
WPYJ       0.4732396 0.5002768 0.4751928 0.5051507 0.4115465 0.4988719 0.2780215 0.5202181 0.5055870 0.5182949 0.4130594 0.0000000 0.3997109 
MJM2940    0.2026020 0.3198938 0.3877603 0.3558459 0.2188558 0.3479706 0.5539470 0.3927933 0.3946854 0.3713413 0.2191491 0.3997109 0.0000000 
