13
DrolusSFB  0.0000000 0.3508114 0.3180111 0.4207421 0.3028216 0.3257727 0.3579373 0.3394472 0.3480314 0.4193163 0.3163983 0.3985685 0.1980979 
Dino       0.3508114 0.0000000 0.3702298 0.1900325 0.2694598 0.3332183 0.3690336 0.3094091 0.3363896 0.2328295 0.2689145 0.3620301 0.2983839 
MJM3360    0.3180111 0.3702298 0.0000000 0.4222042 0.3229661 0.2846518 0.3867757 0.3334143 0.3593998 0.4067595 0.3279186 0.3790941 0.3009798 
DrobinSFB  0.4207421 0.1900325 0.4222042 0.0000000 0.3511730 0.3700249 0.3955273 0.3570314 0.3909884 0.2328267 0.3568387 0.4376398 0.3770025 
Neam       0.3028216 0.2694598 0.3229661 0.3511730 0.0000000 0.2989247 0.3746338 0.3160991 0.3317810 0.3614653 0.0061047 0.3508459 0.2093186 
RuprSFB    0.3257727 0.3332183 0.2846518 0.3700249 0.2989247 0.0000000 0.3576478 0.3166685 0.3142933 0.3795264 0.3009135 0.3239904 0.2695714 
Retr       0.3579373 0.3690336 0.3867757 0.3955273 0.3746338 0.3576478 0.0000000 0.3338480 0.3618441 0.4470416 0.3787810 0.1667098 0.2876434 
Beta       0.3394472 0.3094091 0.3334143 0.3570314 0.3160991 0.3166685 0.3338480 0.0000000 0.1148117 0.3726976 0.3202462 0.3300412 0.2873811 
Spol       0.3480314 0.3363896 0.3593998 0.3909884 0.3317810 0.3142933 0.3618441 0.1148117 0.0000000 0.3947038 0.3343289 0.3370807 0.2821872 
MJM1652    0.4193163 0.2328295 0.4067595 0.2328267 0.3614653 0.3795264 0.4470416 0.3726976 0.3947038 0.0000000 0.3670549 0.4081617 0.3781531 
NepSFB     0.3163983 0.2689145 0.3279186 0.3568387 0.0061047 0.3009135 0.3787810 0.3202462 0.3343289 0.3670549 0.0000000 0.3428991 0.2184321 
WPYJ       0.3985685 0.3620301 0.3790941 0.4376398 0.3508459 0.3239904 0.1667098 0.3300412 0.3370807 0.4081617 0.3428991 0.0000000 0.3304497 
MJM2940    0.1980979 0.2983839 0.3009798 0.3770025 0.2093186 0.2695714 0.2876434 0.2873811 0.2821872 0.3781531 0.2184321 0.3304497 0.0000000 
