13
DrolusSFB  0.0000000 0.3538686 0.3496181 0.4450988 0.2683995 0.3508652 0.4410280 0.4438628 0.4440047 0.3538304 0.2654356 0.4812017 0.2311957 
Dino       0.3538686 0.0000000 0.3781609 0.2143462 0.3084222 0.3651570 0.4738729 0.4985501 0.4416639 0.1452449 0.3104066 0.5372201 0.3239947 
MJM3360    0.3496181 0.3781609 0.0000000 0.4437126 0.3328408 0.2738364 0.3642239 0.3998043 0.4052676 0.3676310 0.3358043 0.3429694 0.3282119 
DrobinSFB  0.4450988 0.2143462 0.4437126 0.0000000 0.3570538 0.4345006 0.5364881 0.5628670 0.5506928 0.2286760 0.3571985 0.5696923 0.4194817 
Neam       0.2683995 0.3084222 0.3328408 0.3570538 0.0000000 0.3283901 0.3816489 0.3999750 0.3774164 0.3021995 0.0121697 0.4342190 0.2331386 
RuprSFB    0.3508652 0.3651570 0.2738364 0.4345006 0.3283901 0.0000000 0.3300274 0.3465427 0.3640978 0.3827855 0.3276584 0.3171502 0.3231878 
Retr       0.4410280 0.4738729 0.3642239 0.5364881 0.3816489 0.3300274 0.0000000 0.4306816 0.4762317 0.4770648 0.3721068 0.2026109 0.3670718 
Beta       0.4438628 0.4985501 0.3998043 0.5628670 0.3999750 0.3465427 0.4306816 0.0000000 0.1594031 0.4856209 0.3984434 0.4586737 0.3943076 
Spol       0.4440047 0.4416639 0.4052676 0.5506928 0.3774164 0.3640978 0.4762317 0.1594031 0.0000000 0.4669968 0.3761372 0.4889817 0.3854418 
MJM1652    0.3538304 0.1452449 0.3676310 0.2286760 0.3021995 0.3827855 0.4770648 0.4856209 0.4669968 0.0000000 0.2988875 0.5366010 0.3401100 
NepSFB     0.2654356 0.3104066 0.3358043 0.3571985 0.0121697 0.3276584 0.3721068 0.3984434 0.3761372 0.2988875 0.0000000 0.4262078 0.2249077 
WPYJ       0.4812017 0.5372201 0.3429694 0.5696923 0.4342190 0.3171502 0.2026109 0.4586737 0.4889817 0.5366010 0.4262078 0.0000000 0.4136475 
MJM2940    0.2311957 0.3239947 0.3282119 0.4194817 0.2331386 0.3231878 0.3670718 0.3943076 0.3854418 0.3401100 0.2249077 0.4136475 0.0000000 
