13
DrolusSFB  0.0000000 0.2993204 0.3961464 0.4009778 0.2597028 0.3526962 0.3121004 0.3647515 0.3945513 0.3383777 0.2557673 0.3836496 0.1980770 
Dino       0.2993204 0.0000000 0.3936888 0.2511357 0.2797603 0.3838719 0.2922014 0.4029605 0.4274631 0.1362694 0.2781848 0.3743142 0.2509518 
MJM3360    0.3961464 0.3936888 0.0000000 0.4924369 0.3704721 0.3494848 0.3214947 0.4271252 0.4321218 0.4384808 0.3671239 0.3890478 0.3353492 
DrobinSFB  0.4009778 0.2511357 0.4924369 0.0000000 0.3715472 0.4869361 0.3882532 0.4843149 0.5213223 0.2903969 0.3726777 0.4651100 0.3581462 
Neam       0.2597028 0.2797603 0.3704721 0.3715472 0.0000000 0.3548311 0.2701427 0.3577818 0.3850660 0.3112375 0.0079671 0.3516563 0.1919618 
RuprSFB    0.3526962 0.3838719 0.3494848 0.4869361 0.3548311 0.0000000 0.3263340 0.4184452 0.4361111 0.4327493 0.3504877 0.3710401 0.3107079 
Retr       0.3121004 0.2922014 0.3214947 0.3882532 0.2701427 0.3263340 0.0000000 0.3224361 0.3528469 0.3249151 0.2726666 0.1819233 0.2765113 
Beta       0.3647515 0.4029605 0.4271252 0.4843149 0.3577818 0.4184452 0.3224361 0.0000000 0.1256730 0.4252577 0.3621515 0.3590390 0.3135732 
Spol       0.3945513 0.4274631 0.4321218 0.5213223 0.3850660 0.4361111 0.3528469 0.1256730 0.0000000 0.4468873 0.3893414 0.3952971 0.3244615 
MJM1652    0.3383777 0.1362694 0.4384808 0.2903969 0.3112375 0.4327493 0.3249151 0.4252577 0.4468873 0.0000000 0.3121239 0.3957627 0.2756552 
NepSFB     0.2557673 0.2781848 0.3671239 0.3726777 0.0079671 0.3504877 0.2726666 0.3621515 0.3893414 0.3121239 0.0000000 0.3515819 0.1940947 
WPYJ       0.3836496 0.3743142 0.3890478 0.4651100 0.3516563 0.3710401 0.1819233 0.3590390 0.3952971 0.3957627 0.3515819 0.0000000 0.3435698 
MJM2940    0.1980770 0.2509518 0.3353492 0.3581462 0.1919618 0.3107079 0.2765113 0.3135732 0.3244615 0.2756552 0.1940947 0.3435698 0.0000000 
