13
DrolusSFB  0.0000000 0.2513666 0.2838596 0.2491768 0.2213079 0.2976286 0.3048316 0.3141448 0.3316716 0.2528523 0.2203602 0.3465606 0.1656972 
Dino       0.2513666 0.0000000 0.3373182 0.1479582 0.2425349 0.3219025 0.2972734 0.3592162 0.3832638 0.1681863 0.2391162 0.3594689 0.1965535 
MJM3360    0.2838596 0.3373182 0.0000000 0.3335886 0.2951866 0.2550260 0.3141712 0.3723718 0.4122779 0.3177937 0.2975440 0.3684544 0.2570980 
DrobinSFB  0.2491768 0.1479582 0.3335886 0.0000000 0.2618811 0.3183916 0.3223040 0.3789137 0.4010741 0.1808377 0.2609970 0.3860435 0.2019118 
Neam       0.2213079 0.2425349 0.2951866 0.2618811 0.0000000 0.2882332 0.2666785 0.3484258 0.3739611 0.2267117 0.0046105 0.3499855 0.1600677 
RuprSFB    0.2976286 0.3219025 0.2550260 0.3183916 0.2882332 0.0000000 0.2856508 0.3313080 0.3683043 0.2769923 0.2843645 0.3359374 0.2505428 
Retr       0.3048316 0.2972734 0.3141712 0.3223040 0.2666785 0.2856508 0.0000000 0.2961950 0.3091168 0.2921461 0.2668617 0.1750563 0.2537001 
Beta       0.3141448 0.3592162 0.3723718 0.3789137 0.3484258 0.3313080 0.2961950 0.0000000 0.1314425 0.3334448 0.3472896 0.3664366 0.2869568 
Spol       0.3316716 0.3832638 0.4122779 0.4010741 0.3739611 0.3683043 0.3091168 0.1314425 0.0000000 0.3683539 0.3744379 0.4033715 0.3085079 
MJM1652    0.2528523 0.1681863 0.3177937 0.1808377 0.2267117 0.2769923 0.2921461 0.3334448 0.3683539 0.0000000 0.2248122 0.3454571 0.1915223 
NepSFB     0.2203602 0.2391162 0.2975440 0.2609970 0.0046105 0.2843645 0.2668617 0.3472896 0.3744379 0.2248122 0.0000000 0.3475557 0.1609564 
WPYJ       0.3465606 0.3594689 0.3684544 0.3860435 0.3499855 0.3359374 0.1750563 0.3664366 0.4033715 0.3454571 0.3475557 0.0000000 0.3041424 
MJM2940    0.1656972 0.1965535 0.2570980 0.2019118 0.1600677 0.2505428 0.2537001 0.2869568 0.3085079 0.1915223 0.1609564 0.3041424 0.0000000 
