13
DrolusSFB  0.0000000 0.2966679 0.3430338 0.4727224 0.2659871 0.3244748 0.3364511 0.3944226 0.3893826 0.3485929 0.3004514 0.3580997 0.1530188 
Dino       0.2966679 0.0000000 0.4277616 0.2901488 0.3055940 0.3960721 0.3883078 0.3766023 0.4056194 0.2047112 0.3416161 0.3208983 0.2716943 
MJM3360    0.3430338 0.4277616 0.0000000 0.5768030 0.3451106 0.2864299 0.3521414 0.3486704 0.3828083 0.4571649 0.3606595 0.3537367 0.3269149 
DrobinSFB  0.4727224 0.2901488 0.5768030 0.0000000 0.4538996 0.5564551 0.5573739 0.4812612 0.4694537 0.2783995 0.4939543 0.4553916 0.4441438 
Neam       0.2659871 0.3055940 0.3451106 0.4538996 0.0000000 0.3379573 0.3585416 0.4008426 0.3711414 0.3532727 0.0928610 0.3539518 0.2317213 
RuprSFB    0.3244748 0.3960721 0.2864299 0.5564551 0.3379573 0.0000000 0.3317609 0.3266375 0.3598631 0.4242344 0.3509543 0.3607979 0.3158087 
Retr       0.3364511 0.3883078 0.3521414 0.5573739 0.3585416 0.3317609 0.0000000 0.3569675 0.3581000 0.4428612 0.3799849 0.1535190 0.3088951 
Beta       0.3944226 0.3766023 0.3486704 0.4812612 0.4008426 0.3266375 0.3569675 0.0000000 0.1399268 0.3956702 0.4205064 0.3088368 0.3362225 
Spol       0.3893826 0.4056194 0.3828083 0.4694537 0.3711414 0.3598631 0.3581000 0.1399268 0.0000000 0.4100520 0.3814303 0.2925181 0.3349492 
MJM1652    0.3485929 0.2047112 0.4571649 0.2783995 0.3532727 0.4242344 0.4428612 0.3956702 0.4100520 0.0000000 0.3905099 0.3598890 0.3246990 
NepSFB     0.3004514 0.3416161 0.3606595 0.4939543 0.0928610 0.3509543 0.3799849 0.4205064 0.3814303 0.3905099 0.0000000 0.3571439 0.2667091 
WPYJ       0.3580997 0.3208983 0.3537367 0.4553916 0.3539518 0.3607979 0.1535190 0.3088368 0.2925181 0.3598890 0.3571439 0.0000000 0.2936765 
MJM2940    0.1530188 0.2716943 0.3269149 0.4441438 0.2317213 0.3158087 0.3088951 0.3362225 0.3349492 0.3246990 0.2667091 0.2936765 0.0000000 
