13
DrolusSFB  0.0000000 0.2621363 0.3169366 0.3505880 0.1952329 0.3106494 0.3213227 0.3639092 0.3651493 0.2909753 0.1934390 0.2682132 0.1465180 
Dino       0.2621363 0.0000000 0.3500470 0.2687709 0.2162458 0.3424710 0.3519021 0.4007552 0.4265283 0.1755005 0.2229383 0.2763532 0.2507397 
MJM3360    0.3169366 0.3500470 0.0000000 0.4313098 0.2965561 0.2708135 0.3773400 0.4173598 0.4453652 0.3984613 0.3042929 0.3300186 0.3247659 
DrobinSFB  0.3505880 0.2687709 0.4313098 0.0000000 0.3342978 0.4675688 0.4459973 0.4883897 0.5203043 0.2828302 0.3490761 0.3408083 0.3843842 
Neam       0.1952329 0.2162458 0.2965561 0.3342978 0.0000000 0.2748436 0.2637653 0.3098451 0.3213878 0.2348069 0.0106671 0.1992612 0.1501660 
RuprSFB    0.3106494 0.3424710 0.2708135 0.4675688 0.2748436 0.0000000 0.3747591 0.3903511 0.3796550 0.4481252 0.2772872 0.3347568 0.3052631 
Retr       0.3213227 0.3519021 0.3773400 0.4459973 0.2637653 0.3747591 0.0000000 0.3396662 0.3073387 0.3607031 0.2646593 0.1658290 0.3043002 
Beta       0.3639092 0.4007552 0.4173598 0.4883897 0.3098451 0.3903511 0.3396662 0.0000000 0.1359765 0.4475779 0.3104327 0.2839681 0.3650440 
Spol       0.3651493 0.4265283 0.4453652 0.5203043 0.3213878 0.3796550 0.3073387 0.1359765 0.0000000 0.4620064 0.3267647 0.2988387 0.3313748 
MJM1652    0.2909753 0.1755005 0.3984613 0.2828302 0.2348069 0.4481252 0.3607031 0.4475779 0.4620064 0.0000000 0.2349823 0.3221523 0.2776912 
NepSFB     0.1934390 0.2229383 0.3042929 0.3490761 0.0106671 0.2772872 0.2646593 0.3104327 0.3267647 0.2349823 0.0000000 0.2006813 0.1455451 
WPYJ       0.2682132 0.2763532 0.3300186 0.3408083 0.1992612 0.3347568 0.1658290 0.2839681 0.2988387 0.3221523 0.2006813 0.0000000 0.2320369 
MJM2940    0.1465180 0.2507397 0.3247659 0.3843842 0.1501660 0.3052631 0.3043002 0.3650440 0.3313748 0.2776912 0.1455451 0.2320369 0.0000000 
