13
DrolusSFB  0.0000000 0.3641687 0.3622157 0.3507241 0.2929502 0.3472808 0.3432631 0.4028397 0.3903988 0.3483511 0.3021892 0.3953194 0.1872414 
Dino       0.3641687 0.0000000 0.4264329 0.2350949 0.2968023 0.3962080 0.4047476 0.4370043 0.4481204 0.2098309 0.2984175 0.4571982 0.2721575 
MJM3360    0.3622157 0.4264329 0.0000000 0.4112222 0.3497305 0.2957315 0.3985604 0.4039642 0.3797215 0.4168742 0.3632564 0.4094401 0.3279606 
DrobinSFB  0.3507241 0.2350949 0.4112222 0.0000000 0.3076560 0.3814094 0.3867721 0.4731611 0.4562875 0.2139498 0.3182296 0.4323674 0.2762997 
Neam       0.2929502 0.2968023 0.3497305 0.3076560 0.0000000 0.3105946 0.3032920 0.3607921 0.3507094 0.2977076 0.0166340 0.3257565 0.2085911 
RuprSFB    0.3472808 0.3962080 0.2957315 0.3814094 0.3105946 0.0000000 0.3510296 0.3815390 0.3946264 0.4039649 0.3153645 0.3750346 0.2951952 
Retr       0.3432631 0.4047476 0.3985604 0.3867721 0.3032920 0.3510296 0.0000000 0.3687627 0.3714181 0.3965096 0.3131570 0.1719621 0.3052828 
Beta       0.4028397 0.4370043 0.4039642 0.4731611 0.3607921 0.3815390 0.3687627 0.0000000 0.1466054 0.4491103 0.3831849 0.4060646 0.3578950 
Spol       0.3903988 0.4481204 0.3797215 0.4562875 0.3507094 0.3946264 0.3714181 0.1466054 0.0000000 0.4414160 0.3634547 0.3796787 0.3520907 
MJM1652    0.3483511 0.2098309 0.4168742 0.2139498 0.2977076 0.4039649 0.3965096 0.4491103 0.4414160 0.0000000 0.3042055 0.4422134 0.2902281 
NepSFB     0.3021892 0.2984175 0.3632564 0.3182296 0.0166340 0.3153645 0.3131570 0.3831849 0.3634547 0.3042055 0.0000000 0.3402980 0.2114604 
WPYJ       0.3953194 0.4571982 0.4094401 0.4323674 0.3257565 0.3750346 0.1719621 0.4060646 0.3796787 0.4422134 0.3402980 0.0000000 0.3668268 
MJM2940    0.1872414 0.2721575 0.3279606 0.2762997 0.2085911 0.2951952 0.3052828 0.3578950 0.3520907 0.2902281 0.2114604 0.3668268 0.0000000 
