13
DrolusSFB  0.0000000 0.2833766 0.3529115 0.3310628 0.2604018 0.3634574 0.3693001 0.3755422 0.3913902 0.3088475 0.2563959 0.3991755 0.1623713 
Dino       0.2833766 0.0000000 0.3313813 0.1381158 0.2440095 0.3586032 0.4051656 0.3943470 0.3685157 0.1355759 0.2472899 0.4159750 0.2450071 
MJM3360    0.3529115 0.3313813 0.0000000 0.3387173 0.2627693 0.2719857 0.3218884 0.3009607 0.2868525 0.3590870 0.2672418 0.3372216 0.2955021 
DrobinSFB  0.3310628 0.1381158 0.3387173 0.0000000 0.2861123 0.3451021 0.4057435 0.3805688 0.3581898 0.1836485 0.2929815 0.4214537 0.2950678 
Neam       0.2604018 0.2440095 0.2627693 0.2861123 0.0000000 0.3177688 0.3390019 0.3078358 0.3240893 0.2615649 0.0119521 0.3753224 0.1973397 
RuprSFB    0.3634574 0.3586032 0.2719857 0.3451021 0.3177688 0.0000000 0.3049377 0.3727521 0.3461568 0.3804408 0.3195967 0.3435312 0.3107682 
Retr       0.3693001 0.4051656 0.3218884 0.4057435 0.3390019 0.3049377 0.0000000 0.3400789 0.3391111 0.4067932 0.3429358 0.1490475 0.3117684 
Beta       0.3755422 0.3943470 0.3009607 0.3805688 0.3078358 0.3727521 0.3400789 0.0000000 0.1034317 0.4016988 0.3096340 0.3562052 0.3155985 
Spol       0.3913902 0.3685157 0.2868525 0.3581898 0.3240893 0.3461568 0.3391111 0.1034317 0.0000000 0.3905997 0.3236911 0.3523887 0.3225234 
MJM1652    0.3088475 0.1355759 0.3590870 0.1836485 0.2615649 0.3804408 0.4067932 0.4016988 0.3905997 0.0000000 0.2638101 0.4435084 0.2815569 
NepSFB     0.2563959 0.2472899 0.2672418 0.2929815 0.0119521 0.3195967 0.3429358 0.3096340 0.3236911 0.2638101 0.0000000 0.3758869 0.2003267 
WPYJ       0.3991755 0.4159750 0.3372216 0.4214537 0.3753224 0.3435312 0.1490475 0.3562052 0.3523887 0.4435084 0.3758869 0.0000000 0.3410409 
MJM2940    0.1623713 0.2450071 0.2955021 0.2950678 0.1973397 0.3107682 0.3117684 0.3155985 0.3225234 0.2815569 0.2003267 0.3410409 0.0000000 
