13
DrolusSFB  0.0000000 0.3230762 0.3929151 0.3442641 0.2619289 0.3874199 0.4155513 0.4090990 0.4351214 0.3347756 0.2669147 0.5008875 0.2020884 
Dino       0.3230762 0.0000000 0.4076965 0.1739297 0.2670319 0.4088471 0.5078906 0.4364084 0.4527316 0.1575783 0.2770440 0.5669863 0.2887664 
MJM3360    0.3929151 0.4076965 0.0000000 0.4323005 0.3720839 0.3628148 0.4510930 0.4596171 0.4527964 0.4372458 0.3782938 0.5114296 0.3650666 
DrobinSFB  0.3442641 0.1739297 0.4323005 0.0000000 0.2990117 0.4302069 0.5233991 0.4454666 0.4567258 0.1998900 0.3076405 0.5641783 0.3101550 
Neam       0.2619289 0.2670319 0.3720839 0.2990117 0.0000000 0.3547574 0.3766521 0.3477491 0.3647393 0.2931867 0.0125806 0.4481595 0.2012519 
RuprSFB    0.3874199 0.4088471 0.3628148 0.4302069 0.3547574 0.0000000 0.4385278 0.4328500 0.4691315 0.4271690 0.3602294 0.5446826 0.3567878 
Retr       0.4155513 0.5078906 0.4510930 0.5233991 0.3766521 0.4385278 0.0000000 0.4654332 0.4928309 0.4827554 0.3843546 0.2550628 0.3802014 
Beta       0.4090990 0.4364084 0.4596171 0.4454666 0.3477491 0.4328500 0.4654332 0.0000000 0.1657137 0.4245763 0.3565444 0.5265048 0.3676927 
Spol       0.4351214 0.4527316 0.4527964 0.4567258 0.3647393 0.4691315 0.4928309 0.1657137 0.0000000 0.4471214 0.3754389 0.5684673 0.3898110 
MJM1652    0.3347756 0.1575783 0.4372458 0.1998900 0.2931867 0.4271690 0.4827554 0.4245763 0.4471214 0.0000000 0.2999598 0.5687570 0.2941218 
NepSFB     0.2669147 0.2770440 0.3782938 0.3076405 0.0125806 0.3602294 0.3843546 0.3565444 0.3754389 0.2999598 0.0000000 0.4544070 0.2084649 
WPYJ       0.5008875 0.5669863 0.5114296 0.5641783 0.4481595 0.5446826 0.2550628 0.5265048 0.5684673 0.5687570 0.4544070 0.0000000 0.4509745 
MJM2940    0.2020884 0.2887664 0.3650666 0.3101550 0.2012519 0.3567878 0.3802014 0.3676927 0.3898110 0.2941218 0.2084649 0.4509745 0.0000000 
