13
DrolusSFB  0.0000000 0.3338517 0.4593008 0.3782035 0.2705106 0.3717968 0.3863029 0.3814704 0.3903105 0.3268581 0.2906815 0.4227514 0.1932912 
Dino       0.3338517 0.0000000 0.4646273 0.1872218 0.2947091 0.3792545 0.4587759 0.4186986 0.4293330 0.1478297 0.3164686 0.4951994 0.2795366 
MJM3360    0.4593008 0.4646273 0.0000000 0.5968070 0.3666607 0.3775529 0.5084428 0.5021481 0.5008255 0.4491766 0.4188896 0.5073191 0.4474269 
DrobinSFB  0.3782035 0.1872218 0.5968070 0.0000000 0.3314414 0.4684756 0.4898990 0.4359013 0.4510428 0.1943243 0.3711166 0.5188580 0.3426133 
Neam       0.2705106 0.2947091 0.3666607 0.3314414 0.0000000 0.3076866 0.3435523 0.3468724 0.3358178 0.3147251 0.0145567 0.3763941 0.2065946 
RuprSFB    0.3717968 0.3792545 0.3775529 0.4684756 0.3076866 0.0000000 0.4028382 0.3687938 0.3777208 0.3952505 0.3220507 0.4242233 0.3178152 
Retr       0.3863029 0.4587759 0.5084428 0.4898990 0.3435523 0.4028382 0.0000000 0.4217921 0.4285575 0.4354448 0.3684660 0.2163938 0.3595551 
Beta       0.3814704 0.4186986 0.5021481 0.4359013 0.3468724 0.3687938 0.4217921 0.0000000 0.1658739 0.4149259 0.3704173 0.4318629 0.3504359 
Spol       0.3903105 0.4293330 0.5008255 0.4510428 0.3358178 0.3777208 0.4285575 0.1658739 0.0000000 0.4228776 0.3616691 0.4410464 0.3637043 
MJM1652    0.3268581 0.1478297 0.4491766 0.1943243 0.3147251 0.3952505 0.4354448 0.4149259 0.4228776 0.0000000 0.3291727 0.4610699 0.2778477 
NepSFB     0.2906815 0.3164686 0.4188896 0.3711166 0.0145567 0.3220507 0.3684660 0.3704173 0.3616691 0.3291727 0.0000000 0.3985760 0.2263788 
WPYJ       0.4227514 0.4951994 0.5073191 0.5188580 0.3763941 0.4242233 0.2163938 0.4318629 0.4410464 0.4610699 0.3985760 0.0000000 0.3959615 
MJM2940    0.1932912 0.2795366 0.4474269 0.3426133 0.2065946 0.3178152 0.3595551 0.3504359 0.3637043 0.2778477 0.2263788 0.3959615 0.0000000 
