13
DrolusSFB  0.0000000 0.3605453 0.3934070 0.4130355 0.2665171 0.3225322 0.3283648 0.3520548 0.4085695 0.3946105 0.2710280 0.3865881 0.2591812 
Dino       0.3605453 0.0000000 0.3771192 0.2835992 0.3453825 0.3361363 0.3171397 0.3038250 0.3563227 0.2250015 0.3523398 0.3763671 0.3238728 
MJM3360    0.3934070 0.3771192 0.0000000 0.4718184 0.4124031 0.4182787 0.4315249 0.3977481 0.4770528 0.4210960 0.4161161 0.4831022 0.3757405 
DrobinSFB  0.4130355 0.2835992 0.4718184 0.0000000 0.3888332 0.3757555 0.3925928 0.3734315 0.4750044 0.3126865 0.3976119 0.4173688 0.3947690 
Neam       0.2665171 0.3453825 0.4124031 0.3888332 0.0000000 0.3035937 0.2636346 0.2989240 0.3580676 0.3590556 0.0128674 0.3401775 0.2493287 
RuprSFB    0.3225322 0.3361363 0.4182787 0.3757555 0.3035937 0.0000000 0.4033539 0.3893480 0.4592591 0.3941563 0.3104239 0.4261819 0.3191954 
Retr       0.3283648 0.3171397 0.4315249 0.3925928 0.2636346 0.4033539 0.0000000 0.3426869 0.3569981 0.3540297 0.2748964 0.1949285 0.2980008 
Beta       0.3520548 0.3038250 0.3977481 0.3734315 0.2989240 0.3893480 0.3426869 0.0000000 0.1546226 0.3892494 0.3019717 0.3841842 0.3189016 
Spol       0.4085695 0.3563227 0.4770528 0.4750044 0.3580676 0.4592591 0.3569981 0.1546226 0.0000000 0.4367776 0.3718193 0.3999752 0.3784092 
MJM1652    0.3946105 0.2250015 0.4210960 0.3126865 0.3590556 0.3941563 0.3540297 0.3892494 0.4367776 0.0000000 0.3620849 0.4220797 0.3350329 
NepSFB     0.2710280 0.3523398 0.4161161 0.3976119 0.0128674 0.3104239 0.2748964 0.3019717 0.3718193 0.3620849 0.0000000 0.3541836 0.2535290 
WPYJ       0.3865881 0.3763671 0.4831022 0.4173688 0.3401775 0.4261819 0.1949285 0.3841842 0.3999752 0.4220797 0.3541836 0.0000000 0.3618983 
MJM2940    0.2591812 0.3238728 0.3757405 0.3947690 0.2493287 0.3191954 0.2980008 0.3189016 0.3784092 0.3350329 0.2535290 0.3618983 0.0000000 
