13
DrolusSFB  0.0000000 0.3191002 0.2853723 0.2243809 0.2510908 0.2332485 0.2602351 0.1981469 0.2609783 0.3085308 0.2630161 0.2895402 0.1781728 
Dino       0.3191002 0.0000000 0.2868266 0.1359677 0.2866017 0.2538444 0.2782177 0.2394732 0.3001794 0.1503971 0.2938585 0.3130924 0.2832385 
MJM3360    0.2853723 0.2868266 0.0000000 0.3042877 0.2549125 0.2263943 0.2683385 0.2793534 0.3100415 0.2709448 0.2654869 0.3388521 0.2626496 
DrobinSFB  0.2243809 0.1359677 0.3042877 0.0000000 0.2333704 0.3004540 0.2768136 0.2729922 0.3339285 0.1414818 0.2492410 0.3482889 0.2272487 
Neam       0.2510908 0.2866017 0.2549125 0.2333704 0.0000000 0.2275789 0.2546526 0.2235532 0.2652996 0.2727374 0.0129272 0.2888830 0.2234779 
RuprSFB    0.2332485 0.2538444 0.2263943 0.3004540 0.2275789 0.0000000 0.3020391 0.2693255 0.2985955 0.2703192 0.2369240 0.3465912 0.2234282 
Retr       0.2602351 0.2782177 0.2683385 0.2768136 0.2546526 0.3020391 0.0000000 0.2878146 0.2885423 0.2634694 0.2614948 0.1784015 0.2604343 
Beta       0.1981469 0.2394732 0.2793534 0.2729922 0.2235532 0.2693255 0.2878146 0.0000000 0.1085808 0.2838092 0.2293955 0.3356760 0.2074993 
Spol       0.2609783 0.3001794 0.3100415 0.3339285 0.2652996 0.2985955 0.2885423 0.1085808 0.0000000 0.3352109 0.2720608 0.3205131 0.2615239 
MJM1652    0.3085308 0.1503971 0.2709448 0.1414818 0.2727374 0.2703192 0.2634694 0.2838092 0.3352109 0.0000000 0.2789950 0.3236085 0.2788685 
NepSFB     0.2630161 0.2938585 0.2654869 0.2492410 0.0129272 0.2369240 0.2614948 0.2293955 0.2720608 0.2789950 0.0000000 0.2981350 0.2340125 
WPYJ       0.2895402 0.3130924 0.3388521 0.3482889 0.2888830 0.3465912 0.1784015 0.3356760 0.3205131 0.3236085 0.2981350 0.0000000 0.2848095 
MJM2940    0.1781728 0.2832385 0.2626496 0.2272487 0.2234779 0.2234282 0.2604343 0.2074993 0.2615239 0.2788685 0.2340125 0.2848095 0.0000000 
