13
DrolusSFB  0.0000000 0.3491353 0.3470022 0.3763956 0.2663888 0.3155855 0.2969820 0.4094166 0.3718827 0.4298581 0.2831229 0.3700126 0.1741903 
Dino       0.3491353 0.0000000 0.4144239 0.3206812 0.2788311 0.3400581 0.3549521 0.4504925 0.3791917 0.2013276 0.2993852 0.4310587 0.2782501 
MJM3360    0.3470022 0.4144239 0.0000000 0.4284304 0.3123456 0.2808498 0.3516562 0.4650923 0.4016672 0.4038800 0.3316896 0.4423727 0.3395027 
DrobinSFB  0.3763956 0.3206812 0.4284304 0.0000000 0.3078213 0.3624721 0.3583690 0.4441918 0.4190458 0.3227553 0.3233566 0.4107788 0.3248506 
Neam       0.2663888 0.2788311 0.3123456 0.3078213 0.0000000 0.2272788 0.2657080 0.3920902 0.3639408 0.3065030 0.0178067 0.3427440 0.2048495 
RuprSFB    0.3155855 0.3400581 0.2808498 0.3624721 0.2272788 0.0000000 0.2890488 0.3943494 0.3405654 0.3595232 0.2435832 0.3596142 0.2396136 
Retr       0.2969820 0.3549521 0.3516562 0.3583690 0.2657080 0.2890488 0.0000000 0.3556344 0.3352587 0.4349994 0.2706797 0.2405400 0.2540876 
Beta       0.4094166 0.4504925 0.4650923 0.4441918 0.3920902 0.3943494 0.3556344 0.0000000 0.1436715 0.4803560 0.4155989 0.4295792 0.3451956 
Spol       0.3718827 0.3791917 0.4016672 0.4190458 0.3639408 0.3405654 0.3352587 0.1436715 0.0000000 0.4252039 0.3898372 0.4362916 0.3013290 
MJM1652    0.4298581 0.2013276 0.4038800 0.3227553 0.3065030 0.3595232 0.4349994 0.4803560 0.4252039 0.0000000 0.3214411 0.4587814 0.3354053 
NepSFB     0.2831229 0.2993852 0.3316896 0.3233566 0.0178067 0.2435832 0.2706797 0.4155989 0.3898372 0.3214411 0.0000000 0.3529707 0.2147097 
WPYJ       0.3700126 0.4310587 0.4423727 0.4107788 0.3427440 0.3596142 0.2405400 0.4295792 0.4362916 0.4587814 0.3529707 0.0000000 0.3342500 
MJM2940    0.1741903 0.2782501 0.3395027 0.3248506 0.2048495 0.2396136 0.2540876 0.3451956 0.3013290 0.3354053 0.2147097 0.3342500 0.0000000 
