13
DrolusSFB  0.0000000 0.3538357 0.3559831 0.3712348 0.2684715 0.2663606 0.2740971 0.2610916 0.3254230 0.2691352 0.2737990 0.2145360 0.1822311 
Dino       0.3538357 0.0000000 0.3707754 0.2312098 0.3435462 0.3368991 0.3343929 0.2976995 0.3566150 0.2264064 0.3482381 0.3056616 0.3485399 
MJM3360    0.3559831 0.3707754 0.0000000 0.3429750 0.3612206 0.2495890 0.3319366 0.3584964 0.3581261 0.3804668 0.3576315 0.2750705 0.3074629 
DrobinSFB  0.3712348 0.2312098 0.3429750 0.0000000 0.3872856 0.3576580 0.3388433 0.3150060 0.3574905 0.2469712 0.3971557 0.2607820 0.3608191 
Neam       0.2684715 0.3435462 0.3612206 0.3872856 0.0000000 0.2822631 0.3075116 0.2732372 0.3585476 0.2671222 0.0269358 0.2290741 0.2507482 
RuprSFB    0.2663606 0.3368991 0.2495890 0.3576580 0.2822631 0.0000000 0.2780954 0.2792908 0.2958647 0.3016185 0.2726954 0.2472904 0.2179240 
Retr       0.2740971 0.3343929 0.3319366 0.3388433 0.3075116 0.2780954 0.0000000 0.3110599 0.3012646 0.3225716 0.2976573 0.1640113 0.2594158 
Beta       0.2610916 0.2976995 0.3584964 0.3150060 0.2732372 0.2792908 0.3110599 0.0000000 0.1337095 0.3052050 0.2727411 0.2660248 0.2921867 
Spol       0.3254230 0.3566150 0.3581261 0.3574905 0.3585476 0.2958647 0.3012646 0.1337095 0.0000000 0.3358791 0.3460336 0.2523926 0.3113005 
MJM1652    0.2691352 0.2264064 0.3804668 0.2469712 0.2671222 0.3016185 0.3225716 0.3052050 0.3358791 0.0000000 0.2834842 0.2684264 0.2721163 
NepSFB     0.2737990 0.3482381 0.3576315 0.3971557 0.0269358 0.2726954 0.2976573 0.2727411 0.3460336 0.2834842 0.0000000 0.2301299 0.2563844 
WPYJ       0.2145360 0.3056616 0.2750705 0.2607820 0.2290741 0.2472904 0.1640113 0.2660248 0.2523926 0.2684264 0.2301299 0.0000000 0.1951362 
MJM2940    0.1822311 0.3485399 0.3074629 0.3608191 0.2507482 0.2179240 0.2594158 0.2921867 0.3113005 0.2721163 0.2563844 0.1951362 0.0000000 
