13
DrolusSFB  0.0000000 0.3570435 0.3070333 0.3157328 0.2793604 0.3562005 0.3584340 0.3673517 0.3783870 0.3236998 0.2824315 0.3894858 0.2058392 
Dino       0.3570435 0.0000000 0.3509439 0.1986672 0.3369616 0.3584550 0.4224717 0.4179129 0.4156870 0.1928818 0.3415464 0.5165812 0.3670804 
MJM3360    0.3070333 0.3509439 0.0000000 0.3538679 0.3187323 0.2583720 0.3793754 0.3914473 0.3597362 0.3743835 0.3111721 0.3909209 0.2917562 
DrobinSFB  0.3157328 0.1986672 0.3538679 0.0000000 0.2952982 0.4005353 0.4529598 0.4209659 0.3806925 0.2242244 0.2902518 0.4946257 0.2748459 
Neam       0.2793604 0.3369616 0.3187323 0.2952982 0.0000000 0.3224119 0.3457722 0.3750947 0.3591252 0.3095975 0.0140240 0.3861290 0.2247456 
RuprSFB    0.3562005 0.3584550 0.2583720 0.4005353 0.3224119 0.0000000 0.4097667 0.4204763 0.3956334 0.3900131 0.3236801 0.4504748 0.3431561 
Retr       0.3584340 0.4224717 0.3793754 0.4529598 0.3457722 0.4097667 0.0000000 0.3725986 0.3743781 0.4287033 0.3467378 0.2326654 0.3359449 
Beta       0.3673517 0.4179129 0.3914473 0.4209659 0.3750947 0.4204763 0.3725986 0.0000000 0.1386440 0.5079151 0.3736974 0.4800247 0.3747495 
Spol       0.3783870 0.4156870 0.3597362 0.3806925 0.3591252 0.3956334 0.3743781 0.1386440 0.0000000 0.4891601 0.3721982 0.4698656 0.3464582 
MJM1652    0.3236998 0.1928818 0.3743835 0.2242244 0.3095975 0.3900131 0.4287033 0.5079151 0.4891601 0.0000000 0.3173915 0.5330775 0.3273067 
NepSFB     0.2824315 0.3415464 0.3111721 0.2902518 0.0140240 0.3236801 0.3467378 0.3736974 0.3721982 0.3173915 0.0000000 0.3915058 0.2346182 
WPYJ       0.3894858 0.5165812 0.3909209 0.4946257 0.3861290 0.4504748 0.2326654 0.4800247 0.4698656 0.5330775 0.3915058 0.0000000 0.3723521 
MJM2940    0.2058392 0.3670804 0.2917562 0.2748459 0.2247456 0.3431561 0.3359449 0.3747495 0.3464582 0.3273067 0.2346182 0.3723521 0.0000000 
