13
DrolusSFB  0.0000000 0.3411210 0.4072266 0.3698248 0.2559367 0.4038037 0.3958157 0.4077226 0.3856306 0.3500437 0.2588010 0.3882905 0.1938570 
Dino       0.3411210 0.0000000 0.4036545 0.1653152 0.2670833 0.3636703 0.4035392 0.4147923 0.3754737 0.1238369 0.2729656 0.3704957 0.2813070 
MJM3360    0.4072266 0.4036545 0.0000000 0.4661343 0.3319627 0.3101325 0.3999255 0.4160477 0.3783443 0.4578099 0.3228939 0.3989208 0.3617396 
DrobinSFB  0.3698248 0.1653152 0.4661343 0.0000000 0.2918241 0.4287648 0.4438418 0.4445291 0.4001182 0.2022311 0.2970408 0.4228589 0.3336878 
Neam       0.2559367 0.2670833 0.3319627 0.2918241 0.0000000 0.3425667 0.3484849 0.3630384 0.3327991 0.2913266 0.0116419 0.3282625 0.1952877 
RuprSFB    0.4038037 0.3636703 0.3101325 0.4287648 0.3425667 0.0000000 0.3822484 0.4028018 0.3767687 0.4291643 0.3499997 0.3606819 0.3527331 
Retr       0.3958157 0.4035392 0.3999255 0.4438418 0.3484849 0.3822484 0.0000000 0.4047618 0.3769945 0.4398246 0.3521990 0.1983431 0.3639752 
Beta       0.4077226 0.4147923 0.4160477 0.4445291 0.3630384 0.4028018 0.4047618 0.0000000 0.1439271 0.4466756 0.3624657 0.3828323 0.3683850 
Spol       0.3856306 0.3754737 0.3783443 0.4001182 0.3327991 0.3767687 0.3769945 0.1439271 0.0000000 0.4086174 0.3297111 0.3846883 0.3281065 
MJM1652    0.3500437 0.1238369 0.4578099 0.2022311 0.2913266 0.4291643 0.4398246 0.4466756 0.4086174 0.0000000 0.2964583 0.4017003 0.3225519 
NepSFB     0.2588010 0.2729656 0.3228939 0.2970408 0.0116419 0.3499997 0.3521990 0.3624657 0.3297111 0.2964583 0.0000000 0.3339295 0.2028720 
WPYJ       0.3882905 0.3704957 0.3989208 0.4228589 0.3282625 0.3606819 0.1983431 0.3828323 0.3846883 0.4017003 0.3339295 0.0000000 0.3233793 
MJM2940    0.1938570 0.2813070 0.3617396 0.3336878 0.1952877 0.3527331 0.3639752 0.3683850 0.3281065 0.3225519 0.2028720 0.3233793 0.0000000 
