13
DrolusSFB  0.0000000 0.2328271 0.3747046 0.3615153 0.2492079 0.3895969 0.4940385 0.3826357 0.3840843 0.3534466 0.2520263 0.6129087 0.1760846 
Dino       0.2328271 0.0000000 0.3236382 0.2460195 0.2240462 0.2890750 0.6164250 0.2989776 0.3076064 0.1511070 0.2240733 9.0000000 0.2029847 
MJM3360    0.3747046 0.3236382 0.0000000 0.4421492 0.3301093 0.2754904 0.4566517 0.4145885 0.4016868 0.4212627 0.3325675 0.5272647 0.3114830 
DrobinSFB  0.3615153 0.2460195 0.4421492 0.0000000 0.3243931 0.4509584 0.4859585 0.4450063 0.4530645 0.2865796 0.3330212 0.6377678 0.3120006 
Neam       0.2492079 0.2240462 0.3301093 0.3243931 0.0000000 0.3504098 0.4062285 0.3257423 0.3540585 0.3060238 0.0106441 0.5251623 0.1875931 
RuprSFB    0.3895969 0.2890750 0.2754904 0.4509584 0.3504098 0.0000000 0.5142955 0.4546470 0.4496893 0.4540695 0.3588690 0.6321121 0.3356035 
Retr       0.4940385 0.6164250 0.4566517 0.4859585 0.4062285 0.5142955 0.0000000 0.4968281 0.5443815 0.5319150 0.4237018 0.2122491 0.3922901 
Beta       0.3826357 0.2989776 0.4145885 0.4450063 0.3257423 0.4546470 0.4968281 0.0000000 0.1069937 0.4305440 0.3310495 0.6350933 0.3116205 
Spol       0.3840843 0.3076064 0.4016868 0.4530645 0.3540585 0.4496893 0.5443815 0.1069937 0.0000000 0.4364694 0.3558737 0.6883470 0.3240458 
MJM1652    0.3534466 0.1511070 0.4212627 0.2865796 0.3060238 0.4540695 0.5319150 0.4305440 0.4364694 0.0000000 0.3098267 0.6633315 0.2976419 
NepSFB     0.2520263 0.2240733 0.3325675 0.3330212 0.0106441 0.3588690 0.4237018 0.3310495 0.3558737 0.3098267 0.0000000 0.5407944 0.1891532 
WPYJ       0.6129087 9.0000000 0.5272647 0.6377678 0.5251623 0.6321121 0.2122491 0.6350933 0.6883470 0.6633315 0.5407944 0.0000000 0.4779025 
MJM2940    0.1760846 0.2029847 0.3114830 0.3120006 0.1875931 0.3356035 0.3922901 0.3116205 0.3240458 0.2976419 0.1891532 0.4779025 0.0000000 
