13
DrolusSFB  0.0000000 0.2869759 0.3802050 0.3171785 0.2397925 0.3762739 0.3849127 0.3791849 0.3809135 0.3108085 0.2391480 0.4314881 0.1755467 
Dino       0.2869759 0.0000000 0.3721752 0.1604081 0.2492874 0.3632977 0.3809666 0.3769216 0.3812596 0.1336710 0.2459770 0.4192891 0.2412602 
MJM3360    0.3802050 0.3721752 0.0000000 0.4116289 0.3367320 0.3059806 0.3875292 0.4181332 0.4070047 0.3999191 0.3364180 0.4477225 0.3451742 
DrobinSFB  0.3171785 0.1604081 0.4116289 0.0000000 0.2731044 0.3983800 0.4551874 0.4100463 0.4120036 0.1914480 0.2676769 0.4457081 0.2770828 
Neam       0.2397925 0.2492874 0.3367320 0.2731044 0.0000000 0.3310090 0.3468235 0.3536186 0.3407308 0.2716148 0.0083238 0.3785207 0.1892631 
RuprSFB    0.3762739 0.3632977 0.3059806 0.3983800 0.3310090 0.0000000 0.3499707 0.3980650 0.3983784 0.3835646 0.3311796 0.4415926 0.3359330 
Retr       0.3849127 0.3809666 0.3875292 0.4551874 0.3468235 0.3499707 0.0000000 0.3957453 0.3817845 0.4244302 0.3449338 0.1935629 0.3258618 
Beta       0.3791849 0.3769216 0.4181332 0.4100463 0.3536186 0.3980650 0.3957453 0.0000000 0.1395987 0.4096535 0.3537507 0.4370522 0.3353148 
Spol       0.3809135 0.3812596 0.4070047 0.4120036 0.3407308 0.3983784 0.3817845 0.1395987 0.0000000 0.4015538 0.3402524 0.4256879 0.3412556 
MJM1652    0.3108085 0.1336710 0.3999191 0.1914480 0.2716148 0.3835646 0.4244302 0.4096535 0.4015538 0.0000000 0.2692163 0.4772857 0.2638981 
NepSFB     0.2391480 0.2459770 0.3364180 0.2676769 0.0083238 0.3311796 0.3449338 0.3537507 0.3402524 0.2692163 0.0000000 0.3695236 0.1862360 
WPYJ       0.4314881 0.4192891 0.4477225 0.4457081 0.3785207 0.4415926 0.1935629 0.4370522 0.4256879 0.4772857 0.3695236 0.0000000 0.3719210 
MJM2940    0.1755467 0.2412602 0.3451742 0.2770828 0.1892631 0.3359330 0.3258618 0.3353148 0.3412556 0.2638981 0.1862360 0.3719210 0.0000000 
