13
DrolusSFB  0.0000000 0.2909647 0.4610825 0.3989484 0.2430777 0.3007246 0.2963092 0.3574708 0.3880258 0.3241798 0.2459201 0.2754723 0.1925403 
Dino       0.2909647 0.0000000 0.3739093 0.2960681 0.2367650 0.2789478 0.3191767 0.3304334 0.3564292 0.1329058 0.2357446 0.2984485 0.2168382 
MJM3360    0.4610825 0.3739093 0.0000000 0.4704427 0.4074658 0.3501598 0.4371956 0.4535164 0.4500761 0.4312718 0.4088818 0.3993570 0.3951347 
DrobinSFB  0.3989484 0.2960681 0.4704427 0.0000000 0.3306862 0.4413267 0.4224394 0.3878136 0.4137651 0.2890528 0.3333367 0.3372256 0.3338642 
Neam       0.2430777 0.2367650 0.4074658 0.3306862 0.0000000 0.2732023 0.2926640 0.3305075 0.3801239 0.2218431 0.0134484 0.2526789 0.1918506 
RuprSFB    0.3007246 0.2789478 0.3501598 0.4413267 0.2732023 0.0000000 0.3087365 0.2909740 0.3179547 0.3081438 0.2752743 0.2453768 0.2578539 
Retr       0.2963092 0.3191767 0.4371956 0.4224394 0.2926640 0.3087365 0.0000000 0.2898083 0.3214979 0.3055122 0.2976959 0.1487502 0.2705401 
Beta       0.3574708 0.3304334 0.4535164 0.3878136 0.3305075 0.2909740 0.2898083 0.0000000 0.1809783 0.3298450 0.3293019 0.2941151 0.3256424 
Spol       0.3880258 0.3564292 0.4500761 0.4137651 0.3801239 0.3179547 0.3214979 0.1809783 0.0000000 0.3729804 0.3798066 0.3018112 0.3311070 
MJM1652    0.3241798 0.1329058 0.4312718 0.2890528 0.2218431 0.3081438 0.3055122 0.3298450 0.3729804 0.0000000 0.2256493 0.2966853 0.2294594 
NepSFB     0.2459201 0.2357446 0.4088818 0.3333367 0.0134484 0.2752743 0.2976959 0.3293019 0.3798066 0.2256493 0.0000000 0.2519988 0.1882690 
WPYJ       0.2754723 0.2984485 0.3993570 0.3372256 0.2526789 0.2453768 0.1487502 0.2941151 0.3018112 0.2966853 0.2519988 0.0000000 0.2141866 
MJM2940    0.1925403 0.2168382 0.3951347 0.3338642 0.1918506 0.2578539 0.2705401 0.3256424 0.3311070 0.2294594 0.1882690 0.2141866 0.0000000 
