13
DrolusSFB  0.0000000 0.2843791 0.3304505 0.2998974 0.2251360 0.3306567 0.2601353 0.3651632 0.3865774 0.3136559 0.2362553 0.3517301 0.1451103 
Dino       0.2843791 0.0000000 0.4571945 0.1754699 0.3025004 0.4161958 0.3390513 0.4700588 0.4909951 0.1672470 0.3093882 0.4102209 0.2859768 
MJM3360    0.3304505 0.4571945 0.0000000 0.4549365 0.3670679 0.3061016 0.3093532 0.5044568 0.5200791 0.4731014 0.3691867 0.4208412 0.3470715 
DrobinSFB  0.2998974 0.1754699 0.4549365 0.0000000 0.3141466 0.4191070 0.3255558 0.4695708 0.4788356 0.2249558 0.3045643 0.3961302 0.2982995 
Neam       0.2251360 0.3025004 0.3670679 0.3141466 0.0000000 0.3438262 0.2443465 0.4081354 0.4106599 0.3339597 0.1093615 0.3041054 0.2047768 
RuprSFB    0.3306567 0.4161958 0.3061016 0.4191070 0.3438262 0.0000000 0.2744956 0.4704050 0.4752217 0.4561641 0.3464306 0.3742886 0.3177747 
Retr       0.2601353 0.3390513 0.3093532 0.3255558 0.2443465 0.2744956 0.0000000 0.3041901 0.3163178 0.3331912 0.2318639 0.1626415 0.2115814 
Beta       0.3651632 0.4700588 0.5044568 0.4695708 0.4081354 0.4704050 0.3041901 0.0000000 0.1676906 0.4887516 0.4212059 0.3778268 0.3601815 
Spol       0.3865774 0.4909951 0.5200791 0.4788356 0.4106599 0.4752217 0.3163178 0.1676906 0.0000000 0.4951964 0.4295522 0.3963693 0.3917011 
MJM1652    0.3136559 0.1672470 0.4731014 0.2249558 0.3339597 0.4561641 0.3331912 0.4887516 0.4951964 0.0000000 0.3374863 0.3889502 0.3225522 
NepSFB     0.2362553 0.3093882 0.3691867 0.3045643 0.1093615 0.3464306 0.2318639 0.4212059 0.4295522 0.3374863 0.0000000 0.3060863 0.2158264 
WPYJ       0.3517301 0.4102209 0.4208412 0.3961302 0.3041054 0.3742886 0.1626415 0.3778268 0.3963693 0.3889502 0.3060863 0.0000000 0.2824818 
MJM2940    0.1451103 0.2859768 0.3470715 0.2982995 0.2047768 0.3177747 0.2115814 0.3601815 0.3917011 0.3225522 0.2158264 0.2824818 0.0000000 
